N: L: Density:Noise: 2,0
Time	 Va	
0,16077269592908153
0,07688624719800953
0,16822259221671962
0,1538703072303485
0,08594557273332779
0,038545529950836245
0,10765345884152253
0,07451222952190038
0,12034784616394388
0,13546126883097878
0,13434119875695597
0,11766736916274609
0,05851262209208965
0,10305176741527804
0,0473097626403739
0,0324428490275892
0,05558277189280169
0,09177355034702384
0,0988172131549029
0,17619701210259184
0,11879164978163963
0,20364653332611368
0,2235384623335139
0,14196988354451417
0,17945916801985334
0,2603795221703352
0,23825277994130217
0,19610658131271955
0,12629323981847398
0,3014144908799676
0,3141955791403114
0,27020845318779857
0,2589915060153741
0,21332040783220482
0,20656734548000288
0,21016185054859837
0,19170466678154618
0,17036197820926924
0,22931424618555402
0,3312909871598811
0,33033330079485573
0,39193156698449794
0,45649662311130784
0,37112785018371724
0,27251259915383563
0,20786493263409245
0,2937783912011602
0,29207584431714495
0,22103577949096428
0,24445101263736455
0,14159636876710477
0,2095557825100379
0,2507364664922918
0,16996677435023588
0,20172383059356588
0,0991588692246786
0,13424939505363315
0,22789004729688503
0,22923301164230944
0,3268508536895833
0,28728881985523314
0,26590051861740643
0,21479009168684957
0,28436140766834905
0,3234660406215327
0,36089416309520705
0,2299527739611925
0,25230025816865
0,28786274908280773
0,4465028010228516
0,48382269574973236
0,44594360859149496
0,41804289588167015
0,47711297722196394
0,4396211323235367
0,39178362738953204
0,46215499353074735
0,5081288420170021
0,5705530568362518
0,37585159820090036
0,319642716761056
0,35518673797355377
0,16801515767854144
0,2398297316483777
0,1277117475985567
0,17988850603468437
0,18670374960143638
0,12612200050659914
0,23668394510993568
0,21080107446682128
0,1728676282739762
0,26836989584964527
0,3357388103615222
0,4066597158619179
0,40410647122254306
0,4187655970575512
0,31203749070114706
0,30878663487342645
0,1558799940442482
0,28583086700396904
0,3059662410082496
0,34179727281780176
0,3262895047879078
0,2883269824930931
0,21486908948790467
0,17607886801211375
0,19073033106682272
0,12884525709275613
0,20744968214135195
0,15164610747070176
0,19693790725693566
0,14828315695104338
0,2518532644557276
0,32723319237048987
0,3320265433103644
0,24742155536361102
0,23420252329685065
0,22177174065577404
0,15627142408667347
0,16765749251006615
0,2512292089231896
0,26924194478645597
0,22742060690522595
0,31990921307056663
0,23125250352770135
0,25937445341729626
0,3048904502249041
0,28749933043341797
0,24181156348140276
0,14452404718660125
0,15295519569024382
0,10408894330043592
0,07337163008417952
0,0940050105850892
0,2410581479117533
0,2264587466521519
0,21532242612428862
0,33849780484508607
0,34795153177818416
0,30804309418124637
0,3015245574452175
0,3820608492331516
0,33815230814862474
0,31852004552058244
0,35786147169616067
0,22824585844781944
0,14553113036368434
0,16281092184332088
0,23576506332007222
0,12002285793160271
0,14925250372743318
0,1689875665663658
0,13228009690247097
0,18803799863321619
0,17091947021200476
0,2183565835432516
0,26560007080746756
0,21645522961395108
0,16914567335339412
0,14515394221014524
0,13204279529606402
0,11762888792740747
0,07288759313274647
0,06884126588848637
0,14089895535426677
0,11820235446841457
0,06903566220244164
0,1227512445972701
0,1308010271862023
0,09016405502792879
0,21744729444195782
0,20186577302803108
0,1192417361403708
0,19307846206840915
0,1679474162534083
0,1088653100520016
0,11174655733199414
0,08813276845912726
0,09602582791257429
0,09001200467933486
0,11890560701428086
0,12929520960271385
0,09889310197891028
0,08343803449491712
0,1441727813301471
0,08931350771169792
0,11017478403488688
0,19501363240197417
0,13956249064165321
0,2307478423684858
0,2535946019454358
0,2200657379858204
0,2072704358406799
0,13295626807609792
0,27141372598475916
0,21642021374816886
0,10255151351403266
0,17095735489856217
0,15905183387833027
0,20494933664832998
0,21560161725755095
0,18241273353882653
0,284100424039158
0,2215243330857148
0,2559027286345341
0,11694726989561915
0,07629247345537427
0,1388367896109666
0,15876681263315867
0,17418446342927957
0,14049777132309466
0,14327753230701992
0,1067913313506054
0,07498673376186972
0,11241598776240133
0,21564762507263058
0,11913210358081597
0,10906343882959585
0,05984954670583861
0,24724153979712854
0,28783830646019604
0,2660155986042355
0,3040473448357325
0,25645953493795165
0,36250307722326996
0,3143836260697834
0,2362668017901949
0,23999318125517327
0,19092066809128114
0,110215650702318
0,15178090472536176
0,2049161084817976
0,17291773738469823
0,24033399446901454
0,11739144544552947
0,009976758965520745
0,08101138983741081
0,032515762604703055
0,15629725864058258
0,20427868755665962
0,1625697958720691
0,14069151917746206
0,21106400295904504
0,15738663463310232
0,45800728115273376
0,4726513524262667
0,5578440352072125
0,6263733601318244
0,4717362494121896
0,25478499629623064
0,18957512083458625
0,11812210517063955
0,29708726107637623
0,14095109113482698
0,07231233263145144
0,1761475447628515
0,24690073243515212
0,25700229092170473
0,30924911344920564
0,3138275370949423
0,335710812252293
0,1673653916133299
0,1633783146826232
0,12278531160786905
0,12538800464958208
0,17806396308857927
0,10728423508232313
0,16319497134820563
0,22737332445919384
0,1774912251441803
0,1848203048708432
0,17161625456130797
0,020844732987883773
0,1187392425431473
0,09895862928008012
0,08014753133741581
0,06269967875488754
0,08672093383566613
0,02561185274204468
0,08581556585450101
0,08335526578820547
0,14398523778860153
0,1364402931862045
0,23974118913559472
0,19146106293111795
0,14349028887476095
0,23431812642331715
0,23116814589937637
0,17495011024167695
0,14274169677205822
0,2644704610075132
0,3434640939691517
0,21740927304102975
0,10811564498587041
0,14990967298839772
0,25450220455072126
0,30353828571214614
0,29303840649319596
0,18142822659635457
0,2284490777323563
0,3088011069326844
0,25213928247575546
0,3409774306552725
0,30221955418204927
0,29795634908619956
0,23441453327881784
0,1250678987030122
0,20060393125450923
0,23762166869475942
0,1574647650956013
0,13370781413363522
0,17584509324942107
0,2531939832604105
0,25861525613959807
0,2422298542267596
0,3121177906698252
0,2802102217016968
0,2900088339485556
0,3462958961598173
0,2915801734374735
0,24588030951214485
0,4689373336343085
0,48689979137567135
0,5099148454282321
0,5365650224947657
0,40758061689602176
0,3171260001168505
0,3483888145242619
0,3876564569509293
0,443278256393978
0,4373905498164938
0,3974500270084895
0,42846453778812293
0,43354369268993403
0,4425353458663949
0,515552595594965
0,5858816579496638
0,5947842595246822
0,54021460429453
0,583370646624644
0,6059825129403335
0,6502785756149648
0,6354871342202641
0,5468443458714157
0,4666470470180857
0,43608214917108207
0,4075225711970036
0,40842993520247983
0,36047318222339025
0,32150393585529446
0,30690280023974686
0,3591532264707303
0,4318899873648158
0,44988703264138924
0,5204326973735451
0,38502124168955015
0,38325424378292955
0,36630791260427653
0,28970992793743916
0,437119138173258
0,3446477913748947
0,4093469015889618
0,2991854051847817
0,16483702424546923
0,1142230640700084
0,1875928592292225
0,12987512367491552
0,05876317726481184
0,169857888287772
0,0031740003258638834
0,14833055176228824
0,18908303400048154
0,13169218388223397
0,14121847087685344
0,20783380467176907
0,2392687653404226
0,22929404563838265
0,1850904763250348
0,25983451752275216
0,2724437878342172
0,19158659353551669
0,2776576202952495
0,40008903912158794
0,4106189366797872
0,41863099501149104
0,2450565547926308
0,33752961025620554
0,41544437262977585
0,3366196985101289
0,35649011798518576
0,27181450970004334
0,4185765527294748
0,4083702938922215
0,3853936162457318
0,2602578069211733
0,2669628651071886
0,27615078922481656
0,18039860316356274
0,31929736453767854
0,310678816123298
0,268675732244973
0,2806929818210588
0,23662187057258416
0,2841737837402383
0,2598098244515119
0,3383583754481937
0,23234470952232392
0,18264978500298742
0,19640415286931584
0,28799841582762364
0,2145935993944993
0,23026890977570907
0,3590200769833319
0,3774336236449379
0,35001836130988656
0,3122480197031729
0,2896216535719558
0,2776655930795995
0,42052333487235677
0,2766314439989148
0,26357734941654853
0,18314752122269953
0,15093380011421834
0,1358083823537989
0,2694342015020576
0,27927168007042386
0,2436856806420989
0,30188017455779365
0,2748177653724722
0,20458524578143827
0,21589734612983094
0,0830880176645125
0,09830762691186172
0,05434641501977015
0,0616200703837901
0,16926157302821904
0,1893285642360527
0,06158175731661286
0,1473495575361776
0,15957779213241247
0,15991476455829767
0,16628200521946743
0,3878046204313244
0,29243762581451216
0,21264512637978072
0,1891507047420897
0,16839045799035074
0,11859040447620454
0,16886677515304077
0,2192163678061399
0,16816842302624915
0,18205885356903642
0,17666698119559898
0,20704851313897216
0,18345081495834187
0,26599923849581203
0,19210081062369316
0,09101041116907917
0,14818457844130117
0,20267407884224387
0,12974299329451824
0,0879345289625884
0,15534346131443966
0,18259557205439006
0,1876213919524296
0,25233064504322417
0,16096134415379534
0,12279673630106942
0,23824364834989098
0,15598394778311667
0,19875170288207641
0,15541176304668927
0,07221726047950242
0,16448953774157354
0,19106870598950154
0,2629866117972728
0,24391928435969987
0,25309989179716746
0,18942128782002493
0,2688223006326166
0,1986716506336495
0,2462570282560316
0,3040997910689878
0,2833176210894459
0,28363417287957426
0,18983461396641033
0,18685771323129247
0,18514488460487163
0,26024161499204135
0,21615658362254905
0,3512043506556392
0,4095728818552386
0,3880337546801132
0,38388631601953244
0,37063159938499557
0,3568888328963918
0,40239457342178336
0,31383156501851245
0,3763006460460131
0,33669230557589985
0,22841029856680878
0,20924930320185356
0,22681824276095947
0,35045924360340813
0,3310030896274687
0,33030319330938535
0,30147011223044884
0,2352036072863166
0,34509301526913877
0,40113863137225003
0,4706477800055518
0,4211312959160912
0,47925797751167387
0,47521929621712816
0,5131979148622966
0,5048004280517252
0,5426734795415665
0,44013137806472125
0,353768674983219
0,3544224585015432
0,3369721791589672
0,4108857559735513
0,4395680285028828
0,4277059614777014
0,3265793451620153
0,3135840262455967
0,2611472314834631
0,20780422706663418
0,14210108728994758
0,06892796843407555
0,1178482042345006
0,016739820376975977
0,04563374981864545
0,09479464768261353
0,09454822709421012
0,08976292071730026
0,07902240773613414
0,12190785083491637
0,17136810647945053
0,11456055535398638
0,13729670160116975
0,05899521956805866
0,19224366543294588
0,10001861348525631
0,15370038438675346
0,19744724442523956
0,23365874875908285
0,26582397455922424
0,31818821643472867
0,3127111482110756
0,304526669307562
0,4060445777497564
0,2736511448456473
0,3198329939712527
0,3963862179141031
0,4007460101457236
0,3465047003826295
0,3544280221599628
0,3475783392351476
0,2899776667348891
0,32429068371708775
0,3413554960908233
0,3711887401302174
0,2985489278375313
0,0777763969604665
0,12983637251711475
0,08630852225054157
0,13879051043316398
0,1445466592625488
0,15613801590024687
0,156351866218436
0,1188394461161879
0,08639727947003216
0,2100721791940384
0,12018776473170757
0,13589161611289793
0,18704713012476487
0,2525262231809298
0,235392657979824
0,3512610917241367
0,3551652737616518
0,3690461501977545
0,37318531799241444
0,25123776071743237
0,3605251960531153
0,3668849239973675
0,47232685642983435
0,5270844713991644
0,5260968125746094
0,3842046596323187
0,501977338898546
0,40491288582584745
0,4139957639929373
0,3804241756241865
0,3685236793968239
0,3129043080297632
0,2784413730054856
0,1551407056196205
0,030145780275441295
0,08437077843007028
0,12231579975423974
0,1826152222916477
0,21388753803905228
0,1397259246046618
0,2132787110987672
0,24504965258696768
0,19639109961283557
0,18540235267701186
0,26612104255737973
0,23100019201699862
0,25331851574970876
0,26821634014542556
0,16739934317023192
0,21319713702443693
0,1066264701962122
0,22524266364307852
0,15743906418537565
0,1519612325696674
0,10108223116608263
0,18402270880661384
0,2803062972577793
0,2288939227929285
0,2930759648311085
0,25580943228775976
0,3254224869812224
0,29772220469826804
0,2991172853035719
0,2993264406208592
0,24807679548044184
0,25651596220432676
0,22623106448992186
0,2823032155237397
0,2666783562210047
0,19227939353139228
0,13879539158304868
0,09559080657625343
0,09569511679801991
0,0330658788841349
0,042013205182610786
0,017034367241789597
0,18979206855333966
0,2684391454953835
0,3988931130742775
0,4317036530161193
0,3668907173559901
0,35196024905233503
0,2780558002888547
0,2773722353283716
0,2126151625814385
0,2008730270828935
0,24719811123983557
0,24981453258424297
0,21551605292034196
0,32356404930315585
0,2803262313702497
0,2784631177527409
0,32516061718241546
0,2861459847529541
0,29692971319414263
0,2323214476035635
0,3076008542651995
0,4007494937975592
0,3869237563840023
0,39007405703925746
0,41154465512230826
0,5116634395430875
0,5165383329995643
0,5056172177016988
0,5042671255847269
0,4560788299675223
0,45221849075940884
0,3869138022282084
0,17881853828990157
0,1409420355921439
0,20103097022860855
0,2928223063414321
0,2522289930774118
0,2837196307174469
0,3282288606561427
0,2854423495028794
0,3229754838129441
0,3545564238437325
0,2874485546002538
0,2839643576695742
0,14766010843608435
0,19664760426951874
0,27862029552131384
0,3282335276319151
0,30749513834678616
0,35357708708375307
0,5168939123500237
0,5596820121979841
0,49843073421266393
0,514460964453975
0,5783392850726355
0,5969611006775463
0,6539720716196359
0,6109542025472294
0,6214818154161083
0,5766614361294101
0,650665566802486
0,5024751610080181
0,3565194981638316
0,3146545010657812
0,2999344816749101
0,2662837071635575
0,25231959154934364
0,25794311694004257
0,28458930066352583
0,29309729034947457
0,38271048183976686
0,23139252713412078
0,19682784055585897
0,19385932641081544
0,1846104983924759
0,28758606737869086
0,2054312273886159
0,17921850447324003
0,1723388163414858
0,24165279618766836
0,13020058590865086
0,09041240796470466
0,08642205296623236
0,11003189313997828
0,10236071512708761
0,07513434153810428
0,13872013803428992
0,12003508502686352
0,08914925211356757
0,10138534021879957
0,0834388894516758
0,04428053905105714
0,09385276317824261
0,10237495756924005
0,08811719384628032
0,1741798789854575
0,16521608715345168
0,1015012478967238
0,028652680324345745
0,11738501057813074
0,13631063367398888
0,15339710019982825
0,1966978442478075
0,0889576078350287
0,12167312158501647
0,22625281548074422
0,20012784056543795
0,18897812068735195
0,1679229603054577
0,3085812537349267
0,4062317113911926
0,40410682753344457
0,2980581150508221
0,14946531856016698
0,23085196795416568
0,2345083957261203
0,27634866859559515
0,23411810075677544
0,080751913458728
0,10422491687976022
0,0945076196256196
0,06155692771866986
0,17594439284113658
0,1905219199714923
0,1084059517615132
0,26235736595672127
0,25352485403526087
0,2600362500087716
0,04232597190965484
0,0850413941121812
0,09676468226730278
0,2202323192745813
0,27937272245566375
0,35018781465098775
0,4000355815657654
0,31648663615782774
0,29139669179102395
0,22524140532379808
0,19949500710792598
0,24393542663875395
0,08637049010011072
0,06514133729239109
0,10878022859219329
0,07574859638073171
0,1245747433163193
0,1817292491812452
0,29763607585665824
0,3593929133513478
0,4235277198651444
0,44420185173266835
0,48222551001098635
0,39349343640642215
0,2698780310695042
0,30211787207174245
0,2770952263439882
0,29811274483887995
0,2479908440046454
0,31450745659645457
0,26318268286351254
0,28848681534886217
0,28376469287238354
0,32304877459521925
0,39184058941866057
0,4637573087605886
0,38186217723699944
0,37461166927738493
0,2979515612598082
0,2790463930125425
0,2156526313550775
0,2687321812947528
0,32241251614010313
0,31643760706862234
0,2739017417461708
0,3673398310574987
0,24827948127196095
0,2279598941303728
0,13788433347455673
0,22643992106750627
0,10865071222089226
0,09277962880470997
0,06882268698915298
0,1709696954130481
0,16411725556776446
0,19859913559976797
0,22204440414395468
0,24731270920831377
0,19422922260620482
0,09681114033302402
0,19452503332842344
0,29089337998829273
0,25932569851775755
0,292476622804238
0,27912714784151343
0,1583566609685392
0,19878376327389563
0,1713165534633681
0,1653513699055323
0,09450906826589824
0,13193473896906158
0,17238968835794408
0,21065254972702407
0,20115882084694992
0,18139129975398025
0,02127100352855527
0,07301091152503733
0,07051196728607431
0,1146684812209557
0,08460912922950523
0,12202298299235537
0,13607023509914276
0,13774472848878097
0,06940378125436943
0,0710206224786025
0,1993609130181415
0,1742725622949734
0,27762167994503734
0,3315631208490686
0,39021746096928395
0,3980104379569257
0,3676239140440728
0,38253217981528465
0,4477547221655412
0,5080105520869832
0,44370914748761603
0,3958958764829469
0,3790019948546915
0,36320286419402387
0,4154194741003822
0,46999091557948486
0,5019371096609805
0,43631531617827607
0,4133816910777424
0,37377876075697347
0,38723578131840614
0,3866001734767031
0,353482045354258
0,47916340844175664
0,4177744819711835
0,3935912190060076
0,4418008285108537
0,47301309116980417
0,43466469819034514
0,3623711720558723
0,23222091487557545
0,15546563870204094
0,29002738328601674
0,26946685271754733
0,3786274185042087
0,36292212476770236
0,2536290394496454
0,3343815730554908
0,3662865533522907
0,3386586284619113
0,42482819645784525
0,3931490117294867
0,3455634758401741
0,43900248274351333
0,44151541039367787
0,38545450331843484
0,3557395388312325
0,36747267139512435
0,31015366019260804
0,36750981599768706
0,3910952236943211
0,293170020786073
0,315684517237358
0,2602789154904998
0,23719086916663493
0,18881205035332582
0,08320343630352477
0,10712056518151306
0,09390571528754592
0,11749195931719704
0,031259337975241455
0,016717976845379973
0,14272484819865514
0,14647626842793018
0,08554967156832732
0,08767985738247257
0,04312926701202068
0,04937052310818982
0,0353275220732771
0,07245469533847457
0,1813167851318583
0,1814288966661674
0,2448991302667446
0,35351826027964356
0,39357923837309033
0,29350373352497744
0,2787420102612944
0,23794296176293414
0,3097485514653245
0,35782595894382035
0,3914931925697608
0,3739447820784226
0,2992637042613517
0,26917493948646565
0,1970324119575085
0,2946477985923529
0,23813948209204705
0,28268476454412705
0,3720203918338941
0,37130245227219655
0,3939940588977088
0,3308995710717323
0,3544882931332295
0,3237045868011145
0,31587250736521677
0,385398604690349
0,393225528911091
0,385492716900764
0,41339046944395524
0,46098964610848037
0,47184416149744013
0,40784305222093015
0,49061506490849743
0,3835128896708936
0,44671121028725597
0,43465184599414347
0,416548791852328
0,2673184611460181
0,4463709599357239
0,42883255337050324
0,43078099505172407
0,4801589301444691
0,36107241487841324
0,3377428888604651
0,3854338526671105
0,370555998945205
0,47434523948775736
0,5021741806011377
0,5352786639881183
0,4969338591942302
0,48354673989430164
0,47970443235388605
0,48435487482097017
0,4516461598311944
0,3799330514843234
0,3685545895072888
0,2647789637416006
0,14552299707944166
0,11203137513403028
0,09058793172360771
0,06684368886049888
0,08647326521226852
0,1558405708213267
0,19435284695657337
0,05800923682771401
0,08403796905836922
0,19337619437865017
0,29082863014249116
0,24944651709439794
0,23136947053163626
0,3012083785528306
0,25046482169770923
0,1302982733099383
0,07224574583593482
0,23713207291226632
0,2382609022661878
0,27378929565544513
0,2748439868853133
0,2314989959224384
0,31993148773556135
0,3006634782493649
0,3249365380392498
0,290187669418164
0,20931656709223048
0,19633648967462816
0,1558942835134031
0,07545465886131932
0,08355590081827087
0,10219238854214865
0,2553243190086138
0,21765675499076564
0,26177889862270187
0,3691184422613036
0,2098509636203797
0,22963745816932687
0,17967131625737862
0,1649610034798733
0,1341555759265429
0,1761532730396486
0,16499602489981757
0,2562563772222476
0,38041778455848363
0,3541889762165146
0,27680677573199536
0,1897576245860098
0,2834609860585216
0,36870691997555166
0,42255864069729226
0,4000060466523801
0,4160384740109453
0,3611749580256917
0,3074582857799579
0,28700684137103777
0,29516666465660074
0,38681289557979726
0,49986594734734013
0,4378367895636784
0,32063227759278584
0,3300328992558092
0,36745154215136977
0,28642927658229134
0,33834639678262346
0,3097129125960996
0,36921891968572873
0,30970058790280885
0,29808727983569305
0,2814410201154303
0,27813871330059176
0,33892180624543594
0,3603217958879211
0,29404264401063035
0,32197437255853395
0,2657339211577918
0,2842885280479309
0,25473210880405306
0,33027727644802185
0,385067035717831
0,2275240562976942
0,1643493379570213
0,10780460047903802
0,096009310124728
0,21238939255826123
0,20861966106589905
0,2560080232076383
0,23741988068725683
0,17504553876926618
0,23890548219747115
0,18546072815071404
0,23915478897360465
0,14176111004663824
0,09444041987654322
0,13989169594063577
0,15873951468451528
0,08799961974950196
0,10412996506890661
0,12059204025693701
0,1256182389387722
0,1184835307687348
0,24534790439642654
0,24799469697755383
0,2552686990474109
0,20917388722567898
0,2507177211011389
0,3289355612988333
0,2804567961514396
0,24852048416516845
0,1852273995977276
0,1703891582144318
0,05209577423705295
0,08769656078776816
0,25611409860208745
0,2869051536665521
0,21900025052730002
0,13404087754563593
0,04102335747533677
0,15902865011563205
0,2633748481045266
0,4442273953319094
0,5717323396452048
0,5360097546817645
0,5775105019962795
0,3802786973827381
0,32816236464969784
0,36183915734080396
0,2846202170083615
0,398642974551241
0,3487685461438164
0,310057166352237
0,34772890673819284
0,3632178445290942
0,29934326015835777
0,34083176647270413
0,46543666831765285
0,42503791402868685
0,29307365087055187
0,23526483228986456
0,17599622851457275
0,25269451158351636
0,13156680938588125
0,21814602359037716
0,2535714401889876
0,3318586260865746
0,457758436462287
0,3481434421252432
0,28305502313061853
0,3159290869168778
0,5072606548043297
0,4981556706780698
0,4323567737599771
0,48693956600865396
0,46775754360631416
0,4283411282104084
0,4728308424131751
0,38657659558943985
0,46790068391973544
0,42742133000331106
0,34728443950898524
0,34602854773035424
0,3789026187182437
0,32497990162939416
0,3983874027060061
0,39359380476802025
0,307924172577199
0,3206357160443275
0,2456289837750188
0,17736282932229666
0,1636333901333226
0,07029340742807602
0,07257112847393701
0,08189049151138258
0,13473825617955834
0,0747886344760318
0,07184605656952063
0,22165447200395105
0,2175420792356922
0,28733827853096544
0,37182468574719757
0,3618388032094058
0,31887888258091374
0,2866350224800614
0,3149973335601548
0,28881714957316806
0,19312829364863643
0,09441801713441839
0,15527993805287876
0,1429646439598498
0,10903892036886595
0,17213129310341468
0,09783783044165244
0,22029850898756584
0,24250833657317264
0,1064460139938342
0,05162434352213652
0,03809530988297522
0,1413479071746444
0,18084015572567308
0,25219038773509933
0,21784859508286655
0,19353380825643215
0,13040137635653648
0,08158800665785293
0,17777683225271906
0,17168275950601755
0,1706296945180332
0,22464749497932512
0,2645151983020487
0,2921053219736354
0,21570213638267097
0,19397368998735928
0,2620820773004787
0,20272490097063925
0,18438947890367002
0,17466492624304078
0,232066131993231
0,21408084446860584
0,26925432947030176
0,18617844925713536
0,12888899786541858
0,10962058499916996
0,1950744286190906
0,269577735323135
0,35466473988882985
0,3626887478479587
0,20865493375849306
0,11856545680542402
0,1509040487102852
0,21430396256863157
0,1589114897701432
0,1103642820373614
0,01953907703133289
0,042250075556364605
0,044803900892489944
0,08347007861345573
0,10822837552139355
0,09076064826959139
0,17516838938036472
0,16386503671689423
0,2313723146810905
0,08849491689743463
0,08207572507238986
0,07330076154770215
0,14498486423098014
0,2791657967254568
0,24236397754705852
0,2935141513612705
0,342362919781659
0,3614630538264921
0,2854433300066336
0,24890899198831995
0,19840478356832472
0,18809437827657416
0,3270689097107603
0,3862985600069547
0,4217903912505288
0,27666808293947465
0,30830943984983683
0,21572940095917953
0,2519582224906432
0,20661390075801433
0,14762576289180843
0,17691837420593232
0,13172751423348766
0,10118749788418942
0,21908158647931672
0,10280961090691763
0,0953457802856248
0,28161099588031924
0,2536488200445244
0,3480591628652035
0,3277445705246793
0,23267550015209218
0,3060013055294718
0,2519686679083571
0,1801140248171009
0,27352299337972025
0,4024213478056006
0,4702365155301217
0,4586798745714062
0,4334006470897871
0,3963619771137027
0,41891274915189397
0,42628788081103297
0,41436411217587066
0,3271752114658593
0,3535699831716613
0,44481737294641327
0,3677986227753716
0,4307238472206067
0,41511956636959846
0,34119874016979435
0,24405041585295187
0,30186301594346554
0,360738559734548
0,39040373557295366
0,40608380264892824
0,3979900972428549
0,48529081485896264
0,3142612323751454
0,3041527482719
0,31005135940716844
0,31985696080701903
0,1940036078389698
0,047419606386825006
0,061277641719281094
0,04522313330415632
0,014626261479036786
0,07340500520139467
0,052116318341332936
0,027839724174555103
0,10406303393322254
0,07059331628992584
0,1769830483372687
0,25396167314190504
0,29969993515189547
0,3330489434198611
0,28768013818434096
0,29669844082076724
0,16108237077096155
0,03649955416432991
0,06009549615748419
0,05737183205464546
0,05166977285712823
0,14966556135370096
0,251151232581173
0,27212340120467626
0,4413006267695781
0,5058805481062312
0,4923822912864532
0,5054026035170825
0,5116590172820003
0,4933711373068309
0,39340734151728707
0,354213578228232
0,37700433141222983
0,32350202524841254
0,23910797673020104
0,20432998261817603
0,2691953017858635
0,21827695694774565
0,21532167461966126
0,20993190101211187
0,19774512189596594
0,11829481741690899
0,23923459449856505
0,3176264662623299
0,22882805786647317
0,18149684055712026
0,06875415050774952
0,03443897374230145
0,2750460529505951
0,29613871344710446
0,23978789714675988
0,0878466489787172
0,16597042960963565
0,19192479101168577
0,0516190431851784
0,06650056409156693
0,18503633391606547
0,1266806815254059
0,1699583512532332
0,09324413326388589
0,1999222633699891
0,062435033121786554
0,1623248280227813
0,29507316916334536
0,17894796473070554
0,13739859784856412
0,26073137507784316
0,17003457316455675
0,2166632973856593
0,1776802940882626
0,15681261432554608
0,2460811304761288
0,20441496073418688
0,25418605390093796
0,30573097914098785
0,07912560370785074
0,03432527028652008
0,09629090615329555
0,11257547351967664
0,17972169799541257
0,1318441602672399
0,12626277729543153
0,21029106489912078
0,21701758757439196
0,12123526554119521
0,14173436465718794
0,097155611722043
0,02546046685686308
0,13150504886908268
0,12403254975719157
0,1523947379794212
0,19475134020563142
0,15842863126772144
0,17450045805073092
0,11682925494045462
0,05207896704379307
0,14366306575729257
0,18621480878193902
0,2408578522220892
0,1446969271005071
0,15711865886841553
0,2245725702878486
0,1956376293824507
0,04651396750755984
0,10766385524466975
0,048107619811518926
0,07672324024278555
0,12056927036306148
0,08391054231291134
0,21395991526341035
0,11095997085764565
0,08188213227069237
0,13490331215607218
0,1590579438271447
0,06447271659368671
0,2551601985313566
0,2744700550778753
0,28259343364713624
0,25638894903400106
0,3301205668806769
0,26904331471327275
0,19261626924724054
0,03621231819830963
0,05977338675306655
0,15328559716472917
0,19685952036044
0,10894452594090538
0,08648950839736026
0,04008336227975563
0,051312982979024445
0,0898348621344533
0,1291423484421456
0,15832338507523855
0,2710100117612796
0,3322296320088109
0,3439207142807807
0,37346009594827384
0,3287156145663404
0,3154067203476168
0,25364425876582686
0,29792349696702597
0,2507480625508304
0,2106138534358676
0,2026526144898665
0,21788222832879367
0,11599398140775466
0,15702915638812473
0,2417027017364884
0,2064890621579326
0,20501930211714925
0,1355980546436696
0,21944408262183712
0,22095059864539565
0,260448980105255
0,28046879359930554
0,2326898241606507
0,24692882218924486
0,266573202734288
0,24889598601639384
0,2311182015498011
0,3133613392358054
0,2900816027876872
0,2956367328379204
0,2134648062964658
0,26230349817224685
0,14288020364238155
0,1552744865994628
0,17917824895691206
0,23401985832931155
0,12651832204125668
0,14987392162237176
0,1802861589711468
0,18025721048568216
0,13895820827254293
0,2622823744828591
0,24855715276107168
0,2575167148662335
0,21931892479883994
0,20903011334728056
0,2441429920413623
0,18201148838720935
0,16835464277319387
0,20237264364898533
0,1850955880831417
0,18202587965340808
0,06564559701684351
0,07731509113695947
0,0853949427960888
0,09343902607994171
0,1871359588608391
0,3416446485618912
0,24862466822249357
0,1455858035427369
0,12449199885786055
0,10113344647964613
0,031067823263941103
0,12165128596420437
0,10425740544020337
0,24033253599427354
0,2992976885067097
0,2939024676066202
0,2990092009363742
0,3401786449108183
0,33389409193227537
0,34291777269478
0,38429483406369835
0,4942278603406775
0,5937476922317727
0,5740453149214966
0,4998149333559064
0,3966653373529913
0,33712649800972116
0,33445277986811983
0,29794360908869116
0,19915463879598744
0,1428543075618211
0,07675155705825733
0,12784684750520475
0,22202478676853085
0,124160368500457
0,2799235158641134
0,1394370402530693
0,13441969148335972
0,09827023586131492
0,2309369333216441
0,23897389996495022
0,1834311474065101
0,14212883752037
0,21452280412625255
0,1149564139971639
0,054609014737611754
0,08277433967850398
0,23740265547114897
0,282823648203138
0,3234694884757926
0,4180674704040251
0,4617938002459372
0,3034631587199851
0,23970861929568357
0,1413041217069006
0,1437243935860963
0,20010240603417834
0,25406501544831156
0,15965137504286514
0,2174549853204631
0,20960666010863974
0,18395155933848406
0,06415283767934275
0,11139231106479128
0,12769994220629255
0,14549338532232126
0,18180921102651998
0,20430274786101538
0,1783292447076091
0,2813637202027514
0,19870795433125302
0,20005184083995697
0,2562243513871692
0,35311606348998076
0,2772714181774163
0,25280869475194834
0,20165674124352412
0,21514280293916246
0,16889058630683457
0,10638525624529777
0,13974687420419316
0,20865341879111027
0,17890770884005067
0,1864612952114767
0,13398414307135342
0,1783389148870527
0,19240386342539073
0,1626569264953289
0,23307157985019125
0,11147976878995257
0,23684409731689338
0,3168341290487738
0,2844123430108008
0,3535201241651434
0,3516947040708151
0,31969658356683
0,276313082966921
0,029993313345312442
0,09180977900593135
0,12662713983840163
0,226164154203618
0,20747080117852976
0,12581517996910027
0,3748810834901913
0,27703668218092153
0,45048710389605545
0,38481192372725304
0,25137155741773287
0,16701944231048385
0,14976906514639585
0,17343738084353302
0,1749696220536204
0,2252060645160287
0,19241591529310736
0,2294828327010974
0,12451667673220387
0,08964385152280917
0,06218077131971373
0,07405161551136366
0,22066720791487157
0,22169435782554564
0,23882167245020133
0,24920270187301785
0,25592834200337145
0,25852845292766424
0,1943011950794241
0,16632240032102227
0,16463079276161946
0,25318549945859253
0,20779096712464193
0,22237628786994
0,1661736101425459
0,1887859944577612
0,19188178106408296
0,2955207211615726
0,2337350804490968
0,16985135230057968
0,2258221872622565
0,1623445087784889
0,12784157295746293
0,27990702828489267
0,22926418765470208
0,23279856346008723
0,3519665330500882
0,3898219719418298
0,3588022152865498
0,2733625311576734
0,2538239142041395
0,3103968927514988
0,2402754622642355
0,3130373901110138
0,2942725723670894
0,23879313923081247
0,211879236678518
0,19466689078469204
0,19425200811356821
0,25548717635578133
0,3676545674244656
0,27061873301387485
0,16175184220485078
0,1744289040064275
0,11041069734095112
0,10913285483493
0,02190166626480004
0,06520058249795059
0,09862210052225114
0,19932569028125507
0,23494792218162192
0,16218609207477366
0,1864915327952416
0,2660650173690653
0,39485892668159894
0,41097791093347047
0,49613563663116833
0,5048781587717636
0,5164809301321941
0,46195304140255616
0,4560705919200254
0,41907048691931603
0,4906305992698796
0,43076447148423724
0,46664481908730615
0,4392949878270731
0,47307463121585386
0,40893675547154734
0,4542918222104647
0,4890247172008481
0,4281550828724003
0,5111400695899296
0,4414074002921871
0,5090366808961598
0,5407359719529554
0,6189818291654231
0,517474841961283
0,47440226260910784
0,4728846756515795
0,5192537214588607
0,5154028395275617
0,5161338073839012
0,5316005308651128
0,4820753726166405
0,4872183545821934
0,4713714737942284
0,476066857124138
0,577606334543532
0,5166308031287475
0,4486331465752291
0,4995187209099109
0,4664096434349929
0,44895111154505246
0,4396252699438039
0,43063461223270444
0,4474117303695023
0,430082388449429
0,37539802564783814
0,30286703012830607
0,28056961489858173
0,13995681766402812
0,19781577074692583
0,244160305114571
0,33078864090529586
0,22840276739421436
0,2888016108161871
0,3583697309167833
0,3599815733178639
0,3903105282695396
0,33185906544382837
0,3288291275853628
0,29508317337462386
0,249700697108429
0,21115101831074026
0,23498635276507582
0,2687021467525116
0,2841330537627452
0,335763965331629
0,3662442938026789
0,32696821006605015
0,32804345034684684
0,1913937651569611
0,17392803543197646
0,14055661760109048
0,21488843618294648
0,20831007995433604
0,1830138143175208
0,200547760617881
0,2276688426529355
0,3103459917444715
0,2579106812971958
0,17594542540049254
0,12863697221831052
0,1259189049175929
0,11366550354862469
0,22792981787188799
0,21013553706737353
0,32186051436145374
0,22744025429196288
0,2690033213023524
0,20071973408499447
0,2285835969619891
0,250146656140186
0,1813786258111736
0,19288302443511335
0,26857464816684584
0,2956943400150368
0,2262711908720339
0,26531025707114053
0,23916111149465868
0,23336514916694942
0,22161414753499814
0,2596476760276352
0,1681083121606214
0,1386458858533564
0,20850111782017658
0,23321045535772988
0,28136962950002603
0,2872328566317202
0,3858235011497523
0,4398037058226562
0,4778653710793768
0,3923493642092175
0,3899482314503057
0,4054150564204089
0,42194056940644675
0,3187544682584591
0,33910018709628165
0,39793391891896696
0,3661247902664056
0,32945741038411164
0,40148291101069056
0,37247595142997814
0,35496956637570826
0,2858178153086271
0,1866946104432277
0,2471168319056477
0,257600675558766
0,2899499563263739
0,24211102119228037
0,21503074689164714
0,2586765014524615
0,3604564009869291
0,24566199645680495
0,08256442247992159
0,12086444423716329
0,12061490767785657
0,16145961562012662
0,18009876597038593
0,30843831562520857
0,1746354983650996
0,08196934310646967
0,14258609392314317
0,06003122637761669
0,25645369799751394
0,26026091627532344
0,27398196343673326
0,14157735042822045
0,15456226312921056
0,1431084143275035
0,2296298556930241
0,20592855157843137
0,17146858553578406
0,1674102586182757
0,2717017757729787
0,24363570190030884
0,14920582910824837
0,17321717949525012
0,14163533114487933
0,05642588928227135
0,11773060854132167
0,153379759699192
0,26431868681272996
0,24438950157986755
0,26671868081836486
0,21861854787456367
0,23857912256434738
0,20450577592101216
0,28201059820999885
0,3246351977016717
0,3412493287530966
0,3504967750559088
0,413230865533688
0,37285148992905626
0,29162218504561666
0,2981143498196119
0,28309994932904764
0,2616226243221292
0,27401793458239987
0,36774361608917633
0,3418002612711234
0,3344804181510927
0,34069879360990374
0,3038816894579295
0,3686964084392536
0,30685325612335507
0,4094051422298947
0,293968917679413
0,22709467727649807
0,0912923843037137
0,21696216211077637
0,318855320084985
0,3206486422491996
0,373595548217312
0,3076407565744932
0,3997816950580289
0,4744565806538256
0,4364235968158604
0,37760512220985604
0,4741468029665052
0,3935369073613169
0,4818193414831113
0,4109292262227812
0,34038944068224186
0,34980056816145905
0,23573695175089057
0,2964093544442977
0,3235529897487857
0,23839549670612697
0,2787554549783302
0,28274628529355955
0,28840801492541634
0,3380464786106429
0,32263517882200315
0,3185599288524015
0,24916560011490266
0,31174107692067515
0,3202650965933689
0,34473764881941826
0,32290761895052267
0,36197292363433303
0,2368517984487793
0,1931544089062139
0,15708999085987094
0,15996661031654233
0,10344469313581213
0,1376856653891373
0,20319555973117753
0,24622045428735023
0,254446487506713
0,23786139511361515
0,14059498179982638
0,1132040065243247
0,18113758157919405
0,2437036301170017
0,20686428045503968
0,25080851140270893
0,3543761716190525
0,32975163061294926
0,3679951748181284
0,29479739942032945
0,23942683205204893
0,21863572200313966
0,1355413260336195
0,11328154130950166
0,1111206788912512
0,24047719185710023
0,1892153997533748
0,20958590305396677
0,24749580152994255
0,17638382918361373
0,19698065769485298
0,22445185714386057
0,37683981116963206
0,36894097648532637
0,3870741462654858
0,40389446952250224
0,2568937175045263
0,3866979353914394
0,38056229894813615
0,43482856607470216
0,5312939491276538
0,4722264557208996
0,5102783556840428
0,49876304666889815
0,4702706836808331
0,42655006574677035
0,4096029670057665
0,4562178004515279
0,3699146255548691
0,4222095323446013
0,43788998157786857
0,4526996484402909
0,3247300304138024
0,44468765386343123
0,3973741829304192
0,39609465097240515
0,3521964738129656
0,3302409017459663
0,21492962994582035
0,3234134233708153
0,3096417798659312
0,30863320435034236
0,37085946127126707
0,4586034608922249
0,40713785080651077
0,5434500992205543
0,5369302285691046
0,42376538336598296
0,4490581723956349
0,4282023304540979
0,42552769112629585
0,3668584910055107
0,34816226060815053
0,2912505290885903
0,256106254932662
0,35827342332435574
0,2778859689148563
0,20323857983056615
0,2868929966377379
0,19767209914476455
0,2352108331185449
0,20694047324339707
0,28849796988306725
0,23843366933479118
0,17460025748673355
0,13373980567075405
0,1942535682096742
0,13398782091375727
0,218446494498742
0,17423324491171607
0,19480320424652933
0,3138197155663708
0,44140466566641035
0,3729877353273244
0,3750130495712684
0,28382242256212803
0,22810416332221886
0,24367498389773656
0,2658632084115523
0,23309750209668467
0,25511046743529997
0,30564904945258514
0,32558681258957345
0,41567078510997085
0,4040636298892443
0,4339103630978419
0,3656782103917585
0,3361685571037531
0,44905338612572115
0,3628862293755214
0,42468690705413686
0,4093758988578468
0,4254046369800372
0,42271444124724566
0,41880172013123457
0,39342921624978305
0,42000268445231315
0,3457801061828617
0,26910103479741354
0,17389915853349605
0,12876530907934655
0,18124078697529974
0,17139739601231782
0,09801606609377704
0,1084742304471218
0,052304944400780325
0,10441515993146772
0,2395048658126076
0,13419077212249553
0,06521517646834073
0,10888597863090578
0,03623435757746914
0,22766413694443338
0,2334964102118763
0,2359889056211312
0,15083451419409608
0,16150225083569666
0,2056490180031994
0,3196111957260656
0,24967235633536686
0,3114327498876943
0,3454295508704047
0,4365800517737238
0,3965575817921544
