N: L: Density:Noise: 2,0
Time	 Va	
0,09825025175328522
0,08918212740112184
0,09008509795857235
0,07025619312217499
0,09410787021091108
0,10561272447521945
0,11556751925552713
0,10724157088195324
0,14339121978532351
0,14997908655268688
0,18779057038771432
0,2606943593077738
0,2941858175929414
0,24103491816014247
0,28193308198497835
0,24795704788678377
0,20363843018586572
0,2145215588998238
0,21048028970274987
0,10805356411801977
0,1983528271917217
0,10632109105947359
0,11556971507420667
0,15765329875298878
0,18819906641422054
0,1918183186178897
0,176542920472131
0,1476156284825399
0,1797377549952948
0,11163208603573191
0,09664136817232868
0,07019205152985648
0,04721261844509852
0,13666667281034528
0,13872567641357866
0,08589080854526758
0,055312885173264444
0,16994654449463248
0,17445732442891787
0,2126307634619782
0,22656021751055075
0,29466922290908365
0,30195640616725355
0,36056550140400356
0,3632612214394664
0,3714518703847399
0,35162543187746176
0,396919525292871
0,35153143405143017
0,42133767948080986
0,37640424819962437
0,4047125509946093
0,40205357639601175
0,3524340839251862
0,318189933317542
0,3126299025281853
0,2862017381249396
0,3356772677236272
0,36580873885964965
0,33715353349958405
0,26399693688592857
0,25984431061145813
0,20342298276960755
0,2553022713673284
0,2587344970513446
0,19436429223512977
0,18932889030049438
0,13074211023559903
0,17546808508300174
0,19401346244020393
0,15654950868489054
0,11196458861335956
0,08125805204981357
0,11282009017767149
0,16744490910189694
0,19799462677416246
0,19851851770179935
0,12457119098747832
0,20654204704178394
0,21131721229851233
0,2140520438384047
0,16357149600364015
0,09422478769314951
0,11862166010881162
0,18107876164293438
0,30133134157307945
0,2940401194180456
0,21153524632677018
0,192887069819534
0,23043768971733566
0,23156115133610802
0,19640843205896547
0,1127623195529209
0,17975093803525627
0,23536815205448364
0,20320373125363372
0,2511740148903802
0,27578079648135356
0,3745212466786186
0,2973966509209218
0,2133981583122358
0,219517154934226
0,09208514077971709
0,15633914029197518
0,10503326751285344
0,06807625165549254
0,04978700467509795
0,0257370867297964
0,04877072802149244
0,09937173734010835
0,044861898438549666
0,10330964629828103
0,23001498086389122
0,34201789204115957
0,3019514500553527
0,31135693260559966
0,31874464254895774
0,30915785704848187
0,3849710540390175
0,4089411715796525
0,36004613615134723
0,3900231770414886
0,3198109357639385
0,3779197845009375
0,4255726943811676
0,3626696942277003
0,276954303237958
0,25965368420300045
0,21586105720540066
0,21026198419440437
0,14188988022216112
0,18617739184404222
0,14803225476899087
0,0821991472999958
0,1555437730207086
0,14139798861010497
0,17412276005211763
0,20037241113544382
0,1332612815869927
0,12490076019458711
0,15058873276150406
0,1285388105395682
0,18463434846170845
0,20293698889298753
0,17046424351280753
0,062241017306837995
0,016516118484231745
0,09359672413125485
0,037075505231564804
0,0825118918216102
0,08532965810857482
0,08580454790397038
0,18937510918766604
0,28461003432216203
0,19412070614129065
0,23611269840367127
0,17059635273245763
0,22330279032658573
0,1831500428898006
0,15173245527036588
0,2173824419471775
0,17416958146256342
0,2136431558659498
0,22858735317383827
0,1492066325242654
0,1300506228641803
0,12557593475960943
0,1683172535827401
0,1458508993009485
0,1672685143167255
0,09813569576514494
0,05457546933358318
0,06622777304140644
0,07028400698507313
0,10678044568988916
0,11931272627025094
0,11901346913925746
0,07523617812338616
0,14226629544809033
0,20872449364286158
0,26361827773268665
0,15326752152154072
0,2902530395753618
0,24442156428689576
0,16922572737557898
0,3026341089251525
0,29357315347278035
0,3244875550316893
0,3349569456243168
0,32377795236562545
0,3326480569559323
0,28665453982401135
0,35904411171369227
0,3646629910736262
0,283423331665606
0,37365139718963847
0,31212847203218164
0,2780325311725344
0,30050589416599915
0,2627764639304008
0,2734139965791045
0,3646951836590759
0,4853054065568317
0,463990655147687
0,4888729676762316
0,3954238666635532
0,43998194873060753
0,44840084449136
0,36350704941205125
0,3665930181178574
0,4024594152763871
0,45655160703538933
0,3745452936360805
0,3213041472732493
0,25820843037443064
0,21958899976399346
0,22497109302738666
0,23075744540816182
0,2539550815045155
0,2502940340371006
0,22049375998206358
0,28365484965889487
0,35974482541203545
0,3119896080712802
0,3814042529304274
0,3535412014324208
0,3659851111154067
0,3053892842465019
0,3791075569457558
0,44720413547991095
0,4799063847412956
0,4456157373434639
0,4296671038555371
0,36760214396488095
0,3688642916735488
0,3664660407141
0,40127160514000987
0,31895806682151834
0,3069508002260629
0,27480358412531253
0,35533835691102333
0,33814730114313524
0,31916976113257883
0,36711388173884274
0,3653658247459068
0,34570929209552725
0,3658815420920038
0,4124109963769895
0,40007334013360296
0,3698210258735469
0,36571731546848274
0,4062643487517431
0,4515094112027366
0,44160775995719287
0,45037460720543104
0,452825811252577
0,4069193084190685
0,4267896111085789
0,4918757764751879
0,4116903191309848
0,4120123581793072
0,38096301315035497
0,4084857059151886
0,4488368394100007
0,4768149980040484
0,43327691141032465
0,43480237020356033
0,3911603131691617
0,37095182028641244
0,39963208838747494
0,4072432494855305
0,33821474451993433
0,31680555265718463
0,4169351875360149
0,3764118112068862
0,3907839302670002
0,3638171042059637
0,4223382514389726
0,4818142645360579
0,44636551609675357
0,44437130809824854
0,4534569589405589
0,41174940709488766
0,32034264460151524
0,2752039493943367
0,13599848310497853
0,18368507884293897
0,09515424355731103
0,05244823273668602
0,1096281116903458
0,20218347038513365
0,2597783097247045
0,2843859806515608
0,2280851839947807
0,38405506383809485
0,42943452576731544
0,3625077110177343
0,4277656629427454
0,4036413939717299
0,36405538284025546
0,37218245619040946
0,3620470592420928
0,3512934869193904
0,4016259734338481
0,40090125702755935
0,3979603040077854
0,4622516394815202
0,43006780118762483
0,3423399041705174
0,37770486748410553
0,32343119807815424
0,3284263154508034
0,21564885349376867
0,17598246123993339
0,09374835374998974
0,15795638845188384
0,24153129566899356
0,3066499342063476
0,2751534517102772
0,2993440817478402
0,26711588427427013
0,240125786924676
0,2375021233611153
0,22516807359770727
0,1362640738027935
0,2559003714742781
0,25723703853975105
0,19839479036784896
0,22146001881247396
0,2203583725163982
0,19615497729172884
0,20913143594078526
0,2160514965983265
0,27239992538277646
0,28179467677390657
0,3094442844533869
0,25547452710993174
0,26469534814703344
0,26261065960041263
0,23989842370753758
0,26014824648274426
0,22150103456144474
0,10719652596030502
0,038125274657996436
0,1334441589363869
0,10739337427849785
0,1332330758244549
0,19977217117850815
0,27406389035664813
0,30521984936143326
0,3375891354334734
0,3600223084345727
0,357373462805496
0,30241385710086544
0,19908756706403888
0,17277280193298067
0,23258134697095798
0,16335169164182553
0,20167133270308346
0,23952353084669342
0,19783314744317282
0,19330803228220417
0,16580755531702865
0,2160014767982843
0,27077921443123804
0,2783820206755461
0,2507037511237091
0,2629051067573775
0,29584472626104935
0,29838286191763697
0,3158027709580361
0,3695483112516442
0,42141604623150447
0,475860908368822
0,42720403273364016
0,4667770746377027
0,4788150117577081
0,48131037634284746
0,4582089711165501
0,521658220416598
0,48928671965185794
0,42526735673399485
0,35615601095882066
0,34865528839599413
0,3268401182274408
0,30209961430220245
0,26186923596718015
0,24424046650697281
0,1551452927098792
0,13036371573282565
0,08983941370182189
0,1237295240152581
0,19278189270101587
0,06878500466577094
0,05130716640122173
0,050272032453848106
0,02197581239119885
0,07816068516033702
0,09116730145589778
0,10138049363433359
0,12420592078783096
0,2072983342081188
0,15386566397733772
0,14291550518263543
0,17481587360149026
0,19298314324792212
0,26980640253833066
0,2509839604108779
0,29973805769763834
0,2513132456672288
0,24986659230129188
0,27115246460356895
0,3443925079952122
0,5210334206303447
0,4223323299669008
0,40338268400662586
0,48588858533549234
0,42037727570105615
0,37661288687000205
0,38215574416886094
0,37187381280836795
0,37373065072501704
0,39145492607789356
0,32328253559849174
0,39238838394729875
0,3867840182289945
0,2997823393398356
0,32719789970004987
0,32973810080543065
0,28158814434646995
0,2160483354656359
0,12263580277714504
0,16295192484778293
0,28771158905658845
0,3403104233733712
0,34141513086340564
0,16690047305514663
0,14495774621592405
0,1965176620711242
0,18662563719513742
0,1532169252977318
0,16293687146833244
0,2683854958224912
0,26929816897610304
0,252289970150623
0,28396056289553634
0,2723005785643496
0,2897301209778567
0,2724078839257371
0,32339833136922214
0,2304994445898551
0,12188491331150106
0,1146591295045243
0,03107422880804008
0,0381720574468917
0,04091625326837203
0,1419017265362691
0,1466867837548854
0,08424779115565637
0,12817094956202746
0,15742214674451324
0,19368605033122732
0,12928573106864308
0,195972596388773
0,21941948902243022
0,20485831169318675
0,1341856240232708
0,21248239819039963
0,1610963342658495
0,1426878910454224
0,21347446217483104
0,2126881349063137
0,16752373112395108
0,21375612941769964
0,2587589700356373
0,21138151762063329
0,03704322682881072
0,07830099656806765
0,061115569744622594
0,05472644703863475
0,09899837901287614
0,1960740355202601
0,11344139237164517
0,08316337322971293
0,11232035733010229
0,20339905042557108
0,2248538386415935
0,2615283512831008
0,22992569719448808
0,3115951154174439
0,34215494272667735
0,38290638253263154
0,3340713157858561
0,3324314789791458
0,2868171226644291
0,2713553601913111
0,2539563074516289
0,19164758653536165
0,22765601885872844
0,2129406261431392
0,1974958675462487
0,1716332560530129
0,134242218400026
0,1803494123705843
0,2076663755886732
0,3026166633436338
0,346686742716804
0,3647115572164646
0,3281217180891913
0,31283053427110036
0,2641566050670851
0,1732039314285117
0,13483088758857384
0,1693837664996433
0,24052889210513329
0,283099177219179
0,24756473212708244
0,1864317980294022
0,188417324629824
0,27721120980556685
0,30677038478604707
0,2588098335398114
0,2472982693749706
0,24821071427788777
0,19984477349215732
0,14689404758590857
0,1463690211919684
0,23620692904658086
0,2437684013806266
0,16005952746585625
0,1872200856533878
0,18485843203511199
0,1634851261282207
0,26463575932186767
0,1875412679063813
0,1247046053625748
0,12731628742025247
0,02526511939684315
0,06557475482315334
0,06650013421850079
0,03809444301581724
0,10154575800217264
0,11168343436315221
0,151854272078669
0,07161730928888448
0,06118057590505477
0,06061618518231977
0,08256517930583694
0,028789072797014294
0,09340313352980932
0,13865998432205542
0,15918317298584295
0,1260576231184187
0,10806194522601412
0,16481521428561666
0,06172027348938226
0,10328076968782143
0,2509181691936773
0,27994426467198125
0,23341839578705828
0,2621031566102494
0,261237555177995
0,20795298065064866
0,22577212505988156
0,18545969690841985
0,10582472027346278
0,11093155551308934
0,10362806631425442
0,08046563941130516
0,088193406945462
0,10621260854963821
0,1464905314831124
0,11879890987745674
0,20942324963578507
0,17990924068164388
0,21027205129252927
0,20087221435217256
0,2894391228555787
0,36515001075610404
0,286979084043629
0,2622745865220476
0,17100261983089085
0,21668246811343278
0,2082476357518859
0,21245104553339347
0,12833357664059894
0,09363699168602414
0,09975313922003994
0,1816466195244148
0,12826872829131236
0,21132668803169052
0,2898028906814327
0,28024395885359715
0,2463947874348428
0,20484548932373695
0,2962610531648769
0,298608844857244
0,22762828511850683
0,14421646002487323
0,15850272706879148
0,19813005823839333
0,28612541799621866
0,2490122470999226
0,25059733765305126
0,24046967456049648
0,30027311154816094
0,23094946243955894
0,2192683286449831
0,26583939646771443
0,24242506456256788
0,26194376162082417
0,2691216040021488
0,23394156829825255
0,17731221825178506
0,29173793260829434
0,32585819196693133
0,31750570109727616
0,32402585757397706
0,3186995048670812
0,32557253839310385
0,3706074148413092
0,3951069201162815
0,40906915818345174
0,4783005831905321
0,5680820153211817
0,5657236687698803
0,542366429649317
0,4579356915771362
0,41986854012374786
0,40031258657913427
0,42878326641594866
0,4474951186659671
0,5053907821932189
0,5570965905143959
0,5284998869428728
0,4641981356113308
0,46925296883343043
0,502152821982009
0,4595670525924
0,453347333986592
0,4646105074472365
0,36829515840131877
0,3994351709658907
0,3173830175988171
0,38440540358701036
0,2995821490182791
0,25974809709401636
0,43107377187595913
0,399395337237133
0,40826208604500924
0,44635480966996804
0,4871589607223549
0,4362845459250598
0,3469177950939822
0,25317823539453027
0,2858979414822912
0,3241047010405905
0,3017829587243499
0,23358429977022457
0,1802402227318842
0,17531563302252573
0,21056189298554348
0,2126366777668594
0,23665682722611364
0,3072103456119419
0,274044727898774
0,23628038708956345
0,2582911297931959
0,1743538500756559
0,07050971660659791
0,040327519996162686
0,1641858035377957
0,2667650408232071
0,21870918576788395
0,20410754675537202
0,2283019775367766
0,15722168476834675
0,07875636225492903
0,09043650661432938
0,12093457578119399
0,10318325349122402
0,04696101912381637
0,051456460330208925
0,08205492164670886
0,07544557534166006
0,07830739908427063
0,05678886777658884
0,10168233955963263
0,12420254154384149
0,18562788747121567
0,19137588601415703
0,1983061371716925
0,1988727304983339
0,1837911541288986
0,14821390895196013
0,13300535294806065
0,22114500778999913
0,28828001920239005
0,2514157535328192
0,2916903537192356
0,31360523822411096
0,24934270498379704
0,16846824636323537
0,2024526071521487
0,2481858027484655
0,25092089971596676
0,24858799205429405
0,2791279648053482
0,2729022539714831
0,3391671793589588
0,3459800939493676
0,25946212054201545
0,24426848951700944
0,28988611141237836
0,2268628428836013
0,2569608520584754
0,28246727605878924
0,3437526513506545
0,41034244675244425
0,41751556211757135
0,40318903381524135
0,43923326470199014
0,43612817312112157
0,48348876857591916
0,46797410722548805
0,48485906647431565
0,49791567260763936
0,45932406098854917
0,4039624656930584
0,3718962205434249
0,4349860790712865
0,47333054977439865
0,5408604485148277
0,5100247206083991
0,5485665378563201
0,5114835526873975
0,43499911636776023
0,4235108690487092
0,44577347354417846
0,49737803513527806
0,46815270151616717
0,48891718435746956
0,4700195160025325
0,41729477360459744
0,3202057780978442
0,33133207139080567
0,272803204393636
0,31121097111898594
0,38453972791943153
0,3650255711579355
0,35754967629734663
0,34155832989976354
0,4223607854652078
0,3749053502613201
0,37053694417229754
0,3761342554525754
0,39245076895575143
0,4264144725300448
0,549749498404746
0,5266417899704156
0,4975780977306311
0,4632757544356967
0,5119640076108902
0,4350271808690817
0,49869020653617196
0,4609872139637703
0,43098789319061037
0,49961136460720823
0,47672815434633986
0,3775518166951682
0,3215670141851168
0,3272606957521632
0,2292011015368433
0,2074250965702487
0,2085794880484525
0,22056954399237055
0,23259886254932868
0,23849197816029197
0,29346867984175484
0,21242709243710634
0,15898202371184353
0,24973250260929866
0,17939078796875538
0,2437648591560146
0,2697103231512913
0,2859013478995285
0,3079639651709657
0,2972808900930024
0,31452963922907456
0,24426466163015334
0,1502226424032855
0,2150530251468608
0,14685453052125785
0,25050248644210055
0,331880226835567
0,24658573632960554
0,3078286429975129
0,3595070239201831
0,4204364836160888
0,4327790641627524
0,4598352771024331
0,5740782078452659
0,5941877740809713
0,5116617498835176
0,4941068443834708
0,47462283377490716
0,4045701528528261
0,3683131156755104
0,4090728225315219
0,42299552616701563
0,4427368043793663
0,4598347666264003
0,4631944021414954
0,43383452031043374
0,47818299365584804
0,5062983978976049
0,49068943958119715
0,4127211780776265
0,3585325491896052
0,3939999399667746
0,37013610079750037
0,3446548336571016
0,3294559590250523
0,35890088855830476
0,4358915712856501
0,37322412165768576
0,262970256530803
0,2573397192931162
0,2939109908699201
0,36414297389595934
0,32724316412406734
0,3124840466903184
0,24110449787282695
0,2033145049781302
0,17499952162231022
0,22246435983429488
0,1654444460643913
0,1644939080037214
0,061144446547619476
0,10367614443578124
0,050936702170312646
0,15465632140263247
0,24088355772068312
0,20391165489179125
0,17845952600850004
0,1645418760194745
0,15699725501009537
0,12912901080339295
0,2212896110930686
0,22030354255527673
0,23900019481258897
0,2463256260918569
0,19311302360421523
0,2066929694683732
0,16758363034038806
0,14588683936944544
0,1728196509480512
0,13301849728289933
0,13404906245779583
0,05673297320813249
0,10966270823467349
0,04934170967276823
0,018482904030568206
0,09145196987441935
0,18829585465854495
0,14471681405627862
0,13314130818076933
0,17203355290633368
0,159952995278076
0,21473674758070635
0,17890459766605402
0,0877373876750463
0,22473955439354387
0,17623775983797973
0,19804836755373337
0,14483115916439998
0,13547898647618814
0,07585954500446022
0,02767106102402808
0,11793825145916531
0,12551412264356784
0,10957285357045204
0,07438211024981574
0,12993266366195064
0,16450712908758008
0,12398730917833958
0,10842309082852934
0,09299422241942003
0,17243077836862544
0,1700993864134897
0,2725461627627865
0,28580732891367244
0,27741623638131296
0,18413754890430403
0,1423485798517641
0,12423549258206358
0,11505070051538953
0,024667671301206125
0,090001289365085
0,04167884911182383
0,11115674522862488
0,17495998632996
0,24589728855486664
0,20253633523860562
0,298000850025428
0,27278544881169486
0,2878966083786338
0,19466229326927736
0,19125852646638672
0,14335441341536176
0,1467054266878128
0,19278521615685318
0,1876115049208347
0,3281202657365379
0,30580304384625906
0,3041059194349869
0,33519054656595926
0,3757664927523348
0,38430167011928973
0,36575022319981415
0,4353118682060527
0,38297483568475843
0,34458209890211505
0,3706902605092533
0,32623491414976774
0,39017442253699375
0,46475768676917817
0,36203086365918463
0,323123637260726
0,3241079281429911
0,349509835050742
0,3091381733436036
0,3674328112553786
0,3432635111283838
0,33367682268881954
0,35524096491667073
0,31112844064661543
0,2533685535327699
0,18739098682697825
0,18248204445064095
0,128644344451625
0,06114400416667795
0,10700301245111123
0,2595629387534307
0,31242279287487346
0,3404004908678929
0,2795927943400978
0,2529275817407368
0,3317900374771219
0,33040269766132935
0,3241522613112546
0,29065348330613605
0,3402924847132863
0,2691888262031172
0,289216877537498
0,22057158949654518
0,21902051459723715
0,21235075198464312
0,18498214714264846
0,19320659924950281
0,14105291018506927
0,11354918405560631
0,10107985349025579
0,09024393772510969
0,12319319805843709
0,09885847728516013
0,1381203892554182
0,14498937097729112
0,10010979866480199
0,09144306145264963
0,18762537155847658
0,15144876804858368
0,18780958332347888
0,20328183310601491
0,14034747809395956
0,08802680800359713
0,0635757513432986
0,09968191445856643
0,20712287793534453
0,2721230523285174
0,2800597423072721
0,2736256999998877
0,2322628711381812
0,22380707096342697
0,17085682509735634
0,18050628566192692
0,13832051755417868
0,12474285215905166
0,11702406308947966
0,1780847744999882
0,27425829211242075
0,2907224647235362
0,22458584776586202
0,22795466995381847
0,3002203622414894
0,3035857762456228
0,27217736880013016
0,2390445472928528
0,09296594404683677
0,04253125408717749
0,13078405597476123
0,20556161605119463
0,1568848969375993
0,2153213760039293
0,27149043423539965
0,27322421239021133
0,20761535383426827
0,1259557936705986
0,1088294696881019
0,039548320753698914
0,05805873647268932
0,06900052917819631
0,1713893025622571
0,1847259599659127
0,2012029528551628
0,22610115278365273
0,1705163317089608
0,21457770617679775
0,28634686811418536
0,33946680564338133
0,2878877838043494
0,39610036157332185
0,38625704332858335
0,39006031709257677
0,40153600818674345
0,295473813499874
0,2217339419604869
0,21676449426398517
0,2447946081449207
0,25097948152174915
0,305990203744326
0,3632316280507658
0,48039975066197727
0,4432904705736858
0,5354621759940574
0,5885018715428392
0,6009607029975006
0,5810957762042219
0,5446008903821267
0,5399711647434038
0,5408038101421648
0,5239535227217692
0,5364236259144952
0,5494839504645997
0,5845641975919028
0,5085239166546164
0,4262761143562723
0,36612107121609916
0,3966597688509482
0,31341898566308335
0,43686179446218026
0,5012456890950933
0,5362630538207235
0,5689410254694984
0,5603128012303485
0,5347021851788727
0,4905643539898788
0,5491567633630368
0,4848401535132943
0,3425240999568843
0,2747600249947725
0,33624649112199567
0,3017490502165744
0,3202100757502038
0,30330138470925316
0,21470280674433567
0,18435588021053706
0,2489040605484149
0,3063838747986656
0,2544844618422934
0,3202126087264795
0,29701415836348016
0,30973458103050694
0,3201192532558424
0,304306112816148
0,3147403231468295
0,306530320276055
0,32751425543940565
0,3156620933854818
0,4520302672975592
0,45095212548628927
0,35726494315502
0,2706174567849181
0,24031661113406105
0,347478212172479
0,29675344368915757
0,24057974322426998
0,25072314864266043
0,22904378570431766
0,1442955889148811
0,12438878380905805
0,10773276245248013
0,1857796924713094
0,19025127965607608
0,33378454797597656
0,47749614391771533
0,5755520419286289
0,5645449794103218
0,599176739554959
0,5777697235276698
0,5661078919538427
0,5686454784080475
0,5680528662714965
0,557961400679592
0,5327258887806431
0,5156892597160644
0,5181309726099721
0,4759230602654481
0,49827055953500576
0,509491830426952
0,5482448601012467
0,5591039711612124
0,5830234016836796
0,5002098974023976
0,481695312078472
0,4051081460303735
0,4570175131742393
0,3635183114535753
0,38892155214752006
0,38570860101610965
0,36953610459187264
0,31471364479095065
0,37007574748987504
0,38347768689466355
0,3584474858587676
0,38574450002166255
0,40067714458467135
0,4096806591181969
0,40640167223556417
0,38718919122386425
0,41074705722887833
0,44999816417570976
0,49866797561691595
0,5287123243906973
0,49360602551242544
0,5254245326496847
0,49898618825143953
0,5400586534039548
0,5440161377051144
0,4683185048781497
0,47946072603783213
0,4424036901233775
0,38009926659264154
0,3907333172674842
0,369350137500427
0,45592526665315347
0,34417084097164996
0,34155738193199076
0,30994038126944295
0,29161369680127797
0,27575154213575453
0,25221484454088905
0,23629126030173142
0,2531682881873576
0,24052859429242435
0,2657834629875258
0,18991741088294392
0,24091844523370567
0,2810961499186165
0,3288797004539419
0,34412491091834724
0,36722679099149624
0,34258404992782693
0,33191264560752304
0,42917719752051886
0,42897978093663686
0,4523304182883073
0,4856030160513907
0,5317524187547426
0,5665794315430335
0,5561815645726875
0,486987269233979
0,5262872536626235
0,5117267034508637
0,5740364536300997
0,5034758825177156
0,6282212562516727
0,5723444442131146
0,6105638194130463
0,6053486504762081
0,6159203804254092
0,628467784773341
0,6046243414610682
0,5600680703959715
0,533019687871936
0,5468133924243249
0,5409663399741224
0,5937710908794747
0,5620309299934243
0,5733883862126469
0,5330246382080989
0,5140599157773986
0,45944274397843576
0,37823314301162864
0,38868678706872245
0,39702616215922043
0,3723501084121388
0,2846973994791942
0,3032594564812848
0,4172687595381708
0,3286303914176545
0,2843120012266934
0,28299549188861506
0,3243442497286743
0,33287870360724453
0,32423992651096545
0,28051048444988447
0,3312383926840397
0,2845008443903297
0,35426785561711255
0,38125816033905935
0,38605371581083847
0,32050619966439514
0,32338817717970547
0,3237392937025335
0,3177077500553422
0,3294544683599734
0,3494090482370822
0,4398947932708124
0,3667756594370328
0,3104310409611953
0,17881905086147507
0,2196761377018871
0,19648296121351608
0,1259858107702939
0,21059278823020397
0,254427396734794
0,33729605744211283
0,41321593089392367
0,36268078546405536
0,34610832846341283
0,19662796874152644
0,2690482077194384
0,26188744635846173
0,2581593614393407
0,22627260579396166
0,25567903045568413
0,2901658417604056
0,2880680342022199
0,2569541687841908
0,27560575482709404
0,2693108711606334
0,2261808594406149
0,2583549864898729
0,3457473331465604
0,40861638428345454
0,46381044013492556
0,4591985541048623
0,44001265358688657
0,43831601470259524
0,4249533544918364
0,4327152981904252
0,4681608703061878
0,413214577531696
0,31597307833152566
0,3183745411159883
0,3178284918563542
0,3253236500840083
0,37078715489428665
0,3677243909287558
0,37373217978188406
0,297974818900151
0,3359412213063125
0,3645287064303583
0,3336463627763653
0,3372059573487825
0,27140486597587926
0,28408065498950713
0,268721593373212
0,24193504971713606
0,19555536180280983
0,21777667805443884
0,1500213822700546
0,1552144322477104
0,17581809544206786
0,13254714477923282
0,12228724574921748
0,11938486399050868
0,06840219296460365
0,011652157598734595
0,058708186317949655
0,025372155790977645
0,04740754582224027
0,09577308428186065
0,16122298975133947
0,2130770856525554
0,19066921648345808
0,17176496839958183
0,1402496858053239
0,06294220246131929
0,061986079381198995
0,11259236996080958
0,14336139147737026
0,18611207930398352
0,19252106832630442
0,20139698129421782
0,2006557263933088
0,19794209564931117
0,18519115522167295
0,1343302536408086
0,15118485336920048
0,09544473617225914
0,10901507740602812
0,10760620748847029
0,09892930729556912
0,13590112065156734
0,12997025840334386
0,23883298939993067
0,18661228480840794
0,18637566187472798
0,24784052566405687
0,21397302202639915
0,11508258847702796
0,06771381233003432
0,11160480073630837
0,07473255787264212
0,11196984437847392
0,18155178998899354
0,216223702513216
0,16013238589761603
0,10336331759891174
0,17093110648258847
0,12992651576298453
0,1179848582196286
0,18158859605048908
0,21487782409522702
0,1832228825966605
0,15484228213105233
0,1788366753979975
0,2587810937272525
0,19734185886558223
0,15244113872960183
0,24973614220709342
0,2206301866614623
0,19003707018390772
0,1578771679799332
0,1150206335648861
0,1339961904903224
0,17115713155021298
0,27360163479869964
0,2628844510880624
0,26452609297481905
0,3295730526887761
0,38019315180983865
0,35807097319745324
0,38721864272876744
0,4334031923100143
0,4142794670196072
0,38489890734579535
0,4174948356812792
0,33526166158497384
0,23488828382308805
0,11474420854214225
0,059156344317043405
0,19429141434624783
0,1388455381511334
0,07760649562350379
0,049549537087014275
0,04120252341299138
0,17639432107458208
0,20093432684366
0,2384280727364281
0,22924797231023045
0,33147238076971874
0,3724057464777913
0,3664894725252948
0,47301967287972846
0,4267600986684417
0,43802765823156264
0,41626647990022203
0,4447802945818248
0,3663525416487497
0,32393536234389325
0,22314077028717702
0,24745911170054938
0,2942177590856515
0,32948426831426947
0,32834787133485754
0,3091520406095617
0,24194960898827528
0,2588242389836177
0,1859419594405946
0,21389411066124514
0,21851111467677362
0,16658439539659603
0,18257647446246017
0,21098572967597765
0,197269396649051
0,2288198709125632
0,26939994755822216
0,17566172968851668
0,19547140548957864
0,27173905973983625
0,3057249086860775
0,29581073014527376
0,3294245371338844
0,37251564475319654
0,3542915192124265
0,38427601689170354
0,4278939729782625
0,3939750575670148
0,4006467167514787
0,3375342605192861
0,24349332530195392
0,1423617446641113
0,16113026217519116
0,07849602815119423
0,15302338744434205
0,19471171100466414
0,2612693464566279
0,26424449168261693
0,2733735520200279
0,25407513020261563
0,2811904099637978
0,2397870257214245
0,2233090709531621
0,2645693087105388
0,2481709263400747
0,2143683979229397
0,18353431698150974
0,2541886427356585
0,23750750585657296
0,24749669174650035
0,26337032042555186
0,25287007836370884
0,2804182042060911
0,3427271657854344
0,34076654431568887
0,3525126557984531
0,4737383657504534
0,46151156760010437
0,4430804656495139
0,3992323720606436
0,4038167792490301
0,44681369498926216
0,39859148133904654
0,4433366232587289
0,41453084113600347
0,4204850242242963
0,4377385287927332
0,44088301215983094
0,36772828131402835
0,30438089340752233
0,42462848647133494
0,5217038010916353
0,49243636401569774
0,4795963401165155
0,48550216208894426
0,41261768452966263
0,45336417289602016
0,45590842447429164
0,4643009149014077
0,45770699976347706
0,35528694201318894
0,34531617074431586
0,44158759499813965
0,4287795925159889
0,4118106502794457
0,4717120305196734
0,42214527793746676
0,4027759543950658
0,4031985696042068
0,4162719446756476
0,48471526827793193
0,5130659230162647
0,4536100971757064
0,3788793011334726
0,43130531243127007
0,44134519848550613
0,5065278846520365
0,39132003466586124
0,4584628100252038
0,4841054947059068
0,47377608470337845
0,4910781764323369
0,4871592246028363
0,47522197409341466
0,5079687794287554
0,47748778705925743
0,4442176988829273
0,4260070908349924
0,3793335724266732
0,3364238117782899
0,3475336265595518
0,2749831359031425
0,32176209505891773
0,3158948545247589
0,35251418973176124
0,38909493807206325
0,4437156373001448
0,38997188475222533
0,43588131347049885
0,537366595892544
0,5055467364842274
0,4408822879654248
0,5681982216283731
0,6022113194627647
0,5789914044681371
0,5487242193001969
0,5335536984468404
0,5002719729779631
0,48106179796070475
0,4626435418030306
0,4734758343453636
0,5244038050434426
0,47495534180626975
0,3850847158905671
0,3295968756146369
0,371552506502487
0,3844549002434993
0,40098496217445107
0,37066871457565526
0,4471108719109486
0,4539524740794069
0,43139030028497505
0,43542981419318794
0,49756214291940903
0,5387191070175076
0,5442274498075491
0,4741284913660478
0,4580495177438671
0,4650623604869396
0,45187647686276283
0,48455911903267784
0,47199660786169606
0,4454662883867586
0,45661796861434834
0,39116716757410425
0,4355502698038852
0,4150972763642177
0,4065190724286581
0,45411204127757293
0,5119697011397409
0,5290933505152886
0,4921607290421935
0,5039000981185481
0,4760980688619044
0,48687106978450173
0,44123322147022004
0,47693491712903885
0,5221445792553102
0,45184341358566354
0,3944573185707287
0,41139747843892965
0,4362930417839756
0,42487438400909977
0,3603200899167763
0,32528938798078744
0,3630146762768066
0,39971652034187893
0,4423242788977816
0,44063159492463577
0,5392870048334422
0,5069254360003934
0,5343551686954864
0,5088463749692115
0,5644176791418948
0,47249539384336325
0,4152476402840017
0,43632601436267054
0,49120143373857345
0,5174530036370664
0,5145475247101716
0,44724273320278907
0,40764919954019485
0,41949382718521294
0,4090387592128607
0,3134226853316928
0,3306712381256939
0,3375311613742998
0,2585249579803908
0,28959448552848194
0,3048279468491225
0,3459550951034445
0,44087673684514056
0,3737827091239537
0,47099118302774035
0,39324406263583217
0,35953768874393977
0,40691716989717913
0,4071754444280181
0,41029883944601936
0,39166074633494924
0,37853807570203607
0,33379999346518613
0,2742501685980957
0,3296222786886554
0,35583343063753503
0,366984106904215
0,3739504415119911
0,37178847426607003
0,32050594129132576
0,30374708441773923
0,28609963166332475
0,23237378830927868
0,15472770677750677
0,2217183754168776
0,22782519264413478
0,2308811191403049
0,1961700788609856
0,29974249708147743
0,28847668362588424
0,2098152872633486
0,299231737762243
0,2778549372823009
0,21794392342470126
0,3132294869419442
0,25657228295326395
0,26046766472727173
0,19042887199745095
0,1071819171931017
0,148494830698686
0,13799101983666046
0,10294760839585664
0,20496470297074046
0,1551539197653952
0,15439942870206588
0,17214835320750377
0,16971903939027644
0,16272602968000482
0,17802613966251146
0,1569213778791899
0,18691841070306767
0,13829549417126608
0,14373217366313826
0,1582652365849078
0,1585851649101663
0,11576337763862068
0,06094558931682537
0,08345087556717402
0,09633419588410638
0,11452959083300729
0,1577584013473677
0,15021685393892487
0,13997073458070713
0,13643929716356895
0,13543372151419086
0,15310047206022087
0,14979057617177244
0,1407549607105746
0,11597223616167657
0,17508367658876633
0,13597260259268543
0,18608049849637348
0,24354076819108803
0,2320539805038203
0,25532183006933123
0,2958034223356339
0,315552474451486
0,2659567862523589
0,29502721304217844
0,31539884438592497
0,19239608899437075
0,20898935858500892
0,2612867960235819
0,35341326052457106
0,2735013618912596
0,25895245136416134
0,2495370463686367
0,18850601424157307
0,16340268827182575
0,13352705637307713
0,20075439148961094
0,2198777724012419
0,23437715751244034
0,14412162158770822
0,15943336473747705
0,2075545495230024
0,2013393331079811
0,24675097393119097
0,2665029922941135
0,276254880063396
0,22769476820546516
0,2573162579911936
0,19394398895481862
0,22143943480660688
0,19150226746189486
0,30277319544969455
0,24113799153717155
0,2493366879924135
0,23756660241117247
0,2562650525867874
0,355212289477148
0,2466386603182324
0,1970431966888158
0,17913831186414422
0,1941250392418342
0,24097472016188376
0,2908470852772812
0,26812954850895276
0,1667629645961812
0,28402880611701364
0,3089384257801882
0,2975978394489602
0,34272299802989703
0,2645859925078081
0,3156227761964561
0,2911700643718426
0,29942707630230014
0,23065788362077236
0,296321956629989
0,2823559632567238
0,2916548177006133
0,31898367441191294
0,3212392842972299
0,2973659138343585
0,34869605695889727
0,32833390138271823
0,2830846920521615
0,27433757178118817
0,28409000467940293
0,2533150139374134
0,2375686042299479
0,21166037764470078
0,24571823953678423
0,21647224507781296
0,3275653407855232
0,34949633239486594
0,3514229919781682
0,39772100303214514
0,43164227625221935
0,44675549663424907
0,4307355229693795
0,43035859345940225
0,3962870452159086
0,3548062593606111
0,31708806328797406
0,2886499389209688
0,2808652930547153
0,2852090144078643
0,19799563693594166
0,22634978909179987
0,2918636322876132
0,2493099997837826
0,21687044107622144
0,2414725001520356
0,3114240274172957
0,23564595071598113
0,24634225533322615
0,2472020501854577
0,24298649807264894
0,18557942555730564
0,1920193544707005
0,230508798668489
0,27410530288333074
0,2719092008579926
0,2740210436764574
0,28846640834881937
0,24366654985353747
0,2520911105971192
0,2014342183317185
0,13583139326297122
0,24149984287888684
0,22669385742303955
0,294339615270127
0,24952423468668344
0,20907896487697156
0,13910228810176511
0,19496138282624048
0,158105539134382
0,17116546634914223
0,18286853715974188
0,1308006384500445
0,09394319911566247
0,13268570828048418
0,07174777415743597
0,06944136844843304
0,0195906746232863
0,051848696899104214
0,0630175076594143
0,032127363061209786
0,06294408953119789
0,08076972637768373
0,05273455418748999
0,0966740519376727
0,06013165968115289
0,08326863760604265
0,05338593365236644
0,0708436482603257
0,11540052603665978
0,18154762801059118
0,06849020874366388
0,10748938470815768
0,15864486632440877
0,23296310670659234
0,2561618985675642
0,13603784896490626
0,15768812464571655
0,11444190788769608
0,09804695748953553
0,0997780524473711
0,1981047724105748
0,16758281640639955
0,15777192248741564
0,21216427868231263
0,22611544941895437
0,252447788176582
0,29956139267279736
0,2328226958969815
0,23422712673635493
0,19167605501702012
0,17789703406455565
0,17344586056106023
0,19704901037533293
0,16888821804289525
0,1986844365269929
0,18132222687218463
0,1674548660201558
0,11114336354007623
0,0862057197183061
0,0625053234982539
0,06198572454872991
0,07524794676852999
0,05111698815755523
0,14684863360129471
0,18890540614829662
0,17998463970360354
0,269912962113341
0,21539174101781164
0,2570909990225197
0,2664906779709686
0,28709098021912316
0,2445895786688635
0,20763025972574506
0,16577878651197
0,12560576286872124
0,18975191472555195
0,1227283664440065
0,12566502684015
0,16973630641658705
0,0696671301812577
0,07391689365989904
0,17950421690789176
0,11676821626370391
0,050881899670070264
0,05236402480880443
0,027917704249531806
0,04440147224031197
0,06468136051178161
0,04827035916996531
0,033019088497362764
0,08050618922952436
0,17976542786926697
0,12170564881034067
0,009780565250666317
0,017621712435135543
0,09741471627426838
0,07492887343383194
0,09340259513514428
0,1139213361233216
0,08908007612993957
0,06885130246633955
0,04471732322230373
0,03237876890855834
0,08301031308325428
0,13717262254767232
0,11581219304139377
0,08893504872679123
0,13002926455253808
0,06952893983193187
0,038106113200767
0,07399702192691639
0,048258763934278165
0,11659424725788607
0,11612466248575652
0,10431140502732189
0,08772500674976172
0,10138284395707282
0,07871862135435488
0,05207820635473301
0,10885435429074714
0,11480869442215733
0,09283434732408939
0,11102356889177555
0,08607659149417149
0,14280965360152845
0,23089353024871442
0,20852599536341002
0,16484339484777402
0,2577969390201579
0,3131587973151477
0,31526216759226694
0,32227549115453047
0,38476697377964325
0,37765898222211874
0,3811958993703791
0,2570138604709247
0,2547764380023051
0,23107513392605358
0,10351498526049412
0,08157196532336886
0,07209874848538757
0,067464554740843
0,16861368188396245
0,3120392334089521
0,31535288471081396
0,4417029189513904
0,4492115917512116
0,5106300214111
0,5310637425749658
0,37217380124189375
0,2913569310508892
0,276557888491349
0,19887496846241473
0,11260549321325633
0,11953255887740379
0,17847700318920684
0,20656673303520148
0,17942440903476528
0,16841333200383313
0,17549825510743963
0,050056671776158655
0,010277491343940586
0,09111297229258941
0,1528634103053307
0,24208641268106007
0,28453875045101173
0,3230792414524482
0,3136089156267851
0,33634024389029366
0,24334697564896038
0,25881559573410806
0,2415105923103953
0,22891069159174515
0,17834267538861165
0,21136968776987702
0,1555829362086665
0,16761077471880462
0,19534652901580923
0,2953703331466765
0,2815393993557936
0,30861734567537463
0,2633271896084276
0,2606801830711413
0,2569961443286765
0,32401698864525363
0,3489667390944815
0,4344526148341659
0,4114599180592062
0,32683213839048925
0,4093390100359807
0,3988402894655261
0,3817995866707606
0,3419872033173702
0,3814259239523334
0,40445766480516077
0,4021335398307792
0,3754211539229445
0,36677018515826865
0,3646974530153955
0,3623280343037345
0,3901802611262635
0,29874965233501727
0,23134418506284007
0,23109509096436623
0,29164822077898395
0,23510186198511726
0,21372012144489302
0,3035111089146242
0,2825663728829505
0,28123305987352626
0,20603107673097443
0,2756415464226487
0,3930430053492223
0,4082143198359563
0,43980067253922167
0,5119766268064362
0,5384070225190911
0,5359470583331938
0,48386860008213506
0,458219091181653
0,5020188538611761
0,48694418884158097
0,5367443356184499
0,5891768152590637
0,5025391940481505
0,47127659396900723
0,5101475459730735
0,4587485464925384
0,45818359541259485
0,4381239849753446
0,4365884082603545
0,3537646295905395
0,34328953037663124
0,34395044529286495
0,3203842060793357
0,33355816929042253
0,324906283154388
0,3689149961816198
0,3849341335354214
0,3832736975897912
0,3936435823108754
0,3526512204742611
0,35543117025610516
0,36371278845670924
0,4367705499966339
0,410566378817922
0,48406794221230975
0,4690372480068117
0,5102976402873306
0,5329034943039698
