N: L: Density:Noise: 2,0
Time	 Va	
0,036632028647091995
0,047673096828688546
0,060089981105346926
0,07117099612444067
0,09056270291912635
0,15549139559199113
0,11669079504239624
0,06381788226711953
0,0795109684608132
0,11886056734642939
0,13583228273743167
0,1628479497662513
0,15466602310168387
0,09136990576709565
0,06556252031658409
0,06817933668190894
0,08724859221933559
0,07332366626052507
0,232151012379649
0,26848465199495103
0,3260632300718895
0,2964528406403758
0,3647932649718309
0,39244156483070186
0,3748672527356215
0,3973334413981238
0,3955329852816416
0,3190222991480329
0,36332042371873086
0,32883666924679184
0,2776984531864099
0,3262374059177903
0,3036850350448531
0,31051447719347636
0,3167026353228081
0,3286621206129997
0,3145506444643185
0,2353555119008308
0,1792430029291929
0,15599679923527335
0,08860309639460807
0,08770327478645706
0,1775897088198405
0,16383819666024912
0,1330367715000586
0,21210682981737203
0,19726043323382364
0,15103132676125497
0,11902897751454798
0,10711643041225738
0,09425956744813437
0,02792239344147811
0,08767155038411292
0,053523893177193214
0,11979526180835989
0,14357216286212793
0,1838107506019962
0,14378570560623202
0,17649846704854374
0,18486759343093104
0,14968590745877433
0,1383196924637104
0,09644093462476876
0,012564673342500114
0,04978677060304611
0,1089968645616503
0,14853604119009883
0,217225653334541
0,1815729832537921
0,1834814409846601
0,09270572819489845
0,15602444206258645
0,09308340811639021
0,08008875097031462
0,010581689865713203
0,033642500605822155
0,024202768083419993
0,0699434712162076
0,12929645880819177
0,21958879325424613
0,19579794717954227
0,20973415177773289
0,19301218822983005
0,22812454651128344
0,2821247691065358
0,2561646010819868
0,20574175240909165
0,23652925275734285
0,27573841049642606
0,26078731946653905
0,26832206578408685
0,3146672208940207
0,35937397733453796
0,39662724651868675
0,39341124911250885
0,4406995719067353
0,4012360635922
0,4558297156721716
0,44732160404011817
0,5121823820711777
0,5303460145148626
0,5051183146113469
0,5429132574456843
0,5197964476687864
0,5184260522195788
0,5336752813883955
0,5600861768474014
0,5131481046577694
0,4968702623772884
0,4610447702107595
0,5069944942345207
0,533114080575742
0,5251647763907454
0,5528974113552617
0,5083169267862095
0,4941973099684913
0,4852513982381501
0,49524512397795006
0,500182619245415
0,4571842134118933
0,43474558581774364
0,4856767192416773
0,4575942982228723
0,38472382492590523
0,3659968981644884
0,36482818107284787
0,33008473986956705
0,3279278131279243
0,30301523982329936
0,32850772317361954
0,3440058725059753
0,27385229290419655
0,35410630590118225
0,4113555675999134
0,41844051698620427
0,4525626649995514
0,48690427750396054
0,46556297577453243
0,3857253170346793
0,319791578458677
0,333403487761589
0,31779964533080063
0,30037816720239724
0,3034417658257693
0,26318152292430874
0,1657082395650035
0,16034280760822342
0,10294642598917855
0,08574545936124985
0,1498584374273281
0,08618139265589048
0,12159126560086236
0,10897067284341916
0,13926118560078604
0,11736083317552258
0,11686119510738706
0,18526604147953493
0,24403735079209027
0,28375115447944615
0,2887755467023449
0,37401005261736514
0,3959921985036324
0,4520004185440826
0,437415979173327
0,33489853647205314
0,2668187011844582
0,22848855580711716
0,23781885820777918
0,2731812304371943
0,18878611060323003
0,20922322296477305
0,25607329911402105
0,24594088164048647
0,2355381338113563
0,3131652556937111
0,31926007194452916
0,37451505719876865
0,43455211930591703
0,4217024454983593
0,398812982575833
0,422069059225471
0,43574159236318083
0,42375845278691704
0,4508395494851606
0,4661957901647649
0,5083388926091044
0,39823071253080494
0,30656725452902883
0,30278049458970296
0,29065281771678186
0,20435959258534603
0,2551314159628113
0,3070651435562714
0,3340081718753423
0,3393620479012566
0,42075999201869535
0,35685862503644417
0,4236028146530402
0,34426953900968754
0,3064731738894398
0,22708332321810606
0,23234894887667337
0,19567582943164932
0,237311946545986
0,26057257546269813
0,3085454804247346
0,32326913721942824
0,42224594537182697
0,4394687492197456
0,4582047999945716
0,39584312536468175
0,3575591700119737
0,39701517783613843
0,3298867905799572
0,31950541720955034
0,33064497172307933
0,31907671969473916
0,3701156621669244
0,2780266016986392
0,3045874271898453
0,3460435856916725
0,2544862918826935
0,3296244809456737
0,4119070671280454
0,3842454860873334
0,3999469939158539
0,38596942838963694
0,3889611117415489
0,38759340706391954
0,4287177824226756
0,3995784356789103
0,37408750320999373
0,294852557163382
0,28385454210298
0,36064773880885126
0,3852211614217483
0,3809053308599569
0,35231325069276725
0,37571579633431723
0,3762146346586706
0,41608028124036495
0,4442540575788003
0,4422270785961987
0,41524159022298307
0,4524920939059455
0,4458777707309101
0,5181556255196
0,4653294880586357
0,4500418513746327
0,46954527850403405
0,4765365139657801
0,5390025053258996
0,4709724553618178
0,4923539553681329
0,48269223733121147
0,419294752001852
0,4310880080278763
0,3886399246718507
0,39465540482239586
0,4472951343414556
0,4013442113773752
0,3867748871020347
0,459485364899897
0,4411935147373263
0,44234232148397123
0,43222943927112223
0,5242192018287035
0,5459013998325247
0,6025635631448797
0,6282407146664233
0,6622971273504421
0,647858864590792
0,6579383280577684
0,5726775701332589
0,5686196083438566
0,5372153377535719
0,5021737585909517
0,47240189483971146
0,4283904572996208
0,43094616759393733
0,46860370506557714
0,4642953962468104
0,5381637282955066
0,5249340586416239
0,42820234596792417
0,4548168333240002
0,46704432088295306
0,4283589279895578
0,4451016882134198
0,43583898992880155
0,44570420130423627
0,47327085271589325
0,45375935741793244
0,41729051164991804
0,33817325040513635
0,23647022847777244
0,21890814458396787
0,23868750759894994
0,24230477050622146
0,22564721768193186
0,2313697470436686
0,1771136736177567
0,23902046625425818
0,281829528341938
0,3237875263689052
0,3058727855663737
0,3287966142987514
0,37682629417673763
0,28467755727680644
0,22883209341354327
0,2466759285823213
0,27613490378908373
0,21360107661280894
0,2050608235088659
0,18868052318998893
0,19684965552903305
0,14066220902567347
0,14395119935274683
0,14921473777817787
0,15098500416746516
0,19194554959160343
0,23232589835463408
0,2489506204269344
0,2399056367461629
0,20547028814471113
0,18899868002977735
0,1934109029913392
0,19640215395155883
0,18325211589686266
0,17125834867735887
0,13721984252652528
0,15661912908907547
0,20376994312064325
0,18339375091081137
0,19215977626739258
0,20402038905729605
0,2962194269846218
0,29154660519459724
0,2853020831002745
0,26379441366272427
0,22356763042548075
0,267167098404035
0,20298472081446606
0,24108001418600059
0,2056597390650285
0,23623089147270046
0,22508223609950445
0,22201222589296743
0,20818622773967496
0,1872537416589924
0,21123060137306862
0,2236066753123426
0,29804989193952186
0,217405894947053
0,15827990781683873
0,1396648840425805
0,13535914889227876
0,10560695886920886
0,05395114409841894
0,08150805014466032
0,11040195656473939
0,1361753143470868
0,17768705903195917
0,22571425640772935
0,21529695927879142
0,20449545836380978
0,14280175929017896
0,18742634624251622
0,229741157593852
0,2160676733826929
0,1934956625532111
0,1810949149449623
0,24103599672165907
0,2814241368481648
0,26119925196102334
0,25854637454774293
0,2633714576113627
0,245274202446914
0,24519693604985665
0,2531605470012851
0,158053107921192
0,06609495734888139
0,1517241432007088
0,16854032999039992
0,1354048584012859
0,162970989181463
0,1337949303340976
0,13960965950846796
0,14871881770594006
0,1401438635969103
0,1550211288709601
0,21665057361737858
0,2057975475750192
0,22291347922955854
0,27291930445034573
0,26188083069811685
0,26365949719158416
0,3214235261096253
0,34018745744828466
0,3051133111921121
0,30814246913588134
0,33741652591105986
0,4056294412130176
0,3704585979006765
0,3003447468332352
0,3126414048847279
0,3280595370407086
0,3374165739239958
0,3708373517761662
0,3846607963764551
0,4197501893599504
0,3726515258109707
0,3894217588998578
0,3853353440499383
0,44288940690617556
0,4218151779176872
0,3849121647511627
0,34024047701607313
0,3747371449463481
0,4133169931156451
0,4391569350649202
0,45474374259260325
0,43566373399199293
0,4260264873715902
0,48064392692415786
0,4777665781414775
0,460498448585823
0,38340328198681595
0,36743993332448266
0,390136690614093
0,4120291504901383
0,3590714247574994
0,3071937962300757
0,27221253038412413
0,31854053894590273
0,3066883043894268
0,35117728464436354
0,3198338492807584
0,39011103380357975
0,440694966584054
0,4177245010364839
0,38730966468752304
0,3602959560759926
0,39034999501787765
0,4443462615824629
0,41211860416378215
0,391391403101931
0,3691437178665034
0,3696456375470823
0,4330836441591797
0,40566617838690877
0,45304994540975996
0,4267437797171946
0,42798370332709296
0,40565986659541126
0,3778347225430948
0,41911291821903734
0,43445690987528107
0,4141333377992224
0,41218038801629725
0,46174940578372886
0,4256389958469455
0,369228519960557
0,36558642622026116
0,3425986293934436
0,3708807078321714
0,34381985798091885
0,32679679659295907
0,3049668849472259
0,3548861070028052
0,34920050610209485
0,3179928774808041
0,32961997692313905
0,3987984027550596
0,44644207377827205
0,38962565109991876
0,37305514327932
0,37318911325919335
0,44535851250020675
0,41213152458045715
0,3892170416036362
0,32827007260121555
0,3026334589623328
0,328734551827134
0,3530108046207454
0,4132023147682167
0,4348256251650832
0,48327089543399526
0,46638404985167925
0,41414881130464104
0,39902605866822466
0,3966902527991832
0,41197626436843393
0,3770921850648907
0,3939058061163031
0,3881973950287373
0,42244729473702175
0,4148561287916441
0,3834399837819007
0,3524723215597547
0,3447694540147383
0,3808580998236602
0,39658757875569867
0,4397166794455901
0,46343466614119444
0,4535767294712812
0,49727980500108376
0,5082174920450808
0,48321125070971777
0,5027683686971965
0,47489826105823757
0,44770969127078275
0,47459269204920557
0,4842626972419376
0,4986976276425504
0,5257550639324415
0,5293010182751515
0,5123422613234044
0,5243486131288503
0,5495515223151665
0,5544870816649424
0,5379241964663936
0,5093496362884341
0,49666005624848264
0,5029653402919233
0,4819538367812754
0,4355328560663698
0,4282334758567549
0,4750673064052898
0,494423636994981
0,4642387520400657
0,35166259511980463
0,423876639608551
0,4418204601889225
0,48798805411560325
0,45926953204296883
0,47319126762089864
0,4799327710598588
0,4889527380130458
0,5096454636786694
0,5271519624527291
0,5335074329209065
0,5184644289501513
0,5176681096611554
0,5444712897945035
0,5471638147083758
0,5528012131077152
0,5667593035823604
0,5411085579561675
0,5072911060922716
0,499947157083455
0,4883541044475741
0,49992888321718565
0,5093964033878625
0,5111497469239273
0,47890109986685664
0,5169780922849871
0,5617155916964135
0,6020797084472004
0,6510597963449762
0,640014823644729
0,607100482845478
0,6198010475526589
0,6302303930293962
0,6034011279623221
0,5751085520003258
0,5591489430630383
0,579541352565796
0,5606493849058519
0,5778457753744832
0,5693144310443062
0,5744947427811434
0,5626020697653232
0,5337202427658276
0,5806526636988149
0,5762735647047695
0,5735412119271418
0,5717399032965632
0,5305443731798718
0,4940578053454611
0,5279092312949206
0,5156530089755601
0,5448081992148637
0,5279317268726688
0,5232646016498491
0,4874236015917567
0,50783721302707
0,4485532472357141
0,43200743439643674
0,35992069551861666
0,34216333602127436
0,37444159946365624
0,3522231674399443
0,33268853930181214
0,37493419318442756
0,4564778309328966
0,5107974539854838
0,48152192487275874
0,4962619450375724
0,5000239202786387
0,4838652125695934
0,481142071015122
0,4870385560581913
0,4796164967962234
0,46499447570884933
0,4586955739306979
0,45503024703517525
0,3620532292864311
0,40467064256553587
0,38410481948032904
0,38109671125730277
0,4027379270989739
0,3692360754020303
0,3128541420786748
0,4197933617221508
0,3931631044953141
0,3872909989380902
0,32704401648388776
0,3139396924983768
0,3696051255998519
0,400926755286883
0,37796460970708595
0,3716563547765272
0,3922035904732325
0,38761689009115646
0,3748192019902166
0,31950209294552107
0,3314409318784039
0,32229493048521907
0,3160669583678095
0,320585064770615
0,2961625628074386
0,3350076708243414
0,3188771583364535
0,23671281504855415
0,23331321477725597
0,2283945239822072
0,18874154893679063
0,18163206549643493
0,13677969112006816
0,16292217896914588
0,1822789079804243
0,25704356359847574
0,2061493149734726
0,23146303132738708
0,2292014734243086
0,27295900646207355
0,2400577748822538
0,1674221895468349
0,25447878668905455
0,2600646207674525
0,22352633137417255
0,23723276627491444
0,20037123754667532
0,15277498902057693
0,15613250577657287
0,10999841979941091
0,11631655774326802
0,06634651903903074
0,11858717231384712
0,15437520043861677
0,10306684739293044
0,13428178411575403
0,13067726379036532
0,12099387153731549
0,11920904974584201
0,0926615829725413
0,13078929268617465
0,18993552933289906
0,23145497605873763
0,20682926797630116
0,15189461930964476
0,1430759355574277
0,22305433267450844
0,25508660314301834
0,3563134523418455
0,31065150942475983
0,3563005689211422
0,391871120446551
0,43022370494817086
0,38465549379455743
0,36225647597579536
0,3180535733144463
0,3301195590372123
0,3386959205291548
0,30907098166865205
0,32285848061327344
0,33961414751639274
0,36145447216246374
0,35875019992918994
0,23092627041046807
0,23965890327884293
0,31543112619437047
0,27019461115593374
0,2506553934157155
0,355398477177785
0,37058828635241364
0,395441193346136
0,438734308770887
0,4707116935665405
0,4473025990410697
0,48765608348744993
0,5116463082904393
0,5586607473191803
0,5708461809536761
0,5587285250937698
0,5223077334252523
0,5520091846180314
0,5028316290308501
0,5094759723922517
0,48459579372560263
0,47965292119397984
0,46302534258525324
0,49841492077200517
0,5128831645431672
0,47258548644179327
0,4702540089257747
0,46487049467334146
0,4875356456582729
0,4492067103919213
0,41772877433386396
0,34888351202709816
0,3701639010928254
0,3853984613683225
0,3892865375761254
0,39230190304604756
0,3797871427511917
0,3847538380906227
0,37474123132931597
0,3635668787298456
0,3528090132771696
0,2955871171088829
0,2841407406558808
0,27699863683145026
0,2914621254303093
0,34708890307465484
0,36618419197477775
0,34842570788057886
0,285550298395535
0,32214805713106237
0,2382052920212175
0,2193268594726644
0,20884176224840906
0,18521148858035905
0,1684074075341833
0,1904723803372531
0,19866460374387326
0,21215261151236034
0,16239156181174277
0,18949755907362045
0,16420380479332278
0,1718701854464707
0,18998716257996354
0,164027142465048
0,18701682942012085
0,1698642458763485
0,18440680447204072
0,1595314241842898
0,13074201077365413
0,06793062021141758
0,045189186109745726
0,07758152562604256
0,07315541579106083
0,11059764418450367
0,07939582162859052
0,05187034530102744
0,16788735025822676
0,0863695315786919
0,09394405072983232
0,11495582287201529
0,2422691331081448
0,26237423923551345
0,306759037532084
0,2945460119873555
0,331005564074671
0,42016924756517315
0,4500623908713603
0,4395792782388111
0,43829234476076817
0,44577951192328774
0,47567074564335726
0,41506572960827387
0,3908433864078899
0,42776086790793694
0,3591111003000275
0,3343762503552809
0,35146450829694875
0,3973052344320242
0,375564597888804
0,46678611015728677
0,40971231908366934
0,3884775429444766
0,35879997461219276
0,31344798914478683
0,31950711716268254
0,23640720046877883
0,1966261790240265
0,19657969510251513
0,2221227962655575
0,25682150829471856
0,2837051499007301
0,48883519461674946
0,554807136614066
0,5242507787925451
0,5672150496914573
0,5495053274073967
0,5451494720521429
0,5540283269003735
0,5960547613870574
0,5967918504100467
0,5781211522338517
0,6209196055741533
0,6300281377390407
0,5962184013662521
0,569391510464639
0,5558715842091305
0,5778063436957886
0,5773316537473165
0,5648606628568138
0,6004019690081062
0,6306514968490422
0,6352381924607554
0,6623948857294548
0,6629212644285973
0,6208928138865529
0,6326063470141198
0,662344416838797
0,6597291797767066
0,6505452427297012
0,6270423936165397
0,6176544228220039
0,6084013662503592
0,6357980620627521
0,612230754862969
0,6062842831611853
0,5944345542313757
0,5745631225995468
0,5811335113189454
0,5720184908487381
0,5693086911386928
0,588497211209359
0,5663895543632439
0,5460780620722226
0,6121105282368515
0,6000308393931088
0,6041809465772919
0,6242604080150596
0,6453269585241543
0,5808865678376967
0,553620422793951
0,5501285055216287
0,5149912657840637
0,47994437175734045
0,5174820679919797
0,5392990399752736
0,5796159176723993
0,550329131974905
0,5828056726707044
0,5283513051802284
0,5313369393502758
0,461568694898989
0,39187957007972596
0,441686050046534
0,41400046028383036
0,40515114160351823
0,4002291754239487
0,37891242532565517
0,39722430789049157
0,3407264158368514
0,35091041286820474
0,3196949523742214
0,3510824708897164
0,35828760407061766
0,3883928644214747
0,38291752749393865
0,37449153411245956
0,4534957308863094
0,448543615851541
0,4626453825230194
0,4541941808965229
0,4775321873551149
0,45384301452884807
0,46615638668472664
0,48784372893760375
0,5781362945810758
0,6015781819736638
0,5707967383931744
0,5384615420762382
0,5123559111779454
0,5318653977091294
0,556296963226733
0,5776643249728262
0,5991773337362273
0,5973953752526379
0,5669792847302397
0,5806932307139495
0,5960578539579209
0,592979571999265
0,608882224974556
0,6259649542339842
0,6050637049922546
0,6281346274302873
0,5830840789471738
0,5497589369219316
0,5630352782102656
0,5800021362332447
0,569460852181146
0,5804366060211089
0,5443710010437421
0,5297035709330037
0,4881981717630333
0,4519865075814921
0,45205106407821566
0,44991697050477825
0,44359599043498127
0,4502587110266209
0,39776389610091717
0,38200817000103376
0,40379834243651597
0,45636236404271757
0,4798812578702789
0,4636926934504083
0,39563422270686505
0,38597890073761026
0,43770696530568026
0,43482230434999625
0,43910886991474396
0,4006010458854151
0,46057629323063154
0,4851631679058471
0,47880532354757294
0,4883056625122281
0,5010792156893947
0,4269591697611846
0,43502656093960757
0,39932851359295296
0,32792746156823793
0,28891881525328683
0,26947240969320924
0,24724075619566516
0,27159556826802006
0,24753881535937158
0,25784341725431237
0,3003912002046245
0,2774051063672804
0,27808268288784743
0,2639270904679773
0,3377864560961639
0,3845504359209933
0,3587477166715705
0,32332933947549314
0,3302113135452709
0,3067009838065596
0,35021687037088944
0,37993510296506805
0,3229679012978917
0,32214063107038915
0,32544912658081604
0,31333193498031203
0,3710998474572646
0,3368532883846406
0,2962407645000908
0,35479207673012175
0,35305152296985226
0,38433656868978705
0,3725842591499579
0,3659243696862859
0,3567462207848022
0,38667600634893756
0,33612362142682317
0,32827921424049655
0,310134979468404
0,3164137400692917
0,4479308248536952
0,4878220807929627
0,38913824194897656
0,39689179840145744
0,34469557134471107
0,3745148472839629
0,34306368999451137
0,36926599359584356
0,3880292470799115
0,34241355131424
0,45495412745712777
0,441510632278729
0,3796965845029953
0,3581375030036387
0,42007445684623507
0,3779431258475067
0,3695016963964827
0,3268323259737701
0,3531187908571841
0,3987247565759846
0,3609799171875663
0,2388029679376387
0,24671133177048837
0,23347115789206135
0,24610432217867853
0,24305029709399054
0,2556226710571846
0,24176618159680988
0,30103236074581013
0,2503597410205003
0,3007041050904299
0,3365777106124876
0,4287015421248498
0,39353133115628564
0,3324869301097873
0,3226169561548767
0,2859742078071229
0,2915098470675281
0,25522815586438696
0,2715545112279059
0,22656921465261323
0,2862616354924566
0,28993607282818734
0,29160667828004994
0,21186286688583714
0,17910879381945438
0,16998437028801883
0,1690489383586508
0,1794740702228155
0,24886377994515535
0,236279420990636
0,20733170088713876
0,19444794384250186
0,2412815692859577
0,2534754833592728
0,3452337186722837
0,33802441830074115
0,38519476290933674
0,42115111368260155
0,4440371460967235
0,40747342295431904
0,3450649854746787
0,3574815991411005
0,3784033764455953
0,4160697000414393
0,46185237955825825
0,4490482908597311
0,4954391860691733
0,5110460830035859
0,49381857775720867
0,4826521664650099
0,471196766394492
0,4484750512924468
0,3824925715863652
0,3335764045308543
0,33086427462998313
0,39421153586991226
0,37193640795812605
0,31272371311237335
0,3158502875711349
0,3341052509546681
0,3440699658783041
0,31023320475786165
0,35994753961939135
0,3679510001549613
0,33141863071817385
0,3756367180939988
0,3400958325043486
0,2990311336117696
0,26321645044890984
0,2993434850083911
0,3711392631336147
0,3536264757117022
0,3313377606276838
0,30492831613675814
0,3205230775715892
0,295023160740264
0,34780828013544524
0,28518131353400183
0,215407731121871
0,2773941968542452
0,21204318212758672
0,2194495461273888
0,20746346406750285
0,15627876989055406
0,16393038373665209
0,24451121414997415
0,22620011407773735
0,2787548239261645
0,2721909812571895
0,23828055056565695
0,25204194965833315
0,28795132698832704
0,2229735415168136
0,2197573206964115
0,24964494123243955
0,24666318035059814
0,3076023587079884
0,257434504113954
0,28791687629576285
0,33112037440139225
0,21322802387713377
0,31045005272067094
0,3851447009559529
0,4620712211139094
0,4718331460828674
0,4590307994706748
0,378772181007969
0,43970326185184805
0,45182225718086616
0,4278529487376596
0,40310333224334133
0,4619772947212892
0,4596361394960965
0,4150768642195607
0,43786585500030845
0,46834746507087666
0,5138175856224314
0,487438544425952
0,508974092168927
0,4623084304667379
0,4822054316756841
0,5102433646345521
0,5504656216122027
0,5486709722932682
0,5440827797205003
0,5690071344637065
0,5499738233001903
0,5708227983912941
0,5479345283792779
0,5897995131779685
0,5611899216353277
0,5016653202597483
0,521110395579287
0,5593922913674239
0,5578487000996228
0,5733051829833408
0,5863271613501546
0,6097621608972452
0,6065394981471941
0,6274109855386836
0,6166470610029547
0,5877876192693255
0,5294511382986706
0,5063042888344009
0,4865054431040532
0,5043791243319455
0,4943760268236768
0,4243414769501998
0,497965238461689
0,5095427372795275
0,48010829031589136
0,49019772047320215
0,4386443658829326
0,4374977978567039
0,42395956812686014
0,47684814757544386
0,5452232920028163
0,6209642766562299
0,5619264426015771
0,5709222661846963
0,5133425963997827
0,5023946270077155
0,4990001553055288
0,4968523478714646
0,481322537016567
0,42438527935686055
0,4175328668308739
0,3721898250794712
0,35679395830622646
0,42955786190881634
0,4261635642432379
0,3939445858578249
0,4754291467450541
0,5217731636747804
0,5427499581729537
0,580662397680927
0,533625182297909
0,5832141623724844
0,5658981784240956
0,5191996980608218
0,5313946585003114
0,523669390246201
0,5672885037331195
0,5566798101814885
0,540497634634128
0,49359050844239233
0,41632275927937296
0,39517195864151516
0,35452894095577225
0,30020243038711825
0,2565352227597918
0,27762374888518326
0,32279562209612084
0,3024560534937646
0,28608561438505986
0,3038180149471269
0,31359957259046856
0,2573768704303636
0,26001049965729367
0,20747873913794743
0,11416740786006226
0,07424018828409641
0,10224208630922474
0,1480594096854891
0,13290538844206637
0,05791033924709526
0,09983647894703242
0,12482295171693596
0,1452694617926653
0,20264787423435524
0,226317793726009
0,24255022137109886
0,2784092535308764
0,29684001368741747
0,3090982647210827
0,2688443913621089
0,2769189478307393
0,24975460295656254
0,26839294638853683
0,2733289697837703
0,23707637988979358
0,21467117255762144
0,25479854390546886
0,24564226147883797
0,2855193984507539
0,35092725111273193
0,32696337124849245
0,3247016705129583
0,4092846662147053
0,4139632851465871
0,41897912034046275
0,35908845074017837
0,37636794305856125
0,3737080890531781
0,2986682123830542
0,3283192420634114
0,2965531419109469
0,3427869337556665
0,2631986862853118
0,262877777372907
0,2545057789819399
0,2292524292931886
0,2109245855696318
0,20484079973867042
0,23013316893662078
0,24318013125441712
0,17769830051160912
0,17531508087575956
0,12188389942666578
0,1271041862617856
0,19805511944979098
0,15857056635529132
0,15891103840421936
0,1403385047011139
0,19270141130025656
0,20185440165023158
0,23048432967245427
0,1841987548276321
0,13425463109308217
0,09307643819176077
0,06074119168829749
0,056488518941915124
0,0665442711778921
0,14429939347399606
0,13025726826369705
0,11731480376451357
0,11012920974715838
0,1507053295068986
0,14362887336313443
0,13136644619316967
0,10473141476293733
0,07992592296085448
0,12397974201666048
0,06734983629911569
0,16457804873767523
0,19104931012714862
0,21288639885425759
0,21180886933247375
0,2053124816737528
0,2799862364618328
0,25858850559241736
0,2316004728291496
0,23613700901812607
0,28276823728213707
0,2757190476582668
0,2535154544456784
0,2181995771500091
0,23026585608089348
0,20883738639899782
0,24443893718899437
0,18771702103247148
0,13116974535754264
0,12543845641794207
0,13510594110718405
0,19574441881700247
0,23665878120087086
0,2243220993931813
0,13775315129996643
0,13710188076923602
0,18002184270302063
0,14632312753389803
0,16641260989485984
0,1851762227331409
0,20845057553433088
0,18918876767145656
0,20824780011766472
0,1956949752658557
0,17176570753670897
0,19743743387952042
0,20047512837348175
0,2533766325895433
0,2510929967651563
0,24023885273151985
0,2572773629951167
0,3150868311966455
0,3204589338222176
0,3184123189480384
0,34353299731210524
0,28996125986229987
0,3017532567053765
0,2600826198686831
0,16491701838243245
0,20923909319152403
0,19545527803949456
0,17089434283577604
0,1725232130288518
0,1385738767431873
0,14833258187748463
0,2238441397664498
0,2532459660451048
0,27052592115584034
0,2931255175220314
0,30761475019839235
0,26089445839920444
0,32684152402376826
0,3335640046305748
0,30505891228759024
0,31289747820672975
0,23697391404401102
0,22827743074386855
0,2663653951059717
0,2956523228402739
0,22648111906771673
0,15615500784084432
0,13097335882788425
0,14090768358208255
0,09966177799945858
0,1489016099410785
0,15671208209523807
0,1658278105283956
0,17906600011022294
0,21190308703583124
0,2387749957500022
0,272220598347741
0,3144427010602013
0,24943729068717563
0,2853320999164662
0,2738233829436164
0,22633708994626509
0,23923275265117655
0,26802133196974015
0,32387262976951164
0,28066504351111987
0,2786774044128611
0,2451784780184462
0,22015538505775903
0,19310794697684067
0,19007862736228612
0,18548256247834766
0,1727968862125187
0,21288526414876963
0,22911230378027628
0,27567354686785417
0,22889585978325686
0,1665662109814429
0,16631833497411228
0,2086547259385818
0,2379944519160964
0,1614668942917715
0,20368675818200044
0,22768192203783175
0,24322045502278206
0,25716414533950366
0,2681294561867246
0,2869915001240491
0,373191796860652
0,38748635435256246
0,41090285326035525
0,3879855506951469
0,4055214382737992
0,4219378922646595
0,37311770053997484
0,40057759155384287
0,41947408120458146
0,35542746093162514
0,36680345056988783
0,3529854983438821
0,3612108841609292
0,34617181776823064
0,2643548780876669
0,27015943026340816
0,2759069121253392
0,24272724853279337
0,28107623515853203
0,2915139427018822
0,21185599277247863
0,18380820928579086
0,2564939483867566
0,2518285191296612
0,2690636792758577
0,3069623593195759
0,3285332511459003
0,3169259121967867
0,3914065073463883
0,38866872431068417
0,3873220934523343
0,4340590829447585
0,39278174688303835
0,38645820937446357
0,4121090431830359
0,4197404233816272
0,4058042000643792
0,4029560179873767
0,4146799779327535
0,3990326706479556
0,37809513859083055
0,3458036112105598
0,3223300623613298
0,3566565206024075
0,3435465642292301
0,3347777200680178
0,34278551866190676
0,35545128968250844
0,3533194178840168
0,374586674475483
0,3460906818589986
0,37510831849852266
0,31379697148814506
0,2539486646103857
0,2341920527471644
0,2343214145627016
0,22655783943847174
0,17827272090598448
0,1604091183347973
0,1506113887987962
0,11588655407275991
0,1253520383593264
0,09229584365785166
0,07977471878602044
0,10224023149397127
0,11676331024039735
0,1615659060897696
0,11859920006018507
0,19440030206738626
0,209598015005158
0,1960478334417612
0,19625796474389817
0,18705374937579317
0,14921792223409291
0,12852553912083978
0,10786466713186195
0,08795203453412477
0,09715311525406413
0,11308788981960595
0,0737107987811762
0,09273481292916555
0,19247298866401977
0,17806590411574943
0,19314036400351578
0,15761584282302937
0,14498366491587292
0,13942117965332299
0,11579649777554375
0,1518169435551881
0,21307114867204824
0,2273789568086567
0,1836506619036181
0,1829881596795495
0,17795156901381534
0,1848995788736655
0,1399906521492865
0,09426550816170182
0,02674570059416458
0,073387371550759
0,07443140567626852
0,11553887225140154
0,10644995691464665
0,19044162131742295
0,24110722458063
0,2449636112183654
0,24164512781909556
0,23053487708671935
0,2387125901708334
0,2747772120471043
0,2483017712467034
0,28991404394879894
0,29519752408452216
0,319149118694015
0,42570676262402163
0,44238904327533657
0,5376805884134462
0,4858666409366909
0,5308020437654354
0,5566514765486279
0,567255126042858
0,5761634903781899
0,5965967121777725
0,6294565832863657
0,6481445184356819
0,6374570112220287
0,6030552314968679
0,6028914655474081
0,6099349619369137
0,6664870278969468
0,6636625631946403
0,6796341480780452
0,6725970288685595
0,6445892968468272
0,6220636112088105
0,630935567304609
0,6142684066239081
0,547431445194268
0,5780308742934517
0,5407365001858455
0,5452023445760715
0,511617045110542
0,4701999706259635
0,5128742307856985
0,46497894974226966
0,46583139302788484
0,4835688258423548
0,44790683806361453
0,4450990413974376
0,3994068234708832
0,4108799775556207
0,4027177801494413
0,42571770849001245
0,456505084835899
0,4874423057969232
0,4901701630277998
0,4788226233773817
0,4582659310624277
0,46415304934483276
0,43531712084658497
0,42183917094698653
0,39362856907640803
0,45171348025855274
0,41544931409121144
0,42557056753992356
0,4688953039433577
0,47272464913513645
0,48288209368695917
0,516954756878936
0,5204950784424474
0,5291482623490041
0,5404051408572419
0,46279211528068315
0,4411214602290967
0,43630211039858635
0,40836167787847766
0,41613292293261434
0,4221166261527543
0,3253403044903033
0,3524426430393973
0,33064496772640983
0,3927293323144985
0,4153974544413904
0,42338594938858204
0,43812278404286076
0,4319540422888372
0,43830112102001995
0,4005324689893534
0,3616608454485488
0,3276305239825467
0,2826539504219261
0,25702137506604705
0,24309905997708908
0,209113324765015
0,1875766432892411
0,1442088450282349
0,1682022558474518
0,14580774977251235
0,17826722340974907
0,1719381808714884
0,2625563035273058
0,19374668404842646
0,16230142209110074
0,20632281077125134
0,22150761827746432
0,19108579433656944
0,20661062797003832
0,23460629494372853
0,20910862602440614
0,17910775002057497
0,20931511277408724
0,19338159066889457
0,15404953781823227
0,220913580216637
0,17958631122363208
0,1422100477463491
0,16917189709884708
0,1426504478791649
0,154654197758485
0,14444939744614196
0,15706280190034322
0,17319147367742332
0,21163036243860814
0,24404273132712992
0,25524032765098725
0,23131636751875248
0,23484014988864696
0,23924297214585946
0,18063328261500516
0,16995520446994303
0,12884518967673503
0,1390574503293315
0,10823624507964472
0,09826437525166182
0,07377860483368065
0,06909634814404435
0,08171316286532014
0,09136432118262354
0,12023778148758013
0,05932234773369797
0,14314350922756341
0,16091465854527168
0,17183022313942106
0,22659190355199382
0,22115837411098405
0,14463206801165113
0,12422363093473487
0,12866288532120732
0,15451190454782376
0,1259643015879026
0,0881737392272286
0,16088825179327862
0,2665467527933145
0,26236518968181816
0,3801574302178473
0,40068645643902706
0,40137422915155624
0,31356022931515404
0,29686499001427535
0,22695612190757036
0,2918586938460125
0,22285009039469958
0,20474939339496318
0,2008518781197109
0,19782947915964344
0,1736069982913679
0,10357204759154671
0,11016657006191279
0,06618953641499238
0,07867146972661207
0,0861796410751567
0,10639369925858806
0,1385495026294449
0,17389562264969233
0,15771042318013148
0,11601588669459874
0,20394762026831018
0,11646660473244239
0,1322841060988427
0,17216732879438457
0,09467281603600432
0,07339691746295349
0,1375472441506558
0,1156221951837169
0,09472441915238526
0,11114653268059141
0,14024400826219802
0,11682952713413143
0,14073883301817258
0,11478715167771042
0,14036157382320352
0,13314059108318943
0,18488297625078812
0,21949324640712342
0,18927333568660873
0,20076584926987764
0,21138988398858602
0,18105801390626888
0,19870796499860738
0,17276785542753406
0,15714051358007292
0,15716883366713194
0,16134604001545558
0,1448793191390681
0,09697434361737059
0,11801623312660245
0,12085111835509534
0,08669143223851579
0,10396311171120062
0,07748606187058248
0,10581867579447633
0,14416491279984295
0,10438984368965966
0,10548751855272502
0,10723773135397519
0,07266419393363045
0,10557191121275511
0,06345794721589695
0,06811000767129266
0,058335600158679966
0,11481653999697114
0,13442079526091394
0,0811104776535872
0,0919271659100461
0,13211083206748428
0,11206667728582159
0,1186351476647917
0,15005408429833417
0,19163735085948522
0,22355955733209362
0,1804573191545029
0,207455977837364
0,22972334877627018
0,2633989366748107
0,2201685330949128
0,2171662681283008
0,2148800180071583
0,21815096154356747
0,21515086581533716
0,21829639187719285
0,1649991464188029
0,17608143224550668
0,2226731827871936
0,2129635684354062
0,19215229841152198
0,19919586190159896
0,2648970504988043
0,3174966038605965
0,3206593768753964
0,3621261299397089
0,4014035693959215
0,39325652426455643
0,3826073157597518
0,33412397243826397
0,38804221165688035
0,44919203715518263
0,3771635961307707
0,41914245154652063
0,4482955661173431
0,44458283769187457
0,45223333423060463
0,4394994964843947
0,5344387707373153
0,5167347134358254
0,4491666365212736
0,4615298152892611
0,4259946816942754
0,43531209974652907
0,4242613601788437
0,5066277069484477
0,5246934753898819
0,5030898992086135
0,4658642955009874
0,46254221220637276
0,45469828827198616
0,4142575654874571
0,44729350691214376
0,5224602984645182
0,5126407870161632
0,4702879186820342
0,41450315981369634
0,3836996602536183
0,4248169839079351
0,31469250963442885
0,35620273949576703
0,39097986684238617
0,38924415616770713
0,3273595526257287
0,2972261754614286
0,22323581186949026
0,31254217603757567
0,36567194172696305
0,3642464712141996
0,35641990016997593
0,34632380595502177
0,21360827586416256
0,19404921199972952
0,15099681624837916
0,1850466653260433
0,2281587780445485
0,2152625665178163
0,2994492467040332
0,25982668141610593
0,24153892044896802
0,23187347195614288
0,24604465853200325
0,28269275452747245
0,2622478999865389
0,2453314776662099
0,2669615985659416
0,20683632828915607
0,16468903332034165
0,12735103423749006
0,09743175158603119
0,14690609880355304
0,12527816630587427
0,09421575655263999
0,11975244216558042
0,1271762531670448
0,18353148194686086
0,22654745902173318
0,20334075112375002
0,17596675893907862
0,10438588363092575
0,08719954488427906
0,160984150057408
0,22523252438387883
0,2724700004452811
0,20711002971958387
0,13492028111600637
0,1293739917808991
0,13680733110700163
0,08145041555937751
0,12921987934184936
0,13124664457487697
0,16904643045212053
0,21861594402657944
0,19556805371554611
0,27685786430080916
0,31610859231959754
0,31403764124007943
0,3086889691850148
0,27594554719225023
0,25418227962162243
0,25987526115339227
0,2571484537739818
0,3071974229492385
0,3213036654285265
0,3046580926211693
0,2810306885147025
0,2603561173990883
0,290919495927713
0,27062073067887055
0,23491791090994507
0,2731194142022313
0,3027810853159974
0,26424380461979075
0,3181710100888047
0,380286640082795
0,3468416180206239
0,40028254512303835
0,3720868383661075
0,3672386163565904
0,3261896256170164
0,4269531100106186
0,37420997181900273
0,313711992616549
0,33263110971699145
0,3208225261426304
0,35248276059506023
0,35828349361738726
0,36774742369679203
0,33083158328668233
0,2322382254597398
0,20214268363208926
0,23970558858487798
0,20194299139136565
0,20428940870107565
0,21291985656655293
0,21367223931245558
0,19356795911282104
0,27913057413808356
0,28756671850940096
0,3166667634785805
0,324330824487833
0,3437232391629396
0,3688736077626729
0,40705285372513517
0,38980485644150237
0,3974128796970359
0,3733140132639584
0,3289749739586073
0,310600507929132
0,2949994464232382
0,2314280370663803
0,21447247844714237
0,19273295481022146
0,2622978297735295
0,32547863780871855
0,34700797854976007
0,44517216042363117
0,4222402959093925
0,45045688470671197
0,4404317237258398
0,3760748350919716
0,3818763680493377
0,3110080326772551
0,2947456961436744
0,2834182489215706
0,3465320381205688
0,40648584808126154
0,3806946813173063
0,4142690950799953
0,3602820891489849
0,37894908012623646
0,3772119689901852
0,3703627241643604
0,3795796412152596
0,38469204080663605
0,38140878129359207
0,39421691662899483
0,43044106155177747
0,3977182699668555
0,4069255285210594
0,39054764089242183
0,3809949758652049
0,3859320881131438
0,36958742102471376
0,35514757855195245
0,3282002949440587
0,3774596227207087
0,4157347417943266
0,39691944071850604
0,447700263135791
0,4296766899950156
0,39605770971855087
0,3931411252284996
0,4770437663463214
0,429677501093373
0,4131557904469254
0,4564437669275414
0,4425157511838733
0,4541913269973815
0,44078634985968157
0,45229229884136873
0,4842106511623224
0,4587795798035781
0,4780704461333753
0,4563035334103733
0,4632432958421923
0,4769857186490452
0,47684802209079763
0,47677018373593355
0,5016785991535504
0,4681253414954947
0,3960740407228679
0,3675505604633969
0,37024544712646984
0,431923809608339
0,43114382843193866
0,3687899768030388
0,33339313559899497
0,2585145030996599
0,2848738142031872
0,3240900460143269
0,3602359427172594
0,3536202979050227
0,3246679170144381
0,32819373207974784
0,3280356044970684
0,4130275949648002
0,4612326603538774
0,4965267476891798
0,4960713539913109
0,48886231855638046
0,4850586083918668
0,5103219337634753
0,506331824232761
0,46115483171633365
0,42175782090939573
0,40445310625756964
0,3273730260615451
0,28261832675547477
0,22383744911821507
0,15872587474744654
0,22523043757741357
0,3034819980524984
0,3582666040343781
0,35567931781234235
0,3714897139741467
0,3542484279091244
0,43500929805521354
0,39661873282758064
0,3689787150777446
0,338548385340445
0,2675851792695617
0,292902749513215
0,30646847073961564
0,261840687408465
0,2502658189248988
0,28487491687713234
0,290205901382394
0,3131464772031273
0,3772074703147089
0,42463418079296206
0,38420081494410313
0,37379680128454074
0,3957423249042327
0,4202047120074243
0,3967622404933178
0,3550485545847181
0,264813457068316
0,20992013840477847
0,1247331451028158
0,19361971049331933
0,16873470236198046
0,10404126982706101
0,10351970243284064
0,08296592712130481
0,04960119148207098
0,036166974272732126
0,07971449310705706
0,10700174028486832
