N: L: Density:Noise: 2,0
Time	 Va	
0,03100757090301591
0,12017738215830394
0,13453902120844827
0,11453495528563755
0,08738433329022549
0,07417343102987499
0,059006066411607314
0,07736030509787443
0,03885809437035822
0,08464330472708888
0,09126188836650519
0,09816062189897165
0,17501072368326182
0,24921263750942052
0,2493266764703399
0,2867100956577997
0,26092717917248137
0,18664048553545157
0,15935973536149844
0,16403910682392217
0,22376891687125086
0,20039374615966657
0,14468808092643984
0,14964525818073066
0,1930805327003848
0,2682252408148463
0,263687352104702
0,3000855911945238
0,266505578526161
0,22148714970887384
0,23151072453400975
0,2720551517117106
0,2926897907224148
0,29644049468670813
0,31522612070331685
0,33779352522472805
0,32940248646840786
0,3624507587555405
0,2919934564692529
0,290645563656299
0,3123886612158352
0,327516129394924
0,3184017063434538
0,3577672781499754
0,42902529229767206
0,4557238934784684
0,4781038647454655
0,4635714771813526
0,48315912231139313
0,4414712751985616
0,4400441029980321
0,4444223378310425
0,41574949396886757
0,45264762598478064
0,4735083717185257
0,4458641283310424
0,3869756386904684
0,3280826340868427
0,34510677579126176
0,37763226789872095
0,4359495519348519
0,43545429199743707
0,44711647936319926
0,42321759006282655
0,4065846544344298
0,4457331205243421
0,44470638818015373
0,4234956556438791
0,43391361093081987
0,4165242679033724
0,4252829745388104
0,46743097227314123
0,4393565126093195
0,4220531126672451
0,43790398561172544
0,4798353316617991
0,42772672140356566
0,46918992743653404
0,5061481394526469
0,5091383496733745
0,531376129142993
0,47210779582622286
0,4128297632530892
0,3900061222553442
0,2969465597061508
0,27886934305883243
0,2849582996686641
0,23820888098923246
0,22480708462363022
0,2080715721022267
0,14381296463026386
0,11153518723540717
0,13253823405308546
0,15511497881390074
0,2382559252489987
0,2384641209941076
0,22951661110654809
0,2640447123036702
0,2579693233817348
0,2182554281170381
0,20423916917998902
0,236525638885794
0,28420696863903394
0,2702742214836452
0,2813076689724847
0,3218703312189249
0,35175072796706375
0,3264386976838017
0,3012384733222484
0,3420013515197245
0,3301577866292576
0,33459125651417615
0,2857092691742407
0,30759503633193247
0,29638181042525197
0,27716020287730975
0,26432147323644456
0,35747005911792434
0,33745167667818404
0,2839133492102471
0,3467113128957756
0,3516708518839516
0,42333675295126333
0,40478203004165764
0,47597911794683967
0,4580636529876892
0,5347759327448898
0,5308357094961836
0,5011767824791886
0,47761840581420484
0,46075018179666083
0,4310794386549284
0,4481444658459072
0,3978241000815415
0,43888161235490486
0,4300333154479605
0,3766363382375244
0,37432582212415216
0,4257408971895176
0,4130787717584354
0,4832329405336824
0,527507733872235
0,4993720191466798
0,4989418292223836
0,4168181231266089
0,3990679630636142
0,43245210269496137
0,41292429321299456
0,3847300089185707
0,39267089905503383
0,332272076337241
0,334807179857692
0,2525715680941192
0,2521218980836796
0,24671413988273372
0,2548462257364799
0,25394622701025227
0,20925528675729094
0,1779895149092515
0,18955778573549642
0,15459034296204546
0,11369884015792345
0,18030039262614153
0,1606828321267687
0,20488232032916998
0,15766349113925154
0,12062066230491107
0,11711680716901124
0,16204804059439143
0,1610667863053535
0,2015553011940419
0,2736055243631417
0,3270985141672599
0,34753902763926414
0,4116124333466612
0,40543455321589045
0,4176654778801154
0,4213169749599197
0,3526178739781736
0,354575573781405
0,35677702290490837
0,32116234334405014
0,33561316502653626
0,37394026995386725
0,39873724699052043
0,36312675998821875
0,35047941872809635
0,37140661957022
0,3808139917232128
0,3911942083429534
0,382130884748389
0,39227055175553566
0,3991896631205219
0,4695199226753691
0,39256966689976414
0,45179892716378284
0,546618567457257
0,551780161934969
0,48354316790717855
0,5425880712660968
0,5117664303177646
0,5096473039875943
0,49839917047323695
0,5278768637829391
0,5025555664121178
0,44406783900978397
0,44838166119715045
0,4123934503046771
0,43494270001952645
0,4136003770889492
0,42802260547613247
0,4195721600954436
0,44442470020374025
0,40284128980375283
0,39350539965071024
0,34333759900543137
0,2807324877875901
0,2546878876475869
0,2643784839484794
0,2794653623606389
0,2904329448460851
0,30814136692239563
0,25661318106749664
0,2250241084067041
0,20327872393011184
0,21692025871914464
0,19724255347954722
0,1964413817232493
0,18223859125711492
0,21184884923651878
0,24743124452196913
0,20310560826451274
0,1916100986271293
0,22335784818594226
0,24662982592449584
0,22485174073125186
0,24716927967472266
0,3048830694280491
0,2776555599517898
0,28913302267792457
0,2319477110550741
0,22287292201999373
0,23313456685949088
0,2860785181416344
0,32688710978682284
0,34710147875928177
0,310389068541837
0,3006042203438055
0,3097975757915447
0,30419461441090967
0,326367194425857
0,35926570842967165
0,39454158260098054
0,42980533985616465
0,38972202056078403
0,3810500212131008
0,3707463501649041
0,37258658552582324
0,3782041734400932
0,38496473652798674
0,4041550004932428
0,37397603658435485
0,37729474190648415
0,40541885967782804
0,3570163215510333
0,42679382022494744
0,4505923154337337
0,4562717401549994
0,46382339844336107
0,47554194017954476
0,5103585310184434
0,5024800773885492
0,45048634765480766
0,4784926120561119
0,4327001334236611
0,43020285241957124
0,4708397087292634
0,45209470179681077
0,5005213603576973
0,5189270894981672
0,5386524782650367
0,5151983392241665
0,5211156673795713
0,5411183495365021
0,5349893043909878
0,49140580746503404
0,5049242296658415
0,4952948065638276
0,4703562822776973
0,5245903423523184
0,5114889730805499
0,4538355311486828
0,4594754070336779
0,4650564897147654
0,44966292124920315
0,4558309730341915
0,46337355598173663
0,43791999046668045
0,4677238644896717
0,4833860691283518
0,4852072491987977
0,4774595798682977
0,508530071277343
0,5083627937257059
0,486411531472091
0,5455956309375309
0,5678072062620896
0,5503124172303656
0,5449113394856573
0,5192704745157395
0,5394145647060613
0,5748263208412782
0,5150780710767694
0,5421032201209162
0,5457784747830904
0,5246632269486309
0,5562831974390923
0,5654520230505589
0,5607889864686981
0,567850879062836
0,5009045124715388
0,48277716428683054
0,5048708032198419
0,47603004844785024
0,4543104451590675
0,4370275419060328
0,423017101891701
0,41147484868720163
0,41952588714363753
0,4343304691292612
0,44803806804397867
0,44092263129255727
0,4095263065369907
0,41462502498977916
0,38929072615787164
0,43033241571309006
0,4284430744496766
0,4279532847579458
0,41764728602783996
0,40271990118174694
0,4387944440228189
0,4553405992145042
0,4439501893991554
0,40318945822977076
0,4135369259840299
0,32480353109025484
0,2620514806965028
0,24229422179277574
0,3104847699566355
0,2956477502514196
0,2867394132261821
0,3500214645485328
0,3919607847812713
0,3830724807696568
0,330801066455436
0,3495442462088791
0,4062229534687127
0,49308640931638303
0,5070262277261646
0,5665429126137917
0,5731196600627035
0,5886549560925245
0,5607754535455977
0,5464988297544101
0,5255517522221363
0,5321584902778357
0,5571719290655707
0,5796665759953074
0,5830884365846033
0,5843207442081636
0,6187265462505949
0,5765912650842936
0,5937949327458475
0,6152496883442554
0,6509302207942866
0,6564677459474274
0,6452587145157985
0,663941396067982
0,66594048935595
0,6113798842867241
0,6304785587547311
0,6507536272071003
0,6623134638517474
0,651812868861309
0,6629879131062945
0,6629991301452979
0,6301727255515837
0,6770484587477766
0,636889364817919
0,649989158795796
0,6507726322217415
0,6341157621022704
0,655082676582586
0,6488579813855662
0,6692513767306485
0,6491732138221465
0,658441488810906
0,629431925609025
0,6239815869603528
0,6368776928246819
0,637973885854104
0,6463837360957031
0,6574780375869996
0,6480709007575302
0,6507863177549574
0,6036869790289081
0,6116483680232501
0,6410071063795064
0,6162907581262927
0,6431879960313398
0,6390401193518204
0,6164934207609696
0,6325938842697457
0,6203581795192001
0,6486323497800833
0,6420863017893043
0,6454120553699436
0,655646704893827
0,638170248763167
0,6558534011570439
0,658317931403246
0,6262247745750337
0,6459783986207226
0,6523441689511853
0,6411736513977994
0,6425616647310938
0,6520705301354849
0,6587347806842355
0,6406759298569724
0,6475959229449327
0,6428177838801507
0,6055940923783126
0,5866676101306715
0,630483622266532
0,6563258386362368
0,6475311682721329
0,6571929868270918
0,6596990868501329
0,6381191933724667
0,624391920282803
0,6287455832939264
0,6674658290447943
0,6296137730613663
0,629909583818682
0,6457419830244018
0,6313275638117354
0,6435090084889132
0,643425902425022
0,6438877967434508
0,6383856403985521
0,6277038344653189
0,6284321804945523
0,6185142473435652
0,6375720137680302
0,6402923700900099
0,637758576730266
0,6522287898603084
0,6512039109849227
0,6510838634455788
0,649932810139091
0,6417320477415133
0,6544645596661044
0,6635477565330814
0,6704600909741616
0,6658276083682527
0,6501188333103097
0,6395004423763114
0,6507708532213712
0,6513893209175752
0,6134020693803969
0,622994179160328
0,6347923693124807
0,6308787666277879
0,6483715642420513
0,6729640017277139
0,6505158518733074
0,6522544049260783
0,7061008592739494
0,6891514740417959
0,6835712609820865
0,6650523790690703
0,6355741183077438
0,6409164173687617
0,6276550196303293
0,6226613457585615
0,6674058550495418
0,6574545302160772
0,6745373314201025
0,6852451277775682
0,6735286584639446
0,6599101653685018
0,6592966596153409
0,6625122796312907
0,6597735797623837
0,6398401565586713
0,6123942627834071
0,6012164525222914
0,5952355037066231
0,5584950576719265
0,5647019850735397
0,6052388433144038
0,596859098379999
0,5576116679075682
0,5465522278061942
0,5557104082696033
0,5159392167895025
0,5198098386389411
0,5706430666995673
0,5698958958908765
0,5733018399493659
0,5894994634685786
0,6259764639211483
0,5927197757815846
0,6118518351423355
0,5726029965511015
0,6050238337160926
0,5633354294331236
0,5350203322820579
0,5448779410308467
0,5651301653927743
0,5684058207889652
0,5708828207184733
0,5587870213006828
0,5823455221008255
0,5680880496479899
0,5976710066148657
0,6130691992756022
0,5967587361136439
0,5512160926483042
0,5494653935836751
0,5474399810989893
0,5519798983167856
0,5584123744160344
0,5790878537928239
0,5519617980577245
0,5490403922233612
0,5325481939944585
0,49059359021596777
0,5227984606851361
0,5338053614713707
0,5182241818199481
0,5316269846141827
0,5219196693825119
0,57713075487558
0,5957275727502129
0,6004599640752378
0,62911361067517
0,6513407829089151
0,6736751447989391
0,6209788141593958
0,6402121895798678
0,6385836524952635
0,6185474187958578
0,6059513345159518
0,5830628456146455
0,5967720138963624
0,6381702046611587
0,6293655665727269
0,6340287591921258
0,6670665481332488
0,6760439879264475
0,67295391497086
0,7062660561868813
0,6782129308936865
0,6547036333105166
0,6708562188286273
0,6489900838235686
0,6307219328351537
0,593526197825495
0,6181195988022667
0,6150637599432877
0,5775277494700815
0,5240860961903407
0,49522813912503916
0,4933852358944161
0,512812883431809
0,511436937944338
0,48370745941304
0,49895771837243424
0,4943972635425358
0,47692044048316623
0,46697042235806685
0,48357145994400075
0,4767562908784585
0,42347443357042136
0,4458156730363684
0,44667138551981145
0,4509453217332207
0,45349574001740317
0,45298130274561005
0,4609106637346997
0,4502323762361911
0,42264041163344934
0,43456072729109285
0,43040309659066867
0,4119920852233768
0,43252292345926935
0,4561337625327509
0,41279578044909937
0,48648230338352577
0,4807403454833389
0,5449907373777322
0,5509164192694664
0,5975975496932172
0,6034439478303305
0,588264933052846
0,6241906402041522
0,6317862188008639
0,6368238752505274
0,6675354507788364
0,636460196687403
0,6840116642293368
0,6606759985768433
0,6400415685968829
0,6363338700551379
0,6092203147223413
0,6183746296604631
0,6480660817455594
0,6969597766112013
0,651886134266365
0,6630775559863515
0,6566508501619165
0,6755472751440477
0,6608091597516782
0,6615710359469075
0,6530598267087852
0,6711604810273905
0,6715755319633296
0,6625219233705473
0,6015571703669914
0,5555735631634025
0,5362205214044251
0,5065795028605535
0,4960091992500563
0,47514185407481835
0,4497394538075223
0,47872992034545353
0,4696030353334571
0,4457608741218956
0,45706846614120017
0,4245244853310545
0,35570872890327176
0,3266249547994385
0,30260593927658724
0,3353902969583193
0,3341358679674763
0,343086453618772
0,3786769310889267
0,4014246791510824
0,4442342769328477
0,4654490157959712
0,3959916338613131
0,43123118973072766
0,4490664903601944
0,4534478419698097
0,4894201431173984
0,4843284254743197
0,4800415873543292
0,48510476079441534
0,4620227257147556
0,47940821475944256
0,474627394792904
0,4587556428125515
0,5088811104088713
0,485733246578087
0,5081456027412731
0,5032086646728344
0,5349838392631798
0,5685457128699242
0,5600063131194406
0,5663216980958846
0,5812684026151357
0,5654206576785339
0,5520084948500172
0,5217087584370668
0,5001208709839516
0,4985895784443164
0,5212764790018891
0,5421378348095098
0,5408337629101563
0,5546538882493661
0,5311909010297624
0,5187461448703281
0,5246452589651902
0,5171221372587513
0,5112756367437983
0,5002828296880851
0,5101649664121707
0,5149826206232813
0,4456932137472362
0,4043513487864745
0,41948127331049273
0,38948111551186837
0,436493461178861
0,4518147819513685
0,48478065768033035
0,4654250420453656
0,4670420852161983
0,4341435453174991
0,4281983635744066
0,4537830341956308
0,44210962171031726
0,47694422765113165
0,4965900664511273
0,5142579545927753
0,574117678397929
0,5468565874564529
0,5277809143423136
0,5046065727839383
0,4893584576775703
0,5153688710677979
0,49458291927289744
0,5234851380677642
0,5479652643475875
0,5566593845011064
0,5158581515851863
0,43620467404088753
0,4546118692021904
0,43278171117443315
0,3805991019588887
0,3387961524350344
0,3422819797550951
0,42007083047524374
0,4338573285066193
0,39394863118056084
0,41338321546188156
0,4060050240134049
0,3758804982653745
0,376159551728177
0,40445885827508604
0,4037458208353166
0,44690312438053886
0,48496040449223804
0,4742609218472411
0,536524268334182
0,5478369596881548
0,5476318553955898
0,6042322362486305
0,5674870243289382
0,515898186885675
0,48468975618028615
0,44214714416826045
0,417766383001001
0,3561701876198319
0,3326062622458707
0,32230916953945066
0,3171374491256094
0,22587441841501124
0,20075804819602527
0,18358367387000485
0,12399047899930206
0,12158393513454546
0,11936688152218912
0,09779875052530791
0,0651557376982199
0,05838368242691615
0,08886137673067757
0,13383309037547267
0,19685982812356204
0,2437678870139352
0,2485163183200478
0,3016888415888653
0,30017139873084875
0,2832329889124235
0,3255723544305512
0,3175054241086709
0,3261362207237998
0,3062015592043202
0,20260731170264437
0,2281630562952738
0,2357350026628875
0,22545747927611137
0,2364996963690936
0,20140870720291523
0,2336951579029244
0,31016430835150377
0,3117467378518494
0,3136388356125813
0,29159473695673727
0,25001496622373826
0,2906615481476048
0,3404634436249369
0,32418958175706375
0,27970318263452676
0,2848831845168948
0,29975739625358844
0,3340163015849508
0,2917631453140839
0,29586019616344983
0,25435527250889256
0,2670564011173083
0,2795528375020368
0,28134407449185556
0,296027453008573
0,3066647037281439
0,25766209705781906
0,2656959451312356
0,270032244539124
0,2843345234657963
0,2737763530173804
0,2755048845336033
0,28884740934843195
0,237483833739004
0,2726799622863759
0,25451844669083545
0,3288540568321142
0,32479323310340596
0,3756941083168512
0,36145256514674495
0,37156157940394263
0,34092505646256405
0,36626821937770193
0,34045218326088506
0,34574391577621677
0,3383977564000044
0,3279752720820532
0,29916979854791703
0,28244271539522864
0,31936642551266176
0,2625990775649497
0,17349719622077117
0,09503127098406963
0,0456782353993859
0,033723018052511156
0,062445196937609686
0,03435647338281664
0,03631655866816238
0,0745922579875951
0,07746385165752866
0,08481954466026359
0,12537412633641207
0,08154668894006827
0,14506278831368521
0,14352421273917462
0,12959048596954756
0,15298583971146124
0,12622429950810016
0,18311685929130025
0,22727385390342983
0,24331211454819449
0,24871439821844726
0,28510743224409785
0,3184264049650436
0,29923826425014644
0,25040926779503625
0,21608818645093136
0,2000838332823471
0,19995649675215219
0,22430776925044565
0,2956170124778207
0,31565207547650787
0,33868579660545345
0,3739451067505826
0,4500585890306393
0,49052669623615586
0,42451000313024073
0,4559633123063911
0,44101110608288685
0,42943721520072203
0,4073951503594346
0,4075411041971269
0,4088283320981404
0,42535711569290896
0,35581612453510564
0,34116029077946974
0,30109672500693646
0,2896618011168657
0,2900843384097189
0,2632991175776165
0,26203278855955126
0,2844877493469377
0,2757650703126453
0,2899850574620207
0,2811662254377614
0,2690330759317247
0,25242949279965854
0,2527657013925343
0,2761354121863366
0,3057692080221664
0,2974069796499504
0,27868012494782446
0,28575760721672977
0,32394083531481344
0,3080266405433838
0,3350699354260862
0,3500715825812707
0,3544628620969391
0,3621601094400854
0,39788790130919194
0,37234128961859436
0,3989204889221373
0,37608316823842936
0,3526672872555454
0,3633133457082068
0,32223603134400636
0,37535972271207246
0,39386414765572236
0,3445319925987269
0,37801834305577225
0,3931637932064511
0,3301635822202939
0,37206218797756396
0,39806593219592595
0,4207139811649147
0,419894773622236
0,38883007678991793
0,4453979750033988
0,4359251275298615
0,4214814580758016
0,4564603180430916
0,4570888247830372
0,46523192762010507
0,4764609473774949
0,47640535629384423
0,45416230359719806
0,44819036623782843
0,4294749463072088
0,4717758979661694
0,48383144362856134
0,4564517924856142
0,4408185590093958
0,4700546367147477
0,4424689197985878
0,48490893999794243
0,4847623395072654
0,536677626391204
0,5670145187929228
0,529199716404504
0,43481397013618234
0,4344632077359991
0,5035733370788583
0,5591841739064429
0,5262594066598583
0,5402846742218663
0,5726787430127451
0,5656800939639341
0,5652272328819155
0,5926407330662674
0,5550030578710726
0,4997091069779377
0,47681740273692114
0,4476566213056408
0,4406718503568609
0,40347261124187417
0,43836541461971135
0,516636381622982
0,520427283845969
0,5286202311778688
0,5160864511969361
0,5288194015838852
0,5234678813537677
0,5472205803127229
0,5473709831234369
0,5708222778250154
0,5840381199823781
0,5667611693823923
0,5656826005675073
0,5471477648747248
0,5483710938480428
0,5123009856660405
0,5130371951015089
0,5212799421597158
0,5257024437008299
0,5153111249212442
0,5388704800163059
0,5521582564174901
0,5603117750471212
0,5995641161185933
0,6016110537554444
0,5749529968922656
0,5317351354563531
0,520260183510528
0,6062391164368327
0,6313722394645481
0,6248189898405975
0,5996138446803495
0,5944329445446451
0,5800096404764185
0,5753035646673681
0,585036114483912
0,5820862643676042
0,5876467126878294
0,5564211648666805
0,5652686210604608
0,5992799263690342
0,6289054058209058
0,6569114217668105
0,6185265753564011
0,6158582638092355
0,6134660760155344
0,6247140627720003
0,6025865035453121
0,5920221393287126
0,6330648787867886
0,6085633924353377
0,6187416723897663
0,5816374974045541
0,547628541609196
0,5542584847583977
0,553252213031404
0,5140452197961535
0,5390161539658384
0,49412756194803403
0,5140115203263982
0,5429428319900769
0,5225444914908904
0,48084363948874
0,49621744292624725
0,5023812219737757
0,5085354483723005
0,48668522572893924
0,45286339258479685
0,3986105334293876
0,35897206731550024
0,3954429244257717
0,3356703580653943
0,2884661511634806
0,2609479800937769
0,3185887358213044
0,3538800532201697
0,3680985124627794
0,370033176171094
0,3503149315104599
0,2839961998951764
0,31461768621267744
0,28667025872740587
0,2994126085632854
0,3298082963665627
0,32263995105037696
0,2934927774851047
0,25899828556146576
0,2742879605531573
0,2378100816091511
0,21923273959957293
0,23237348469330601
0,27385898226413324
0,19837625395657657
0,21935381153834818
0,17433037730430814
0,11750476734044979
0,20933811832000618
0,2503318210390652
0,24223856044968928
0,25755039732761686
0,2461189858449341
0,2672328476816464
0,2560350704279519
0,26344387452389717
0,23251413062562684
0,22424643272297426
0,28946282208238955
0,2949873157441268
0,21532196433783285
0,21755602546660488
0,21773808276440493
0,21295398120110676
0,2628655744652237
0,3025091911388363
0,3280001801596002
0,28995890441906647
0,3465379256196769
0,3034941801700316
0,3363987439353006
0,2549252372143237
0,2829739367500254
0,3262944468530213
0,3903629297094673
0,3840755388595651
0,3657292492635006
0,40441820393548117
0,3901397000488079
0,4022540921311302
0,4241867694151587
0,4344341915989406
0,44331084210441934
0,3880357184341504
0,40001082434427926
0,362936321362571
0,39756059950951705
0,393333004721748
0,4016489807220864
0,39896308938742225
0,3674568669674271
0,4170603164866161
0,3181647299893003
0,34560600991707285
0,35690995571204176
0,38006146113067385
0,4259594799368117
0,46527788358047784
0,4453191798477408
0,3727183203716332
0,3406101501047303
0,3460170986449273
0,38469031965525297
0,40222610779261586
0,4061633213234113
0,4038212454362817
0,41895285301429425
0,46581561667594124
0,43036773242708587
0,4794826701974561
0,4616522785887072
0,477953265487601
0,49735088339358413
0,5343151403106373
0,584873038786459
0,6348118354143129
0,6153817878039758
0,5852916478727439
0,5945274456967251
0,5638064742070787
0,507169647172833
0,4827612549228296
0,48344266088575166
0,4813672465386548
0,47040448033674714
0,496970877218702
0,47063139610137694
0,521771770087207
0,5262134702304734
0,49021017501212644
0,4606328592996757
0,45892728721259024
0,4422906607882767
0,4377483887060775
0,422755137364053
0,4317840414162387
0,4455015262237256
0,4455461230242704
0,49642165108177455
0,4647621328804262
0,4567518442380516
0,4337377640568071
0,4112265173219837
0,36600977617711233
0,36263739756204577
0,3171371355009097
0,3734170694848472
0,3890667021281424
0,29952329124569593
0,32723198179618423
0,31857655093514375
0,2837043249643906
0,23096124625212108
0,18244443813457878
0,17652470928272412
0,1738531084565145
0,17542069597758658
0,17700315060177815
0,16906747164445715
0,19039068507245188
0,23946046408810753
0,28785645180997343
0,2972529481706584
0,3683093409198175
0,3481199339239452
0,301098223495997
0,2977312136972854
0,23399930394016763
0,2687531203533202
0,23795248015455112
0,198886078467766
0,20772521600611377
0,22872247274911173
0,26100282985065754
0,2359256451900081
0,26315063802019767
0,23830725634496236
0,24299981295242873
0,2352032701224633
0,22193496245877814
0,17505743753583325
0,1855442924134021
0,11356842065037362
0,113837441497445
0,17836542400815994
0,18912550994705207
0,247644987626239
0,190070518996178
0,2122932514414346
0,25552892252153037
0,2053433169784962
0,17843019526826348
0,16760337990254964
0,23175243722283273
0,2531898278253726
0,2377731742167829
0,20364755020304945
0,24291734900555326
0,2808554640132227
0,3342726516194816
0,3283923760201039
0,30167871536831453
0,2729096387762209
0,27915184011408367
0,2734147809247384
0,2657335656731857
0,2021867528741947
0,21331614852692546
0,18619748760229607
0,13195217328346576
0,13132846606744658
0,13140018305829038
0,16550453325805276
0,20120226142650874
0,1753163170334556
0,21006275251775716
0,21732253190128512
0,17382663159425063
0,1445252398473867
0,1307143912977284
0,2046027402098492
0,14505037356292388
0,1982814542797602
0,16792951302829762
0,14790046699085144
0,19700182976006866
0,2322552188386812
0,2708125005582977
0,3219918573876685
0,3112914301950559
0,3386713617644009
0,3380908820553165
0,3343559183450712
0,3268692190603732
0,3332476375242141
0,3411454394866012
0,35678051721374465
0,3849840976386103
0,3448639997735149
0,3354080084913752
0,3907335010138078
0,3582230909386318
0,36210337723450003
0,3155936020109905
0,31026651186880144
0,3030707467760166
0,3040728171296889
0,2609437298009953
0,26700955330625825
0,22350983146433634
0,2170503350712481
0,19139559870577427
0,2523950510074931
0,31074602254048855
0,3226006016840628
0,3162858151849166
0,3477782063047747
0,3563301277131075
0,3235379409173333
0,3627271706974524
0,39876933837834766
0,38935756837985397
0,42423220655044513
0,43055900494077953
0,40476253496360154
0,39464087280427484
0,3827465054465926
0,3643041559753895
0,374388447675751
0,41305857147865693
0,4223576829365905
0,4440271835474028
0,47332425851212323
0,45294498511619635
0,4069001234792253
0,38831890893932025
0,3772153280090224
0,3805161445293115
0,3915868084908923
0,3704325201034848
0,3421186851964066
0,40987793999529876
0,4385965854225617
0,4851737307398431
0,46409854704055015
0,44753280682269725
0,3952342313920919
0,3623283861904001
0,3611054031533853
0,39376142642565465
0,363741052027018
0,3713231674777793
0,3825237715181111
0,4165957147070211
0,4383705344442573
0,3950177827246659
0,4115352785782613
0,405034469268664
0,45732293350559233
0,4920356399821819
0,5324268329364253
0,5174882224471469
0,5067436382615667
0,4592821051682916
0,462643869849517
0,4427048639234758
0,4574263738852094
0,4658679547972599
0,44781451238393377
0,45602425191134544
0,40377615458113
0,41321590159694416
0,471776358544116
0,5130890426810665
0,5639532939667636
0,5652225110545341
0,5827190637362059
0,5940713325836516
0,6068532098513783
0,587818344552487
0,5890827641162426
0,6039102373234749
0,6279199655517443
0,6056246819211661
0,5981907765410339
0,5705892802059171
0,5663993167347153
0,5359532097899079
0,49989488039180513
0,5063466643633121
0,5293308955867492
0,5232961003482121
0,49996979542869857
0,5116096062729887
0,47129990675448136
0,48163055506858066
0,4738867091872024
0,4954007457200031
0,5014667665135915
0,520978250254644
0,5467582039937976
0,55036882249809
0,5934951536449169
0,6155134235584815
0,6529937602431211
0,671044440562233
0,6513900509795894
0,6632535433000751
0,6665579820807825
0,6259535181346034
0,6246555790802465
0,6089710972958332
0,5590289603556752
0,5688793501482742
0,5412044729340757
0,4987287691383946
0,47397673155586495
0,5004160477311568
0,49612869172611807
0,5101877890603187
0,5266372623399198
0,5416138568765745
0,5250391348779295
0,5039607013151127
0,506942347092002
0,5017940894714583
0,5039596851330143
0,5290174186227953
0,48685248261066283
0,5254024954058563
0,4997565616575008
0,47634668022509996
0,49464690079453755
0,4599007132179521
0,4630124379336551
0,3992651953719542
0,4019861604541839
0,4028686079198993
0,36847080580319613
0,3648775769868304
0,3808936496372624
0,39202644826212374
0,3765485411072013
0,36207107049752696
0,3225714392142811
0,3394418240641101
0,29370831306055833
0,260316194056746
0,2318036504559618
0,21833545982817013
0,2071082342284643
0,19942700023362814
0,16134512180943034
0,18916730758982084
0,18585738380839614
0,15973466740345227
0,09310728576068232
0,1288862396324779
0,15013304818847042
0,17427876286030689
0,20157346936572532
0,21959862788230547
0,1899142796249543
0,23340908016939244
0,18854087336043282
0,058011538394543295
0,06239324877685502
0,0901752088335562
0,03839111104998586
0,019925223871640762
0,054439454951587835
0,018497587276594358
0,051370783153375676
0,07589479772589156
0,10024856977613134
0,04775618024205755
0,023587584075917226
0,02009657156086045
0,026080249472147106
0,04902971185536402
0,09193833138450729
0,16724851746812303
0,13716644338843925
0,1258946361612736
0,16657221955210513
0,19678933391710857
0,14718399253060635
0,19273180376992652
0,22093269751342257
0,1956183482486607
0,22524067669673087
0,27342460892290266
0,27716590987872297
0,3438418618574191
0,4324457279448211
0,4844240671814977
0,43946986270153704
0,4251087060542581
0,4307931071897485
0,39898680896263683
0,4445684672506902
0,46902470445213323
0,456158529314542
0,4700298112932369
0,46158492868536494
0,486953405120829
0,4406792757325663
0,4475902993717854
0,41103915441296557
0,3763888030016421
0,42745338164762997
0,4218666774275279
0,44077084528852517
0,42980172487953167
0,4093662092229745
0,38614655057010355
0,3778339162561809
0,344652553125208
0,33686569863022336
0,34845463516817327
0,3410695685350091
0,2985787136740987
0,36659583702015824
0,41522667487599507
0,4041585179579855
0,3862034375004153
0,3848227233065649
0,38755055878108413
0,33376429208597924
0,33222702530974946
0,28430788887239916
0,2808298793606275
0,3244533483842047
0,3626899215012225
0,3737728906893371
0,3573728615551796
0,2897629402888677
0,27836625886319527
0,28107626010047554
0,2811346189367718
0,35348824840373144
0,32796661036711855
0,30399243057639397
0,29001677413692567
0,28628302953596385
0,2468198065312857
0,24751446096101462
0,3017447160465791
0,2862445524421735
0,31258444826682896
0,37434146173894545
0,3735470960347922
0,3184279105701589
0,33420778028715403
0,2753507835718885
0,32907556130739674
0,346330848832094
0,3497490196195651
0,38993022626996743
0,39828920551010555
0,3985665157163864
0,4448964077959934
0,4204533416262539
0,4184472860282164
0,41503680274695703
0,39566399308958206
0,36238778684145334
0,3792613155547745
0,4448062276029743
0,3919115192306564
0,3698273835376297
0,3117413200236402
0,3246358549492854
0,39436912050640544
0,36773977828015586
0,403142329672579
0,44382300708409456
0,38946892781671943
0,3765108068292114
0,46047557834290015
0,4252249141948613
0,45477793448227005
0,45234813071840924
0,4088910148032911
0,39815765170007
0,39093306380445086
0,347133775661611
0,33754259854223195
0,253215801735315
0,22312398127339345
0,1965451725635384
0,17559260031766402
0,1471485144230578
0,08818095949550665
0,0449924548907782
0,013774048978553796
0,05308357517268916
0,0383531302095119
0,07923322032725812
0,11497124146159185
0,1263121522961274
0,0919844908634331
0,09293859605336442
0,06317435476189338
0,05807214245812086
0,052376574946629714
0,056550363810159994
0,05883951708741296
0,052691847713363486
0,03541812698665132
0,03145907394212175
0,05077453201218947
0,083871974577133
0,04407116230991746
0,04722543604167198
0,060694618572865205
0,1330959347364234
0,06991886037213799
0,04937468207988748
0,06300455029801413
0,1398276897067107
0,1994486580908892
0,275092304021076
0,355745933391372
0,3549292388584813
0,4216641787694261
0,4210010170291959
0,46643396923524166
0,44851469281471507
0,4776442874242686
0,45659603180439073
0,4623299810200833
0,43419168149355003
0,44909886684438627
0,4418617910612918
0,46100956468786825
0,4802618500877887
0,4950687920841184
0,5329684229040428
0,5024886252285907
0,46383409650180857
0,47786412574409043
0,5007715061479733
0,47862043060674814
0,4603189814794869
0,4578950930137539
0,46864478069753596
0,4705201422107704
0,42677380077539784
0,3437151010089822
0,3371834885034426
0,3286091524758388
0,3512998176345653
0,3515845013289049
0,373233752089102
0,3852772159720341
0,3906727120875069
0,4059026120919711
0,45139907643153804
0,45053187337825323
0,4239109924761768
0,3851146237332191
0,38179215196822597
0,32055032585371684
0,359955213922342
0,3344646715415252
0,3456363580224588
0,40394287659014727
0,48015307504812316
0,5297402148946043
0,5912855184475475
0,6053690069084611
0,6035839429032303
0,6235460231424551
0,5870690642674679
0,5409089396230315
0,5333342174617095
0,5081356238805635
0,485663452680825
0,46556716005711757
0,45194744764625766
0,49028060752442154
0,43693983473360504
0,43081436565474696
0,39816069739611337
0,4417513104752422
0,4329385454860324
0,41708565772651357
0,42172713327768147
0,3994216620652508
0,3436466632233223
0,371054681930676
0,33908762429433864
0,3282397703097527
0,3306270756724927
0,30716547260371735
0,2709122324675366
0,3188389175493452
0,33670944988708656
0,35449255442233985
0,32313739291161014
0,3024807974522949
0,3318989183741369
0,2685823458503928
0,2586343291017266
0,33336879028858146
0,3060016042427703
0,3452559326900401
0,377947248642072
0,35788124756685735
0,3012462406342346
0,3321946415426771
0,2730167488504021
0,2560104189786835
0,2740436017570462
0,2507339948098577
0,2626915460549294
0,2551215744503231
0,2673130259813954
0,28545942897834564
0,30733304912500115
0,3178193344010404
0,28156054800000363
0,27007161604587954
0,24283249241356383
0,2504150689597539
0,3082690704719974
0,29066670707249814
0,27755048873436017
0,2890165427105272
0,23604029086076977
0,21423426093138928
0,21612584182168987
0,1617263540282536
0,21084085858389542
0,23677137981489935
0,23877895532039722
0,24633349792451995
0,2552010741492386
0,32073933508460856
0,3462387589938139
0,3121127915850196
0,33528394149264984
0,3328729691476143
0,344391727541484
0,3309775845513449
0,40135151538216696
0,4188716474762331
0,42095858486257587
0,4570023188106789
0,45032022507701275
0,3960963103840131
0,3967760156418636
0,43472294039987097
0,4509653470653834
0,41892648041741887
0,3264587654460801
0,34615361544546425
0,3333571790992054
0,2766734549232926
0,2584554081353025
0,2754916219936044
0,3174807260835056
0,2756778992627816
0,30588785214175496
0,35882903004458494
0,3569621047637517
0,3825463891622047
0,38319243584527185
0,2937222598153594
0,3033901794127736
0,23212667377916862
0,2650137057950496
0,28165484382688416
0,2697484126798626
0,24174534722300814
0,2677738376839571
0,2910287616020208
0,2895544508232029
0,28138704953909166
0,26556613257850936
0,2532980650820731
0,2627428496520007
0,2870760507984088
0,3480435215700066
0,37679073742546065
0,3826489619509651
0,2826426103208554
0,25922953199675686
0,2407063857278942
0,2796291209119931
0,2620250339410116
0,28856452637240404
0,32748809587873273
0,34382683702998257
0,32448348906029023
0,39643754708359685
0,3710642862568887
0,3835707156547369
0,38780448981517535
0,3432221744372118
0,33284373702701087
0,34188091660314385
0,3027452738342876
0,2673217304173994
0,21450724662055104
0,16811615340533884
0,22624017554140075
0,23028599666366856
0,15589683269479687
0,12207288065870138
0,16508247136700466
0,2187203170937234
0,23015872693547573
0,2275809680922824
0,1549685944205434
0,18801964163288393
0,2368714911208558
0,22128706417406394
0,23046674872510356
0,2190700733684483
0,254066486627376
0,29126241529505326
0,329691183024807
0,364971236444137
0,39433024081079276
0,430740655485354
0,3595584642499363
0,37053928475909664
0,3670242703109388
0,33183573360363017
0,35196971618636497
0,3581553941743089
0,3315533873758008
0,36688173978301614
0,33047889726474805
0,32701295851172196
0,39075126933851734
0,33081437991810214
0,33634293126086867
0,343543189661468
0,3632991936678198
0,3470129203643318
0,3307230206693022
0,3533290702805439
0,3092257011344191
0,30686349434538374
0,31480896687878346
0,3572728297995697
0,41740632265907995
0,4266807623427828
0,4183403490921287
0,41453009962009085
0,3786217181318931
0,4055241716628888
0,3498221929495964
0,31695874320218764
0,33457402527025576
0,3586988093887344
0,35611567558030344
0,40823855326983366
0,3820138957610294
0,42614802537262453
0,46857372013134735
0,4574595916950626
0,4883620488802088
0,5018712934475065
0,4801531584486525
0,46668680592417494
0,4949106488962977
0,5195816214124354
0,5237381189043474
0,5497239358903347
0,5693948455153124
0,5468286224700836
0,5775449626342138
0,6255158414339056
0,623408135221907
0,5958865807232472
0,6266344720024158
0,6116269292107868
0,550190724105531
0,5279950062265377
0,5363999961395429
0,4990310617939905
0,5198258495124763
0,5238859013659802
0,5162129288303289
0,5285197997319686
0,47955563277274266
0,4899785928790885
0,42640543546383475
0,3979803959184392
0,42281792822388575
0,4621864303738753
0,4916196830841953
0,5240700867894278
0,5070439392592028
0,4997764981063602
0,5138222075528914
0,5155302829298611
0,4961496147650466
0,48916616150451325
0,4934647153341902
0,44853816247981965
0,4067884448105875
0,40875304676522645
0,4164823024213096
0,4276830370562604
0,4229094004433913
0,40402566416561086
0,4543753879516309
0,4612648517787143
0,49199232222198913
0,4837895122959018
0,4714807377465472
0,48089066052778207
0,45725785344561864
0,3996030367093957
0,3759769336816718
0,3928506650769896
0,40992277038222047
0,40438824049546895
0,4279470172578858
0,4348126672254478
0,4195302981579043
0,4045816001972375
0,40387246948170763
0,4724106201886647
0,44785805744602725
0,47570665665273537
0,4640171475414961
0,4398817189163184
0,441860548679221
0,4665600984732111
0,4250256350034342
0,34410977987244806
0,3186539165310902
0,3230787207429137
0,28008836405708515
0,3044275443849927
0,3117775043072524
0,3230342181479947
0,3023487158924331
0,2824629121106217
0,3189064952676952
0,3130538670279896
0,3439909342137826
0,4020738069879361
0,42423682837268545
0,45704671172678585
0,4353942347148896
0,44868034376927307
0,45679224242745836
0,41609743697174495
0,40892102283465703
0,41302761286154016
0,42018390543672013
0,4032450006322173
0,4203714405973748
0,4043203082955648
0,43776569514677094
0,45775806180071005
0,49975345932372034
0,4726489965895512
0,4395183253186196
0,43536790597838554
0,44659627646763467
0,4221880099986055
0,42507839575586964
0,4518246108885018
0,4815010878421105
0,4639191361964087
0,4609732827975798
0,43718702591486297
0,4153482748390618
0,4509245555952562
0,4519733943772685
0,4580495424606517
0,4455658752140655
0,3480506763096906
0,2572822308532208
0,2698785828443515
0,20711022521417013
0,20922739034897644
0,2513630782311645
0,24027584246710745
0,18252102298271014
0,16349186693007756
0,20011047318712438
0,19021869986541595
0,16069935360974946
0,13777539991486204
0,10662710994876784
0,08625736090257828
0,10141291550626157
0,11996784609685908
0,0604710384496567
0,10107403313386874
0,1032171183051584
0,1508264521274441
0,14245754106536035
0,19789152783989497
0,20867172679386295
0,256121196200906
0,2832912430932463
0,29594922304731974
0,3672216550339554
0,36243266481223274
0,3669963599633555
0,36270178878232695
0,3792204044075982
0,3763132901874542
0,3372592225411356
0,3754817875495711
0,3782622072747326
0,4135884554969863
0,4731315887652621
0,46780269448146594
0,42924589904252
0,4575699295456537
0,46565532890349715
0,48141749870063805
0,43259615173951244
0,3982692083367136
0,43265831211797456
0,4633382591907798
0,4740377192209868
0,42964941424705644
0,41910816150471747
0,4204793587931081
0,4255553148667757
0,4471377204472822
0,4446368350974728
0,4423898858382967
0,4113637911214897
0,38223432137689134
0,3937249244453156
0,36706036953369026
0,3535367691970545
0,36197421575733235
0,33367252526655644
0,32614520496483784
0,34816398495670875
0,3281060918923187
0,2998797647911168
0,310143727764159
0,2853177418994343
0,34930488588034986
0,3379578605507662
0,41791015429834666
0,35589507178662666
0,37720008251960846
0,3261332425436809
0,3214935875234023
0,38515680870333946
0,3596678437657026
0,32907077708331933
0,324603011224143
0,33409928177717757
0,29018889217016886
0,24287413854365766
0,23200331119362347
0,19215428615514
0,1403493333675754
0,10051989195049751
0,15545196377729353
0,1443641117527046
0,17651881951915152
