N: L: Density:Noise: 2,0
Time	 Va	
0,03666148618610225
0,09258739736725373
0,0852988296385634
0,08359637384985596
0,061517558513853696
0,053503174599447485
0,026107352568376728
0,06961732933419233
0,05651867971743748
0,12974057964923055
0,11840618597629032
0,14636791710071384
0,13215388818703228
0,11266822547104462
0,17978881259355237
0,1772308176351953
0,10866947337804063
0,10747923387676954
0,09676794954955344
0,13283102479659442
0,18195125205786694
0,172866256772842
0,22387399606865124
0,24932894301916614
0,25698147930529347
0,2792423488582496
0,2399184639256248
0,2175113501753788
0,1964441819772383
0,2501182269829966
0,24591366671746326
0,2297020353298036
0,18903454563034708
0,20583523283003693
0,18750241377498225
0,21711853875436357
0,2098819400366212
0,2226155277327367
0,2487618697434569
0,2558970638821607
0,22839599528107438
0,19477871535113953
0,18835065871075848
0,18711485781386777
0,17061494190535292
0,10672136776745263
0,08000644088267245
0,050597200972720704
0,02839535185312609
0,05979963489014721
0,04466727270345232
0,03388280278234205
0,04270895757046579
0,05908501264491929
0,05380812306322399
0,04413850757793419
0,07495711127830455
0,05964967389329663
0,08798365470834431
0,05615740548139767
0,05320825547043433
0,07636761676499788
0,10136678138483846
0,1265586875824743
0,10272854997748262
0,09991519709528897
0,1228903215710582
0,18525171922136735
0,2079085244533803
0,24180868618619175
0,28481947099513677
0,36514260335349086
0,3698302526225255
0,3818967964169311
0,4263468083168979
0,44048800105109187
0,4879436768144106
0,49357840309051254
0,4841102407282241
0,4899199795187198
0,49556982690529144
0,4816556863502762
0,5000483121889108
0,5129611176108174
0,48574174277193055
0,45819738367998813
0,5025749146502264
0,5417497102661054
0,5300496813967677
0,5151447427525873
0,46428649430594354
0,4214465772443895
0,40657540127588565
0,4433088125484677
0,4440986304326298
0,44135106913686123
0,43249543214241526
0,4367415189367643
0,46871985769553426
0,493654720868237
0,4839223551305067
0,4979105201685029
0,5196437440011484
0,5460623669452052
0,5622105647732444
0,5614837081836608
0,5370510106430129
0,49780309177249393
0,49923347024468495
0,5374711695852098
0,5112201808144073
0,49943887323089137
0,5376225661259677
0,5432064208803454
0,5466709158689663
0,5621544518664852
0,6122155116074574
0,5619089775901556
0,5409061192537848
0,4949715405349841
0,5097101876230662
0,5221962668650841
0,5287902089889944
0,5268577465992197
0,5291268182941836
0,5471979517498963
0,5384173911281286
0,5413834401699812
0,4891038569962261
0,5114487149262062
0,4976276314429676
0,4994771832965234
0,515549031279729
0,4935296984191912
0,49985482223999983
0,5220939050064112
0,5382474183373529
0,5534265799897898
0,5983484076047532
0,5778693006538309
0,5866540276250453
0,5957907414286091
0,5999079002695551
0,6122753033972412
0,607839822132403
0,5837752137777158
0,5909516439274568
0,5878560433221958
0,5662581360513917
0,6037111146712192
0,6240855897859457
0,5971528066041857
0,562137572990487
0,5767703973938806
0,5736299219699963
0,5641228164499311
0,5298593463435299
0,5024625429644767
0,4755504105183296
0,45734406125583005
0,4120999750260777
0,47951067835376354
0,4973396812839724
0,4990455640713892
0,47943006769939134
0,49873407413617604
0,49273511479742105
0,47008025274695636
0,4561637533056802
0,5197169452962038
0,4590254159205576
0,492805604369646
0,47762494529517086
0,4803682607525561
0,46069479333408947
0,5051908193071617
0,49728356188858297
0,5080478393107494
0,5349910685680827
0,5380847826254148
0,4923045903260556
0,46685831160374075
0,5000510876274227
0,5032802630058476
0,4930931829453797
0,508257751963738
0,5320838195595295
0,5222501412491235
0,5778550056893443
0,5256989080727671
0,5560608425627673
0,5676805696603159
0,5389164767091964
0,5759687060173133
0,5911069092943165
0,5818690208129361
0,5190017460023334
0,5490438575465746
0,5570675156957232
0,5547603825132047
0,5508279039969245
0,5810108172853921
0,5825802330013183
0,6166850662931983
0,6325865720771403
0,6209998321044155
0,6739571724671372
0,6461984462049163
0,6447007465116631
0,6723850512534298
0,6558575778733058
0,6676076292142574
0,6342892140429325
0,58980654581771
0,571807521940663
0,5611393239841528
0,574433183403826
0,5968901480678194
0,644938017132542
0,6610007901339363
0,6421037543895365
0,5933273712672394
0,6109804812969757
0,5705978486107921
0,5927917448161062
0,5728934322602198
0,5598461125876976
0,5259754155324267
0,5183830788117014
0,5390581980930752
0,5292000598168289
0,5325638474412098
0,4687668310912902
0,4533545557414572
0,42870662554035904
0,48029842057991196
0,5181646220552877
0,524448868111537
0,5254831906828171
0,5300541536287796
0,54678887794771
0,5594465034043058
0,5830309967168876
0,5828000893244365
0,5582784331539596
0,5640287412109434
0,5407158379360627
0,5428505795242021
0,5448001642329228
0,5600136054894006
0,5438138904445565
0,530109549288966
0,5207223136913035
0,49469124081177074
0,46664908479862
0,5166087624519359
0,5276156825054586
0,605763052670009
0,5810349490469741
0,61036027438045
0,6255828192790254
0,6134684264971662
0,5600987478446332
0,564193677987732
0,5797807143047404
0,5273711871659247
0,5079630607503268
0,48460514466145027
0,5128167222171237
0,5239243508786384
0,5004457343323172
0,5010393742130849
0,5172681412282905
0,518805180348965
0,522744697246807
0,5352725037264393
0,5222675597806321
0,5346253572782536
0,5319590891721976
0,47847905678608255
0,46890630049843285
0,4610080184664847
0,41265905333169045
0,4251745815493485
0,4171185053687682
0,4643410717831284
0,42559512137053446
0,4774423396496322
0,4748257543338784
0,45711211695649684
0,48221305201771014
0,44943650238876287
0,3971921197385556
0,39782291777865003
0,38945689728083777
0,3552373137941929
0,29317085527867276
0,3116753593320473
0,3162632520395678
0,3155930719369755
0,33398887039814185
0,3291227857357456
0,37296593657553323
0,3986928391126478
0,4224336950551776
0,44542650519532406
0,38970800927594496
0,4380884919227221
0,4746069523486381
0,46679963069935937
0,47799356559435596
0,488609724422006
0,4654255952763594
0,46909847513344627
0,48891051215656806
0,5221765499400427
0,5592394320955306
0,5485408702268064
0,49927208518156313
0,5520227618244394
0,5244387139844046
0,4866557536226829
0,4736759647613643
0,39599291878258386
0,3428884370563002
0,32619468355915393
0,3456703561476026
0,32189847786052445
0,2994820608021208
0,23946978274114636
0,24708023189319606
0,1541153435971185
0,18575856584339664
0,1911023352884783
0,21946173493288362
0,2167347982464886
0,21047068947318
0,20347525803826905
0,1987764634692005
0,2836116967112255
0,22870193055263913
0,1976058150075495
0,15507739876791432
0,18473429560831714
0,22184951557398955
0,21542007226273688
0,3121371262126116
0,3534265657244912
0,36257407886081655
0,4194460222092514
0,4358327425491071
0,39722493694967237
0,37815729798265046
0,4538337984417471
0,44114242498031797
0,4104054858067763
0,4460018997742843
0,4598708314367551
0,45316778062559493
0,48023325232992775
0,4936789016185951
0,5036353620783327
0,5280863861807311
0,5216692881898851
0,526494207692992
0,5095645764865184
0,500539611776856
0,5365170087690004
0,5467539520722079
0,5436871932281296
0,604321710745565
0,6013477414308884
0,6248641387102576
0,6277595150501167
0,5970783930903857
0,6135767457949395
0,5694383728801182
0,5505220983518317
0,5485848052652219
0,5440219209078989
0,5188288731619067
0,5392396990026123
0,5414571686831
0,5215556945200714
0,5176285782335142
0,4861232816848359
0,46182600749182756
0,48111531149317255
0,4755593580710892
0,4759605412990287
0,5316148833410896
0,5445352887863566
0,5535263432304209
0,5483316916417916
0,511705751960569
0,5669180761363496
0,5988593999900017
0,5979786383086989
0,5974827282526193
0,5749648924605117
0,5194789926986436
0,49807743786785075
0,5067884216260191
0,5336381937515485
0,5116321126826696
0,45335462691844997
0,4802217837587627
0,46476522490278194
0,47408502691478877
0,4400273154517072
0,39808825916740737
0,36675447337424055
0,3149888766321721
0,29319832045904376
0,33826645188778126
0,3017513683744216
0,270184195292941
0,3036789362460757
0,22944070239706982
0,21916034328129846
0,2380910967087251
0,25168626436557406
0,28414231585910305
0,34577206704291125
0,2981134142692345
0,28006969975775137
0,29508946616798715
0,31384014061268517
0,277575100058372
0,2466645506957058
0,22063626301407097
0,22545549509169113
0,2110338952511919
0,26324408099251295
0,24177720055242993
0,2843415862426556
0,2756134367866901
0,2533016389813868
0,19235743233623123
0,18671597987206426
0,16246958416576435
0,19418448351239978
0,21663007897262593
0,21763240295688896
0,23922916203489406
0,2562570444335297
0,26714771027924006
0,2313323056196725
0,2573634425050881
0,25174169908001315
0,22857151591128227
0,20367433356423492
0,1667403122805567
0,19546425821858132
0,16908137604873072
0,16574033856311685
0,1941950497150213
0,24786934983129688
0,2840521765966486
0,2556118834450369
0,24768599118855647
0,28908887072681877
0,30947424954846464
0,3741789274373982
0,3872819781055462
0,4369962419221713
0,36205174196696266
0,41765096073297214
0,4744675624611886
0,5285400045660167
0,5026074284365162
0,51469662183245
0,5091600519660533
0,5174382638435471
0,5456798695928569
0,5577973208608683
0,5649560250609632
0,5676656462239434
0,5773262517971961
0,576268276669534
0,5968890855464163
0,59095161363957
0,594213395255898
0,6016106825847307
0,618629060304394
0,6230644319425538
0,5745075295927012
0,5812881546373992
0,5831714334670722
0,5581746580244663
0,5933748640520147
0,5846623703451713
0,5759161951876999
0,5704296531084215
0,5481305381011653
0,516003458060123
0,5221726709547936
0,49621769391511633
0,5131484465155344
0,5167996738804019
0,5181065941538189
0,50714962877201
0,5343080356272544
0,5272948356858461
0,5486857597874024
0,5202239259759075
0,5176177466396339
0,5094816516598567
0,5495517722435757
0,5367321108035301
0,5518256431639745
0,5708763843284301
0,5586706843491457
0,5718121352664963
0,5739511755449684
0,5594571874754687
0,6038651440696178
0,5930080710889969
0,5957591549756049
0,5904641790040819
0,5890866519175371
0,5982688642879757
0,6102178795881137
0,6580702045804708
0,654604115820911
0,6265265693885544
0,6251849890585013
0,5993129972368472
0,5609576221615681
0,5871754658721527
0,5897604060871439
0,6187674986705022
0,6358423149132105
0,6316162553254023
0,6658402143759335
0,6475895416805416
0,6516402574958733
0,6566479629386499
0,6363092334749858
0,6182897760840722
0,6348484657355383
0,6175875298748716
0,6458413281434027
0,6442484725528672
0,6611005869330266
0,6399327392251941
0,6582487163054623
0,6340448245296185
0,6454371330876484
0,6554586791536531
0,6463286961896733
0,6675558171956641
0,6541234176539389
0,6600298239371163
0,6778888672303415
0,6507194924922945
0,6514780837743207
0,6511261249392347
0,6387651972190169
0,6223669881891332
0,6550546181810419
0,6616155930498936
0,6508215310145873
0,6510318012711179
0,6485870704470826
0,6265414756432883
0,661377649651278
0,6230831063264618
0,6118679029204886
0,6009425035445992
0,6065700785935917
0,6526881613677423
0,6233211430310241
0,6217509119638039
0,6470391090847526
0,6678406681004646
0,6650752012505419
0,6152897574347065
0,6305509077967402
0,6134070168919709
0,6111101426785688
0,6212894821732289
0,5987109405640004
0,5993648386923726
0,6420045139493854
0,6253067133694369
0,5793508789723577
0,612173104610445
0,6402826935262824
0,645010264633265
0,651626017191824
0,6297862610092122
0,6503753094504093
0,6718943513756239
0,6750475781305673
0,6609089508078547
0,6548530169455173
0,6652898348856376
0,6473396511290833
0,6578685337930156
0,683451146419781
0,6823188186518822
0,667852280864757
0,6472647495400623
0,659619612992161
0,6869624036552853
0,6979977496698564
0,6633323149242282
0,6898403495109274
0,687530229553741
0,6903717950794811
0,6770654943264239
0,6733443401501008
0,6403817580305403
0,6205048389834947
0,5747254750417033
0,5608967785504918
0,5674538116257077
0,5218385157290741
0,5906520343671117
0,5747852162078492
0,5989257649196122
0,5848174531352884
0,5727706567598013
0,5790548229053739
0,5152964222552441
0,49815849544897733
0,45653528565590445
0,40682188255151
0,42982491567743064
0,46438443693039255
0,46696017191458233
0,5007851669735791
0,49777899361429156
0,4131706356703056
0,4038346332478819
0,36597859240242586
0,33056094999673713
0,3545069758662048
0,3506075631122007
0,3892320197694176
0,4112262244187335
0,46850517746874304
0,4669213024358551
0,4573278199666303
0,4598829831281534
0,4555004500903735
0,4781744026307138
0,4714901691364567
0,473424886211513
0,543986529759599
0,549522962841097
0,5447770592676264
0,5625860526864105
0,556054481997791
0,5338209789325588
0,5319620292123016
0,5412143611262596
0,5682255354983291
0,5772328247755533
0,5934578582716656
0,5760355462892145
0,5751443792008091
0,5868080653967453
0,5538480205277867
0,5274781702551123
0,5496827879019305
0,534709620210487
0,5233287167830791
0,48646316185330746
0,5510369740478112
0,5475578257024988
0,5157368179029708
0,5010566961348923
0,5345776611320393
0,5479291601871258
0,5556913466264949
0,563447090815803
0,5960966726403636
0,5843985880192659
0,560313099200324
0,5740012416866449
0,5550935635608897
0,5393183920417408
0,5718735963286453
0,5545436372129846
0,5212950010204253
0,5316632299505145
0,5016791893304396
0,5126013292372645
0,5450076128007427
0,510322588108976
0,49005145195201544
0,437179752743282
0,45228376763400685
0,4520288480321181
0,4610459230722414
0,42041579419334246
0,4678524994473976
0,43308525198833886
0,48107672981227834
0,44651829213398997
0,49286831975926076
0,44453150318893814
0,4115289444966176
0,33736855756277995
0,3811006298266542
0,4235748850141864
0,38364701565041465
0,43491344516957364
0,4151095762016369
0,45063049281661
0,4461862895475036
0,45412062822050797
0,49097478988170623
0,4635231334077034
0,4809834056284788
0,4786599757032442
0,4620705882756041
0,47132610957746407
0,4811377605935646
0,46185477125891505
0,40892387911224765
0,4122483898146292
0,42469232137681395
0,4408691725214443
0,4283591916384998
0,44174623322538314
0,4514902502314756
0,4516397206172233
0,5156173886596067
0,5337279911798454
0,5365872691526334
0,5449877943177271
0,5224148606502956
0,5207111817776906
0,5227391254974041
0,4954013028479798
0,4631190495632899
0,4439978200958674
0,42578597299075577
0,4440442621791003
0,4420390289850251
0,44048507441436624
0,4404549587451514
0,5017046663149363
0,5473532615924854
0,5755775522039589
0,6131556063912866
0,5557795109122974
0,5344036207730856
0,5660874099897615
0,5803976182064549
0,5551509441695296
0,5627368768859177
0,5572302572208342
0,5917745371549408
0,5529457995116948
0,5474666563438476
0,5388083802621819
0,5200393214021437
0,48419119706791
0,4679999603376773
0,4847913962879502
0,4763149873788343
0,4778653259237979
0,5014408642653005
0,4934827299888746
0,4603864248107586
0,5114374950465709
0,5236478580619743
0,5378789926928839
0,5560031011387335
0,5873825733466809
0,5609043718170265
0,5334503702183232
0,5428586254594815
0,5413003884951891
0,5443669063743763
0,5294763723104661
0,5150916924357984
0,4772128610735294
0,4928260014708376
0,5162143952952485
0,5063545379243988
0,5131592189932046
0,5248930962671776
0,5182134775174662
0,5177535049306744
0,5348799548967401
0,5155010123138325
0,4619028282413089
0,536577962560584
0,5431016715631901
0,5318619157246498
0,5395109221236953
0,5783494673531682
0,568812769442051
0,6002201577354286
0,5991903513373076
0,6349316994386125
0,6161344804188121
0,6415390890931505
0,6736045705310367
0,6644214570243622
0,6888173514478283
0,6845589382197378
0,6606962518764393
0,6175780476881269
0,6534815896712132
0,6160381263221909
0,6302893611163749
0,603746024458273
0,5762841026140708
0,5312560377845991
0,5443355333199171
0,5498529649026256
0,5259728653698208
0,5381370119587348
0,5615009428895541
0,5862643812626949
0,5941374877246497
0,6041218188110438
0,599393145653604
0,6114486856676858
0,5995989812208983
0,5851716574492912
0,5370049611497737
0,5128803304618316
0,48130135286437664
0,46961118187856127
0,43961850385621976
0,48756279665654956
0,4588191042144259
0,4107186902543342
0,4178551866318309
0,44000912295737055
0,43926384004784264
0,44465688870690495
0,4588437978908801
0,5309018475437487
0,5330036288403385
0,5306580627500516
0,505875036348566
0,4898421886413071
0,474117992533543
0,48248841643648893
0,45314233218767275
0,4778612559221342
0,4549168241356039
0,4537605244779572
0,46635380170862795
0,47839583508718575
0,4598791504491165
0,4672710643551159
0,4419195683919742
0,45406170428269516
0,45636085605454263
0,4400212123969418
0,43987514064880107
0,4576040971041262
0,48726779685056554
0,5255455706294699
0,5443750656421124
0,5105153647245874
0,5276012865888974
0,5405253297804173
0,548049292187078
0,5299348773726826
0,5134019758558385
0,4972729240386896
0,4586384219171808
0,4612574551732333
0,4317946622573884
0,44557459107126474
0,42202642724574063
0,45001750228028087
0,47132971357805303
0,4558995669654255
0,41299859815512835
0,4517132292592741
0,4030458178919277
0,3894098215741141
0,4176211283785018
0,4540567079784408
0,4691756078615647
0,4751641069956028
0,4876508695396933
0,47322900615217606
0,5006306994981023
0,5386008162852552
0,5056033395254297
0,5051061174420549
0,5405081427778278
0,5735742871520526
0,5440038644813964
0,5212530266584963
0,46875622226229424
0,47427114108753393
0,46641957910712584
0,4666208494801513
0,47287989444770556
0,436651897880512
0,4261266223142171
0,40249856459567923
0,41503749053119243
0,435168800215942
0,43480626860263205
0,46002353936178925
0,45507036211269913
0,4739550104100106
0,46175174778457995
0,4499856681130968
0,45174219223652134
0,41459097980409526
0,4166663303160416
0,45627627100996365
0,4412228457390284
0,4685554707510951
0,48759068394971894
0,4841292000916812
0,49038151168856786
0,5255876903585468
0,5440341577278941
0,5656888226047952
0,5665634731277603
0,5521906410721992
0,5370627009757634
0,5280656781592695
0,5493111712858216
0,5587183289859633
0,5374270643008336
0,5094431080242467
0,5158995195773141
0,4848456823321944
0,5003584937696329
0,5394574879677013
0,5434729739674309
0,540096840714002
0,5367309902479442
0,5354589418710652
0,5339020776616279
0,5395665734635146
0,5645988797935875
0,554221057574759
0,5851784886786048
0,6010112049927469
0,5674076169767146
0,5597317888716422
0,5542399967465599
0,5560182990572357
0,5173763043638211
0,5402451667997913
0,5035961895435278
0,4974262156200206
0,4964715886776286
0,48649981252951896
0,481511194560783
0,49432270265165107
0,5160059943170954
0,5265199189821907
0,5160966193957507
0,5363712679632189
0,5120908393751521
0,4951787870820409
0,5336826101286579
0,5241258903161649
0,5615579372021847
0,5605339351778994
0,5784186733722675
0,5571119154325678
0,5171061258837178
0,5108724062814308
0,5484881178213772
0,5497697630748937
0,5844614087238753
0,5719571531797594
0,5680123637539548
0,5727336285678493
0,5790870895846044
0,611816526048824
0,6206793241137525
0,6112574461951799
0,6091940839521933
0,5945218531643032
0,5942473663746711
0,6070904379236054
0,5654018826516634
0,5562082833626284
0,5600310099194848
0,5377960883093554
0,5415914532856431
0,5422794441672028
0,5236374416242137
0,5148541913548897
0,4938483320531798
0,46455768655233487
0,4638066336667244
0,4504176433124916
0,430610653014111
0,343181508060821
0,36596306666818224
0,3201202129373085
0,32348685584140147
0,2710364458978816
0,3003508905560222
0,35499995628584785
0,3806855668123947
0,3808807860237661
0,39103468354745174
0,40795379812893773
0,40632537035808725
0,413441931052233
0,42926513844861447
0,4695184562680479
0,4325351444117597
0,4424336539945911
0,4324363417887264
0,41122348307308354
0,42611414502242917
0,4176251028702983
0,34279362544563996
0,34703115219641967
0,3303185366917216
0,35175998150368043
0,2797975991686717
0,26378701033648977
0,24472379440875286
0,21491883373178514
0,22735104039327042
0,2173255052518411
0,24463017398084963
0,22534761204970652
0,3019333393285061
0,3483727494730273
0,4265028304170561
0,3860473991493037
0,32693946569818105
0,3996856865434122
0,3967439227349424
0,4256635028627183
0,4816630374236089
0,4988945040118311
0,478512658340907
0,507839315043142
0,5377360291064922
0,5245067163144544
0,5333668207096837
0,5616934768507219
0,574660526346966
0,6154957905921122
0,5903197642922453
0,5804384688898911
0,6012924410559192
0,5819407923621094
0,5660010991161875
0,596811529558352
0,5957543937795066
0,5344299094527153
0,5244499521111803
0,5059765299967538
0,49433455425654116
0,4992434853629615
0,508044432628349
0,4712154167327472
0,4990412752649329
0,5004157120132502
0,47261442599404296
0,48180535505749233
0,4661133542824982
0,5076096766911374
0,5456161373196273
0,5585373247196266
0,5616612125160485
0,5207646685892374
0,4946715168717851
0,5046700172349611
0,48841632944521013
0,5045869916675966
0,5343044736236447
0,5335185595069913
0,4942302232121775
0,45361990312792844
0,4220101460925171
0,4109315717153285
0,43617601752928414
0,49108109760862517
0,52260138653727
0,5389216493967101
0,5239945155374431
0,5548986767184998
0,5326083954501092
0,519058424318792
0,5125661790949565
0,45953472358475356
0,4227915255670886
0,3953030450219917
0,48619432626945913
0,5026136309270122
0,48110914254829135
0,47231181789597493
0,5028445883327373
0,5478978320975745
0,5026462587012506
0,5278891078913875
0,5276731850595263
0,5393428687483479
0,552917047664599
0,5106216465378057
0,5015196297072992
0,47734579197645105
0,46670818403370135
0,45974517365591955
0,4271650800089182
0,4023920168920402
0,3824127193737068
0,357426401190945
0,3260802152804986
0,32350141754582595
0,32534920022002406
0,3094910561585629
0,2858762370148583
0,327604806483305
0,34684846322643526
0,3477105308517684
0,3330644525733296
0,3304116759587343
0,3892410052284217
0,4122596457709611
0,43462120706552726
0,4019016080256281
0,38245891244285524
0,3872950489185523
0,4409371423711699
0,3963578208298835
0,3835439439277592
0,4113237669360912
0,37696292349260846
0,3798670956529663
0,3292171149004217
0,24733318430015547
0,2225424932896232
0,20838105414908997
0,17932189732021803
0,1891400584000794
0,15002910726326196
0,16830326705132093
0,06317512845669325
0,05482791613474107
0,034592504711964865
0,08134957823173869
0,07523899320889822
0,1401322037936535
0,08175579216041574
0,09049054390702678
0,1214701147631406
0,1442493704843586
0,1902344955741658
0,19341321853717658
0,2255819367633444
0,21461220263024838
0,19730336464272982
0,20643484331267475
0,21627729684352198
0,21514197831582202
0,23122284137999802
0,25795528305259147
0,2383409893269194
0,2648610331121516
0,2632167734695696
0,28074049219671576
0,2950807429930469
0,3022016008361804
0,3213748311318353
0,3149289865625006
0,22550665761319716
0,26760154486442045
0,2250606412187583
0,19006447275110677
0,17672933110943373
0,15217238929178342
0,15404176572318876
0,13205429634563667
0,13537912219809334
0,16138268712501347
0,15560539461824932
0,14460546809218736
0,1463677214975972
0,17399476533249622
0,22467551835881985
0,22701142561971663
0,23369432063493126
0,22865144232998322
0,2803647425382474
0,296056348859823
0,27669490309136385
0,27831811316458643
0,33721892823991734
0,3510726142082457
0,35266770756273647
0,33203725568488357
0,36687877235146443
0,36764822889043497
0,40500145928154596
0,4318519509573637
0,4378081337045922
0,45121724559262794
0,4606310924637943
0,43973400014629366
0,4493555429834801
0,4710734299378658
0,43599909894151667
0,3959610360971887
0,3603993529037764
0,3510571076370138
0,4032102451818596
0,38243274297867297
0,38247913161360775
0,3588550489418206
0,40225855456476994
0,4143835769779757
0,4519419321984728
0,4617768119789139
0,48070519133416617
0,48016804247025363
0,47077191915706496
0,4533821840313831
0,4636345048706064
0,4708189268479515
0,406403298231836
0,3784992727667227
0,40338872256514546
0,35495042507025737
0,31241574005081973
0,31852933428271757
0,3488887119224104
0,40102467157704774
0,3745703427807297
0,4155154501976543
0,40941205921034596
0,37840958572186667
0,3934555165528379
0,4252794269580355
0,37835524207851595
0,36964135474578236
0,39932759776730503
0,3986736515279648
0,41985436064988624
0,42418406177924195
0,4584644206850473
0,46156939744842057
0,4662035151006289
0,4015033573945572
0,3917939639812373
0,4359653029468918
0,47674929780469116
0,48960703091135344
0,44647035567430404
0,41390532841706557
0,38864878077958476
0,3854528287155542
0,3844410670478434
0,3994642557713814
0,4239093565003883
0,42816990279954026
0,3726715223893241
0,3207658154799352
0,26979963330754564
0,29871486789958457
0,34529176942136064
0,36934531643264207
0,3750101600549091
0,404225010114094
0,43256562424409223
0,43846017740722515
0,4091520231944711
0,40417153908719944
0,4356510041936186
0,4349452729308471
0,4284595201819584
0,3861547651229715
0,3965047411743149
0,39603399557171304
0,4078119612681647
0,4661511276723184
0,4680864121830807
0,4738685677077167
0,4828685411721322
0,5235340150871488
0,5331622996714348
0,5427095613370428
0,5883844102400609
0,5942358907297628
0,5820478463233162
0,5859521784329659
0,5939139147189609
0,6218883785406565
0,6303439016427397
0,6476590191207041
0,6264736712246513
0,6564880649566585
0,649134984209345
0,6442267305151318
0,6686303495463385
0,6782555341265185
0,6139078672907721
0,5790775397151146
0,5353675652271748
0,5211471787300774
0,5764974157892181
0,5927762877816388
0,6223510854054434
0,5980070312262218
0,6283063754705143
0,6073906062225458
0,5847694122628938
0,6123258793422071
0,6020552061096833
0,5764543089891021
0,5418768195490564
0,5696804917281799
0,5971997401149094
0,5633602904381096
0,5460122170905247
0,5093548038085756
0,5260085747753396
0,5586369893846185
0,5250251120371261
0,5086352493413387
0,5105363257801829
0,5041626944504355
0,48394330418132964
0,4767712519335746
0,4959123890374594
0,4935958582140999
0,4674669067872274
0,487745199050796
0,4403227845585807
0,46585720657251095
0,43794435573088547
0,4941286094986489
0,5231451549170744
0,5268804029675823
0,5394349490268192
0,5106490095694359
0,473270526492447
0,4560060810537866
0,4864526051243175
0,45996429365531194
0,4500249671910964
0,4994135078673308
0,4708883785088164
0,45133512621230415
0,42321723323987004
0,3541690842771181
0,34159720296145923
0,3086028516794857
0,3155375295768542
0,3014181370191347
0,26322883682530546
0,24641861841790036
0,2498290063564338
0,25096750258762607
0,21963920759841418
0,2559745058207076
0,29889654543877037
0,282439259418134
0,27272638788249987
0,2074294752610947
0,21818391941097606
0,18431224477520308
0,2824958708676919
0,2819245488635681
0,307716118528038
0,3473957961198678
0,30303251019665023
0,3120297532062967
0,26904978049856215
0,23150549518368158
0,22834218290799105
0,26136213059882796
0,27040141034435744
0,3129152627645289
0,3563293791600096
0,3761427670243058
0,4239897740475783
0,43259091623247886
0,4142663853811185
0,41994610493420725
0,43004929264733466
0,4172924214285777
0,39628556722530794
0,3788097382022834
0,4230463358565431
0,41418024821473715
0,4054109678103639
0,4133381413803007
0,4561136118253737
0,48511549680033017
0,4742678437045117
0,48239073771732505
0,46803472753087344
0,46771474259991613
0,5031794840886488
0,5086536339449022
0,5379313594300356
0,590624195861435
0,6179511326907856
0,6118313913647716
0,5889771344968576
0,6016291185573933
0,6153793486968164
0,594594082628078
0,5921291487495289
0,5568845398271838
0,5699681599854259
0,5605031718806825
0,5334199109258287
0,5416437373559825
0,5381614102516451
0,5147752448939827
0,47782845036275007
0,4483152711120911
0,45338839268713343
0,41983728667751913
0,38968668685032093
0,4070828239306322
0,398514863195876
0,39622228169420315
0,395338809495011
0,3737250695551791
0,3485991282145805
0,3437928445956558
0,34525294091441494
0,3893642754890717
0,4061615576192114
0,3956643384218426
0,3903045897021463
0,4295908013404089
0,3926624941873191
0,38813610038683327
0,400334593580011
0,3955135635553362
0,38384919548343743
0,3784331956121275
0,36938343695170023
0,3739666823284874
0,40790127783449814
0,4341440033432614
0,4766904644104453
0,45144588182810536
0,46507560165747497
0,4804441879297237
0,5088693959928435
0,5375091332880573
0,5012259420665652
0,5028400997475897
0,5332980545815079
0,5341876698525778
0,5257793279956561
0,5513295698452328
0,537022651661275
0,5035080466868824
0,4468351992710512
0,4619625928524116
0,45610934403210546
0,5019488042647441
0,5031834067873746
0,4848670825150475
0,48615299742244444
0,5078848365571023
0,5222500515047798
0,5044592534487525
0,48847198370924144
0,49243871358874514
0,517354840977208
0,5108711692120099
0,5556831269747969
0,5431307539874377
0,524514625047758
0,5314617829028538
0,48668714341128627
0,4751262871119784
0,4821266813728876
0,4785620850075016
0,49169342431807384
0,49527854089334805
0,4950654310139561
0,4971365955764207
0,5340091064272544
0,5723645386610787
0,5087786570739541
0,4803172503600724
0,4123675471599043
0,4514106633110582
0,48493426854662425
0,514308314768263
0,5318528122482388
0,4978467800949034
0,5188711739879
0,49870257977336246
0,47537666694941827
0,47519510118089486
0,45436903407478685
0,45980580180110486
0,4813294780094545
0,4708430884885066
0,4810583254338244
0,4623284723413138
0,43773470459565383
0,41212962859828817
0,41835348766657376
0,45056232424555326
0,4815337367681434
0,49787711165357945
0,5079491553295973
0,5008049896073914
0,5042261066211895
0,48132925088055717
0,4825088163501574
0,5089000856384956
0,5108863944791388
0,5119158045741738
0,4434531325019553
0,4616801326445073
0,44538319913388824
0,41864821973053334
0,3955436177666354
0,4214442953532094
0,4331052283295151
0,48577643116057806
0,5170599575276922
0,5463607591713895
0,5896427596281412
0,6278225348818968
0,6262718984572544
0,6032336454563904
0,5934829188828161
0,6219584492930914
0,6174395956242482
0,61256658913344
0,6087323206053584
0,6141337210502871
0,5990965333338546
0,637085398123441
0,6396900591839156
0,618722080697884
0,6198731776664369
0,6137425679152508
0,6177355171371925
0,6216064569333146
0,6142028207977689
0,6321379476621095
0,6031741966714057
0,5910608519559977
0,575864376124315
0,5843424230540578
0,5594195867092523
0,5529844803553086
0,537240162873826
0,5306789197011405
0,5261962107638751
0,526334391685608
0,5428563807915949
0,5311499125028418
0,5149016612844592
0,5420056980237902
0,5672172746930254
0,5569187405193384
0,533755926983752
0,6002642945804222
0,5838822334415171
0,6358772959783
0,6390532244405069
0,6433665432892371
0,6334746886446218
0,651917047223955
0,6781572601344817
0,6746207149943495
0,6467947354304826
0,6278140330293557
0,6256025961698827
0,5745897722919782
0,5791637280128931
0,5531691236332283
0,5367463562473526
0,5183789474609035
0,4728036846129918
0,4699110949902973
0,4595741202406539
0,5042462689885374
0,5743678019650692
0,5579278763076334
0,525963820348147
0,5363528821692424
0,5746738144097957
0,5885920851784111
0,569717791675214
0,5541058140851695
0,552189574806528
0,5530673890835445
0,51198853358097
0,5335222049635929
0,5573740604094339
0,5156217869524392
0,5670798214688925
0,5865062807712851
0,6055834812411927
0,5959246269186683
0,5921551891830761
0,5717610432705
0,5643489756150533
0,5220096050319561
0,5537134659574413
0,5380249671944147
0,5282088323779867
0,5286673356318924
0,5196806973906399
0,5559270435080875
0,5118494720791789
0,5427799530052051
0,5787569071157025
0,6357346505069039
0,6221320534338834
0,6428063887433549
0,6093452448299843
0,6073323227242893
0,5748712813162716
0,5779697099829562
0,5944382826810447
0,5817157011636976
0,6036768221695882
0,5808827910012176
0,5742818675115964
0,5716068926709231
0,6238661177771625
0,653779978112251
0,645876998834485
0,6332307186623273
0,6729538879072753
0,663733671734617
0,6741440054893529
0,670222294755901
0,6423488468690746
0,633391730384551
0,6494977990047208
0,630353473800446
0,6493144864549728
0,6709918666206857
0,6815956253508625
0,7024283913974175
0,6556557469458227
0,6519542631215013
0,6005657422758641
0,5942756344471902
0,5515256876980533
0,5168204463723581
0,5374459301496545
0,5107944624395163
0,5269915426707369
0,5495048234955272
0,5635705756387933
0,5189677405970283
0,5230316874272659
0,5092728311890441
0,4977532606560146
0,46657721651967055
0,5123976010542666
0,5202757347624661
0,5005414578104354
0,506030821525298
0,48870347742399434
0,4466992705480292
0,4511670318980748
0,4496459481277851
0,4583030521688021
0,45851841511511704
0,4656870701842651
0,48896517047925764
0,4839082626473381
0,4609072877801669
0,5132718211776425
0,5196802494159395
0,5304361915467514
0,5915609097491461
0,631514225452258
0,6165158386967414
0,6219716212630334
0,5731888836463617
0,556397123586092
0,5582482136148376
0,5622493718062376
0,537949244675726
0,5595437999447053
0,5320758240175552
0,5025561172652628
0,4701919950484171
0,4522492246977272
0,42528963472519354
0,47621164270313737
0,47824896770529585
0,4609106281160695
0,49586593334904466
0,5124721761358725
0,5074840386018217
0,48683925127837485
0,4625774906085168
0,4653820059329072
0,4228515818930596
0,4299892959997346
0,4382906643915649
0,42337460369445556
0,4417295156938071
0,4178283779131098
0,4501337864134543
0,44444243992760324
0,4222770839608407
0,4284943313745397
0,4276063378829554
0,40630386657295897
0,42293926105133006
0,3899612376946957
0,30995157778035404
0,33261163467123667
0,3123529350259387
0,2799726739346466
0,23821750495872474
0,24472755068448912
0,22043912773419147
0,27781340498858964
0,31601138952319074
0,2636245716258837
0,26504668300539513
0,28939310585677347
0,2798545120482229
0,2959233603367552
0,32644911912317676
0,3221405946697164
0,24625277311620344
0,23848029794142073
0,1893915130171355
0,14752942611806238
0,12990913652424793
0,159247004338527
0,17906817733461253
0,1458531529343544
0,17752422402933096
0,15307883444396206
0,1588009283049262
0,1689323170739363
0,17329085952805395
0,17255079121514819
0,16066727656297836
0,19411016492749475
0,17456979436627532
0,17389522919956377
0,16160193035545525
0,20187920262446948
0,12964019182524947
0,18887320103413627
0,1952407420013233
0,1869269504099299
0,1932326146297813
0,22514175215401488
0,21629922495507328
0,21366453637213803
0,22451495307913835
0,2546564741136988
0,3066564435515889
0,29515784156121494
0,25716830777787447
0,28487754489107875
0,22870720327396246
0,24622666822825215
0,22382949570957025
0,3414554524551476
0,39460905530330087
0,4698293785217292
0,44049591924365444
0,4390030745615644
0,45815798615619846
0,4543042149618663
0,5177181522821732
0,5152742378684924
0,49422028625067865
0,4816584042349296
0,4876658331189122
0,4792003544297493
0,5036938027821866
0,5354978803440367
0,5174421812853444
0,48227032207393106
0,47163614069694
0,4616878362987238
0,420751435038115
0,42127301492290836
0,4286355775941692
0,41819572913733893
0,3800343780664537
0,39959222661805655
0,41718049276201435
0,40197915871467793
0,3611838118941011
0,33783042059338914
0,2834615668234796
0,2723669992005241
0,2236722044652831
0,22184146061928764
0,15617680025764785
0,14794579929109944
0,18982013052798072
0,13216537568227835
0,17458010934843357
0,21493443401845164
0,27179761971078037
0,2741877630165919
0,2882760439511916
0,2582032175477884
0,23395325531693792
0,22753727602331877
0,2279349403468372
0,22161381790030127
0,24374046436514268
0,1932707740840543
0,1348438247505837
0,13261756450928272
0,10137803582863215
0,0752146677793958
0,06512898950737178
0,020427110396463784
0,009983337006103172
0,052123399370670224
0,08080528567608487
0,07767811534213505
0,11923554472457512
0,11642837073262928
0,0904890092730711
0,15076559249529595
0,17520780315110576
0,2090311459570181
0,22125018693432397
0,22608285544928378
0,2106203914353703
0,23245336460799101
0,2507496309586532
0,2885363693119717
0,33367915045541113
0,3842568855072124
0,4269924083419837
0,41601886443797437
0,43340021121989597
0,44853362355875775
0,395115980585088
0,4116325922091241
0,43412573703257207
0,45893335842603283
0,45808770376567864
0,4553430183610079
0,44410017462013235
0,4487155860284913
0,4526842134283356
0,4932444303335354
0,5356487637265599
0,5653632571343236
0,5703286499714723
0,6154933186396341
0,6385896420894903
0,6501998117574794
0,6711713116024501
0,6087490463860826
0,6216685319688487
0,6310458397628413
0,621195890544108
0,6307757742640538
0,6338660238317728
0,6329341465798048
0,6533398474571227
0,6362912622052794
0,6383171449021593
0,6431793762690038
0,6727747781911736
0,7058100545879716
0,7028961087950434
0,6792531289409179
0,6862683205858856
0,728121861874938
0,7025887902958033
0,6996315361622848
0,6802887739441843
0,6426551359970963
0,6329109123575399
0,6626981339975884
0,6567165774740459
0,6437432446467309
0,6038852767456798
0,5991471144705796
0,5652087608445944
0,5459522495020013
0,5698675875426283
0,5474893187092097
0,578510484928821
0,558068494847764
0,5839360077365383
0,5876469505508228
0,581983805880316
0,5376417456174138
0,47810173226769537
0,44811988819812215
0,4371600681615384
0,45976772467932786
0,431399176873362
0,4447153781229496
0,4448208481158819
0,46009647917290825
0,456858302705041
0,440824966185657
0,40604297261225525
0,4306909952333049
0,4436602565676615
0,4935042196402611
0,49313824519495186
0,5360515991576382
0,5290083432656651
0,5318723041330222
0,5712134458090335
0,5273364035246755
0,5550540121300747
0,5731819885584893
0,5800332589821657
0,5882636665590671
0,5553120782519568
0,5785993011940309
0,5677801851271125
0,5937904682761244
0,5792796793518057
0,5027057186111735
0,46528628946249384
0,466607150311361
0,39837193432663337
0,3961804893652392
0,3948524450288119
0,4142648930958134
0,4212327224107472
0,3831262494506085
0,37112063445461346
0,34745293850057046
0,36757276393450533
0,3448671161275102
0,3504023627452587
0,34325459779836187
0,36261168926789494
0,3369408378692915
0,3299149930461318
0,281510497406984
0,2972654128930723
0,29442960031133664
0,286104414177235
0,27421977355575766
0,30965735606671546
0,3165410524152163
0,2639309276738258
0,25444832255940075
0,20383404803191943
0,2140077023973314
0,2325705713192389
0,17912653285800556
0,23254118752927655
0,26711091242829377
0,304268423599559
0,2991857142567492
0,24269550225472483
0,1782039737363985
0,18977748587491292
0,16912141680186832
0,21062915535592405
0,11590950292259386
0,14985760957657143
0,19262312806383589
0,21146346552521217
0,21637395256321035
0,14865164354481747
0,1719327252531982
0,13483800870074178
0,13450367538356353
0,13402463844661988
0,1661701816690959
0,1621308165723536
0,1407607285982992
0,14026489580808368
0,16190993405919657
0,19669214706957938
0,19776471530570308
0,20115311721592824
0,09973586060917229
0,06852466080216704
0,07611490010081229
0,0857787061418367
0,06020105863796071
0,09643465893744631
0,05237182237534494
0,10048946947808408
