N: L: Density:Noise: 2,0
Time	 Va	
0,015463797767544335
0,07616013442916902
0,04141457633536754
0,0609963147617989
0,06291375993351139
0,07036145884413282
0,10048813925590357
0,11346536405158403
0,1094470975478583
0,10378644026200085
0,10796337890772965
0,10153164409824832
0,0944233803546701
0,11356209558970881
0,14614931827578642
0,202202450578922
0,20706693368744492
0,1970232649904023
0,21967425735196808
0,22023483051669795
0,1592924514560609
0,16373901146428507
0,18159740843017336
0,14144558112894948
0,1570471221208402
0,18736045559738435
0,18682880803170115
0,17074870039326334
0,21834271151705437
0,18171117559787758
0,2084216378078467
0,22924763109862237
0,22785629049187633
0,21732125185503237
0,21063763221316323
0,20020660546501104
0,1953300855878119
0,23490954314854107
0,2317083727500552
0,27672603072813695
0,29697727089491605
0,3175356661835046
0,30084096686721695
0,3136314057680082
0,3428028633260579
0,3242787838533843
0,3584277614564751
0,3112074036794576
0,3892082085154874
0,4132077020400254
0,4189292181246552
0,4043691994673967
0,41013722793278873
0,3883671106279972
0,3733656384330522
0,35309719640843235
0,33956969893763117
0,29646821372529125
0,3423182057967465
0,36017139544108995
0,38463887336512637
0,39826900199985116
0,3617484554847896
0,3343781633739416
0,25889929448568233
0,1870537476569875
0,15850542812156826
0,1659241533197343
0,19229769072076364
0,22940466810101237
0,2240196914494047
0,19007176666502443
0,17401163305765086
0,19556005717232824
0,1960261660172929
0,13761772473703018
0,14807768576633012
0,1578581346127726
0,11377664054715088
0,13965258903161074
0,16386360414853515
0,2301369991334188
0,22273684108009362
0,22169233206483246
0,24360277198988986
0,2069089692683029
0,24220690363559064
0,22571482143163502
0,22656691197280704
0,26271322589657503
0,22784481662414965
0,267700601872268
0,2786695733837119
0,2657477622674095
0,21973980736632573
0,2147878519524627
0,20849680121393022
0,20534989087523162
0,16116953801143413
0,17221576042888437
0,17039521822035691
0,199988212318421
0,16781095380530753
0,16176249461788236
0,18394776609445845
0,1789930566572789
0,1357576886398677
0,12994283034367488
0,16138655294567114
0,19507502175397506
0,16380930162107363
0,14625908255292364
0,11346252827152936
0,10135045657666772
0,1353406408565968
0,15668960699551807
0,13156640022698526
0,14480868331466812
0,1598192129002339
0,13723906509178024
0,13821745873444327
0,18299188301818053
0,13579044328281994
0,17984229954683317
0,14414809667324266
0,16680107016099735
0,09443223603058938
0,09648861874395316
0,11140688175606529
0,12517410129412546
0,1540534726746519
0,17400077630096747
0,19414339794354213
0,13790960829201854
0,16012060197298852
0,12254927594637682
0,12147852102321634
0,10393431343294232
0,09156451076434782
0,07722198182296046
0,06172866025296594
0,10809239762110884
0,1306608124087663
0,19316308171081467
0,2037974957563291
0,21697214087150687
0,23475328083261138
0,19301835695730524
0,19322621444740348
0,209113587865753
0,1802577682004323
0,19049163730456756
0,19683574615576704
0,19014279691221142
0,22264847358046486
0,24364989251073685
0,24811129376520755
0,23289098068354305
0,20172643968082993
0,22413383166524586
0,1982986328110663
0,17675909424347547
0,19714610866576215
0,19272802547975218
0,22124860792868029
0,20856190530142896
0,19957576070953875
0,21193967984692458
0,20121642549570798
0,19475107821673238
0,21838867106482676
0,2031577120432545
0,23906194679219567
0,2503183566352394
0,26813682059683175
0,2707909963763802
0,2546362985353906
0,2624519017909621
0,297371817061776
0,3200224838184675
0,3330562050987846
0,3496964885377226
0,38740041701013755
0,39310530792811965
0,4163166000079483
0,40734757092856555
0,40237895505376436
0,3990363566256261
0,3988250046469928
0,423753328513434
0,4085241395605288
0,4088070942488619
0,444486084180072
0,4497961198013299
0,46178836007196244
0,4289184139825857
0,43096397706804385
0,43309410215854427
0,4051122937665486
0,42014983459037303
0,368363840553189
0,4045503335635145
0,38147358827947786
0,3803642986014067
0,3971247496557741
0,383625052137236
0,3826230270408516
0,3647591328844819
0,3614660448372272
0,34783271875808003
0,3465163871125585
0,3458466651614124
0,3450551789868787
0,32133687664585403
0,3115064156514424
0,3145894040672328
0,3201435071296924
0,3413163644797396
0,3482708415378937
0,3517677194737633
0,34368376081428176
0,36788516042006836
0,3681779299729457
0,3688225667592208
0,43236501302903385
0,4694192547398345
0,4937089831071744
0,4492619370720634
0,482763214595221
0,49413884546326853
0,5429850580541252
0,5184453615757911
0,5189579028250967
0,5284726771545308
0,5564445849544076
0,5191635861144146
0,5218534099378149
0,515563161424267
0,5085261508262421
0,5050049954396969
0,501469910133406
0,5116772007380214
0,4920596842782015
0,5202507688791757
0,4963583260424207
0,5420715559807576
0,5294506805277164
0,5474762579783005
0,5364003687331483
0,5507751847842216
0,5374522670846568
0,5598911312244583
0,5797828410521311
0,5864701311143299
0,5867075882918549
0,5588832909273366
0,5678946709792717
0,5654157742217668
0,5795472509041467
0,5833767527563906
0,5983064081810218
0,6062463715760502
0,5998624838805314
0,6078578132357283
0,5943749381290907
0,6066369029308556
0,6257200783011236
0,6303168065166869
0,636841410149956
0,6573815096560754
0,6009895996964889
0,6041510454627937
0,6055974809658057
0,5989964834511328
0,6062861590456095
0,5785788022946262
0,5662297030730301
0,5452673290715363
0,538882450956665
0,5469288497009944
0,5620175149053651
0,5813053376373154
0,5467058058135675
0,5490366779919488
0,5389123480506574
0,5526907790708425
0,5605216057458787
0,5757056848041059
0,5365396774181648
0,4993526881569271
0,4814337697435397
0,4788925146501009
0,500605475133006
0,5082462888471022
0,5115099048348141
0,4971199144100123
0,48790928793257177
0,45917415207343426
0,45342625254080143
0,42405234786102414
0,4044722878481129
0,4013322274765698
0,4090616791774175
0,4161471405888446
0,43846208700295514
0,45327472432494964
0,45518615180792976
0,47154566997795655
0,5061535508942008
0,4829906594699668
0,48054269156697627
0,5083547306964423
0,4648252439994889
0,45445501417882866
0,41783108775091915
0,4088399898799413
0,3710348285417766
0,38676273353030993
0,377034808940126
0,3841394686722629
0,37758571883367825
0,35828323821339014
0,3563378979448558
0,3020149254301848
0,29594372645908656
0,28425495122470235
0,31190712450447067
0,35142801616534985
0,33491129004927433
0,3308615770837736
0,3336341750647041
0,3152127252446963
0,3015862102272888
0,31870240406933753
0,3019618758623825
0,32379621343235937
0,3288102776551551
0,3517700206430282
0,37256596984760576
0,41864772812663226
0,4396645395651702
0,43877362287919347
0,4267008389830133
0,4276118561808942
0,4478874856734303
0,461310024434157
0,4844415513673628
0,46644824072745916
0,4871083570030839
0,48312632636459113
0,4945427009879655
0,4946340505168387
0,4970083917812898
0,5209971121099977
0,5170211086942409
0,5156936440739183
0,5351854415335461
0,5653602692721257
0,5682706978908016
0,5780690103553183
0,6211905493672968
0,6285306591369713
0,6586627832160107
0,6594907792469227
0,6567214936427157
0,660006216767528
0,6818066824672651
0,6423152454147193
0,6750294656592106
0,6501037258572149
0,6474483916975616
0,6305394208980486
0,5986653564400994
0,5641276488220225
0,5431219995935989
0,5664514741674829
0,5677333568446694
0,5841430185819659
0,5953745663113192
0,5843633686635473
0,6517872830392701
0,6388386834861933
0,6286069483115433
0,6131603726142214
0,5941729744382879
0,5916728973425917
0,5856209316950496
0,5879614801389055
0,6203411210886629
0,6321547426435242
0,6211221457269364
0,620771157738301
0,5988857555047749
0,5791906860135337
0,6170625729146927
0,6214920991903771
0,6171905252569003
0,631109802768922
0,6164296201284531
0,6017760168650446
0,5697095345884188
0,5798609128250773
0,6004651076231953
0,6028861035755905
0,6195513209908696
0,6072319282546543
0,5920639818187718
0,6072416064379261
0,6086468049601218
0,6196344937530938
0,5839484808835865
0,5790871316318428
0,5527269651917799
0,5564597026150705
0,5323654886278303
0,4962534886438029
0,4885996584503971
0,45107423677877345
0,38982097826063467
0,41489544845450554
0,447290005670674
0,4446048437932013
0,4652791598513711
0,48898392001742536
0,4997026585288275
0,5428990810296561
0,5255192964936292
0,5210610413935394
0,5454365475901739
0,540549664853553
0,5258993771106206
0,5101053369261619
0,504168124229015
0,518707385828017
0,5521336520885816
0,5702413457926098
0,5633751081435415
0,5880644718364062
0,5844749139066365
0,5858271624062644
0,5797492019944952
0,5634431253344776
0,5432928598797576
0,5495828519882158
0,559439064282889
0,5413961421312606
0,5212327264421145
0,5237772156098995
0,5009286459081411
0,48109798632414186
0,5208747249217954
0,5219091980145298
0,5222929700754934
0,5296453634006502
0,5637064761429824
0,5600530584079506
0,5285205215529984
0,5468131602056349
0,564553455692611
0,5406150853355912
0,5597419644000847
0,5258802562611663
0,4885739264529481
0,4805791716299668
0,4665079283237133
0,4711435670521858
0,4647638776588357
0,4428212816041607
0,3873982039252567
0,4067384745466157
0,41657288827709277
0,423153575872364
0,4494151390999843
0,4585521280262502
0,45038697582375636
0,45265301227960675
0,43730887170683824
0,4512935585185017
0,4594763562509188
0,46287843799447403
0,4429471998024936
0,44086213410619557
0,4330950094258527
0,4380218504519785
0,45352315964781137
0,4694243474253571
0,4843514343296057
0,5091082838571931
0,48897357499538097
0,4832833320397782
0,5254871593210076
0,5043786164043524
0,547144997710102
0,5859048407563403
0,5718220815358264
0,5328372006847638
0,4844950875337402
0,4738954106807221
0,4609901043676609
0,4365287254603629
0,406763937271456
0,40812326121338194
0,3956004535247536
0,37379690888837624
0,33011023574697695
0,3422624630771356
0,33302465637826734
0,351450224695378
0,37128804151064176
0,38578138998458955
0,3783627524354218
0,41090631215615975
0,42192362382185616
0,36968705552985337
0,3289511812281793
0,3194388887167926
0,3379607729661789
0,36997787454982756
0,37794090500616623
0,3738732223304144
0,41685923867749414
0,43466052183522663
0,4469740061025228
0,45830986753017927
0,4379677725506419
0,4106839000404661
0,427010979841166
0,4518641310162884
0,4634535858109058
0,4538489015087982
0,45522223117671395
0,48194369295405
0,4703185749097087
0,44378856742324285
0,45082258063840625
0,4532279948808662
0,428120661827905
0,4452623692440717
0,4619657281801529
0,5032186436579331
0,4912896676383631
0,5427471094593096
0,5750490427989955
0,5874074557216457
0,5936667012646024
0,6184498510602469
0,6008792133892976
0,6173156290709738
0,6172404184937896
0,6049798436467185
0,6075341866512486
0,6150211399060245
0,5939642187954072
0,5905821241598328
0,6004994550274653
0,5689648859885076
0,5601143387371063
0,5521189129594469
0,5680774689421557
0,5547488567379417
0,5673222881446176
0,5774475235415901
0,5623091646699777
0,584401670028306
0,5897385863606902
0,6022915709642324
0,5924445881325511
0,5711696031936964
0,5822148609806955
0,6236875079620755
0,6211610362755435
0,6186200495982533
0,6167453082052681
0,5926226454177446
0,5858701809110967
0,5925618236620099
0,589201578219817
0,5809132618413645
0,598948633526729
0,5752156030685747
0,6006855288634712
0,5939259176577516
0,63897341374379
0,6182088024358313
0,6369536782391348
0,6289277315271256
0,6248071807784499
0,6537217856995362
0,6719653286771186
0,6820912167673914
0,693488370486547
0,7195500450258702
0,7546357926800795
0,7593616837808096
0,7547770016764754
0,7517755991916634
0,7374709300194575
0,7112897968882376
0,70106597526121
0,6848022466644609
0,7097949711710878
0,6972894196303929
0,7080819026170888
0,7064088854509563
0,7173899358056904
0,7072809809602973
0,7024321797142736
0,6818852385946867
0,6564511713550893
0,645582514321628
0,6492202522389693
0,6541932638658768
0,6616475122564183
0,6840330229133932
0,6722054636699747
0,6474029445245303
0,6788803926277877
0,6481196129517995
0,6492488651995959
0,6407408982459863
0,6516928872188401
0,6138891414141859
0,5823021584252452
0,5812558579895551
0,5577843458290616
0,5786783459325068
0,5994186346635726
0,5898440081862472
0,5840778719889255
0,5981059747211784
0,5523918983213671
0,5787013849402549
0,5449598736849374
0,5605642830516127
0,5577998361055111
0,5519521139746681
0,5438528823381754
0,5631132408440593
0,5904913868411418
0,5941750792281129
0,616133008223507
0,612574475060561
0,6050670365363344
0,6177843593966648
0,6248963387972206
0,6191765581231521
0,6173830797013797
0,6303221772761881
0,6257995736678045
0,5945207857149836
0,5803472819798193
0,5695628758472594
0,562253641669801
0,5968177150939595
0,573603787514702
0,5734313743742357
0,5783368252349033
0,5759841245612471
0,5930308301673841
0,5773630919316733
0,5657769807580035
0,5649813273797041
0,5615171662237451
0,5624532532896206
0,5654618577551858
0,5645257279491586
0,5358730033590123
0,5578066725909473
0,5711315345508845
0,5910106283914873
0,6222378353953523
0,6026981228155545
0,6009328843554806
0,5977222989601166
0,572593599588328
0,5720941481150879
0,547151100262661
0,5818851117274692
0,6043250618067504
0,5836367683362153
0,598154930570475
0,6199273414653037
0,6345808786019884
0,6014325718364018
0,5725123913765808
0,5471920659573895
0,4904136706189599
0,4858360714278991
0,49457582218683066
0,48439525957997803
0,5002969687467851
0,4424627402729187
0,44575246440062555
0,43477622289339335
0,46793774401700794
0,44245155485304755
0,4236304427236755
0,4362383055090538
0,44419296806881753
0,4438081876695733
0,4669797736133133
0,49167863409160684
0,45174569955642935
0,43744963650858854
0,49438352305772476
0,4381685506444658
0,40259079777523954
0,4025811895627244
0,4105370264511261
0,37322089993453167
0,3344106086842381
0,31207475268778606
0,3211000025807669
0,32469894764642254
0,3088238984075592
0,31687833776142216
0,3193134497280349
0,2627298003001793
0,2511223444446214
0,2620682885208257
0,2644537819327229
0,2582142975237879
0,23921303702698485
0,25086395831338015
0,256902009507214
0,2587837386583669
0,29665664491432164
0,2649373311596523
0,2672072643703723
0,26699262740290547
0,2590718938048893
0,24740314176638392
0,26114952559844956
0,23656693483968985
0,19800427069025012
0,23684059833930354
0,2584806030600179
0,2901548801442654
0,3101207742143336
0,341400693932502
0,36485321439963936
0,32911696520683864
0,3714152672570939
0,33546994147886555
0,33039035897880115
0,2583780425374911
0,21771314935793867
0,2142354075961635
0,18774112839314305
0,18170867489976528
0,18921429043205854
0,23298955853120987
0,235122085093361
0,21636947911176052
0,15314851158460746
0,20860740315473
0,24329309635604635
0,25360333678103864
0,29166100911839066
0,35062509500081945
0,3741515010652629
0,32476188271679324
0,35586098890810314
0,3780726260435109
0,4491429115654925
0,43133239048931293
0,4641554561461793
0,4967413020791155
0,49837952164673816
0,5138635118018036
0,5045659506271244
0,4920122238013551
0,4973223035290257
0,5041409683779378
0,48222334955365503
0,5095271436995368
0,5066837189651582
0,5189318613052157
0,524758633538082
0,536742380155925
0,5433276173096838
0,5304088924410745
0,5292548703874328
0,4782927645557975
0,4727685562453993
0,51593019524405
0,49123238808981434
0,5281640084228512
0,5705070563422463
0,5751021145664655
0,5877837276917514
0,5670641017611271
0,5314187410457083
0,5119705727203657
0,47617848108298716
0,46291212627589134
0,484895261559913
0,5078488071629456
0,4533255837372631
0,4849022514767151
0,5332544260284644
0,5089874473427435
0,529196273051131
0,45808750813264526
0,46476792640327713
0,4582174536817459
0,402751835267684
0,3789539162321491
0,36156768187364213
0,4246190263809703
0,40987762106270137
0,39091281968870856
0,41617954857197875
0,3844765983683656
0,36309608721251246
0,3756260831365786
0,3793074781657918
0,3456383832667454
0,3466789174053458
0,31903130130140234
0,27598553851096386
0,28466471585576014
0,28385637104809747
0,33600162714579074
0,4312794910936267
0,45010924156762966
0,4846285734965129
0,5568418397539749
0,5660463845368305
0,5448726020107469
0,5350174111683248
0,5583718266721065
0,5770233660226463
0,6150463455668608
0,6264601475254356
0,6215479782804769
0,593899486003386
0,6083446662813223
0,624073024120456
0,6606406443291352
0,6719999909163415
0,670183734761793
0,6532655675230724
0,6553266169402753
0,6488188697094948
0,637150994009233
0,6253929140217245
0,6000483232704056
0,534097583658366
0,5392257614150564
0,5431288060735344
0,5359025770262622
0,5539945181333401
0,5315159322385485
0,550547692104512
0,5736681312941333
0,5270815200712523
0,5262514067956121
0,5340407156219733
0,543454465142767
0,5149602275419962
0,5498313904847261
0,5595880802754489
0,5360183016472846
0,5601372438721082
0,5710584339402643
0,5757054405705938
0,5735929922242519
0,5613552551848426
0,5689362314663617
0,5814577355436044
0,5744282696062923
0,5890676978993025
0,5991206151042123
0,5805946893065042
0,5845030145888218
0,6002329758655163
0,553234383015559
0,5317857383553639
0,5452182822047962
0,5515638190285493
0,5870237322829889
0,6068655197517526
0,5943977909981548
0,5949669968838383
0,5611313426795645
0,5081522446350888
0,4986290593101035
0,48792784383127147
0,43539117882062184
0,42772698826715233
0,401218450489345
0,3835465567064618
0,36109082936144987
0,34823157473939215
0,329060125500361
0,34144350003467694
0,32878445683855
0,31433088167954826
0,31158320938862083
0,3627287503481803
0,3404345252107942
0,3632391736770343
0,39227510339852584
0,4099072438220472
0,44012136178066175
0,4673600226264368
0,5006499365654125
0,5027630556041327
0,5158864341306153
0,4783279268499435
0,442890894085413
0,4449629964494075
0,40216618544077304
0,4043699247439981
0,38149923102268263
0,3755248368397956
0,3915199859926023
0,3954436243936156
0,3916047839083843
0,37479348717031497
0,3086532938879555
0,36558730933709155
0,37813012344236796
0,36995044788949555
0,3381061382739128
0,3634032613473516
0,3432506519295935
0,28882804197968065
0,28399921293055364
0,3273210378596425
0,33019508485586213
0,32506165907545115
0,25888839596133956
0,2455719997937683
0,2450080650573385
0,2899705194110459
0,3121367623038202
0,27850490306358905
0,27546959145898425
0,24393246410815186
0,24900315358064157
0,2592587471412269
0,22195611652073197
0,19125837308740487
0,21247079311323305
0,21965799564384592
0,19673083971287764
0,22970638689000608
0,22105153508675268
0,27205358274501285
0,2632151063636387
0,2352358703086957
0,21519115424753185
0,22964252388481385
0,2032149934226389
0,19068464129984564
0,16922056341089928
0,14127646610941907
0,16297407922643675
0,15381911353015354
0,15821166986192894
0,14530700987718284
0,13981994645171836
0,1543836570621138
0,13261613667367272
0,13634980506450833
0,11260678230452299
0,10469008165104762
0,10503751127840147
0,07996936994308403
0,044356994000898604
0,07687057882643314
0,11757243852655129
0,1409969954875805
0,15225396502533234
0,18292539720112042
0,17034509967782807
0,22337281283797247
0,17324948444359448
0,15842961035045916
0,12140445122936401
0,09205734155266065
0,10649222580422535
0,14523061568766604
0,12167721927013085
0,1160268285894061
0,12010139057580602
0,12364781900520277
0,16170804250938575
0,1775565595790467
0,21292624872753738
0,22413691113817702
0,19537788254854926
0,17807159546210605
0,22067925865956903
0,262501401875725
0,2777461793310072
0,26891926884985456
0,28612705080448103
0,28261460620149437
0,30812533556964217
0,343250729583555
0,34601079487276154
0,35509096939513424
0,3908072888117766
0,40102811544436046
0,41782791920499085
0,4287293615076329
0,444847289933419
0,4550533040140624
0,4401525917616079
0,4955689877076216
0,5087486993545466
0,5011409224335599
0,5548606271123115
0,5464928442307602
0,552180180220308
0,5559463426234904
0,5637852724941836
0,5356626649255073
0,520411844951058
0,5062922269247557
0,48523194779630235
0,4830518319926103
0,49649855335003346
0,5225769897435407
0,48768019200987905
0,4455511794940266
0,40183765649105724
0,38790550736413265
0,41387813716854427
0,4381121597452662
0,4341007600490351
0,4475502205642962
0,46333801058839424
0,4350026789397905
0,42872247435295807
0,4231275400064645
0,3844710483181839
0,35901347909466436
0,3142493313607971
0,3442040059564411
0,3654414517024565
0,3156601881255525
0,3339042207061619
0,30266288861946145
0,3081287456952865
0,2503201487863373
0,2345605153724956
0,28398581561106057
0,27426580563518
0,28890102201528206
0,28871197700564094
0,28908733868994946
0,32635422826516414
0,3193031692475692
0,2881376874039914
0,2904062318100932
0,2978720037568445
0,3038778003422549
0,32467210810095476
0,3329776206870594
0,3818448913831078
0,35146310462275854
0,3846986431794665
0,36894423045811564
0,3716783065200655
0,3819804950906666
0,34593055237623865
0,3309832411691168
0,30364030108917606
0,24999232692808088
0,23801137103968126
0,25442809235453256
0,3019004055784755
0,3055275012392472
0,3212969848891577
0,3785749277179164
0,36572948615004636
0,35342243883159824
0,3852831231528157
0,4133985491640129
0,3909172605147405
0,39515058751543747
0,37057285124822453
0,36644011581429003
0,3409987591140886
0,382558088563279
0,36240346279726326
0,38130912066947725
0,43613695682945736
0,39594622067668617
0,3604664145442262
0,36840467519553916
0,40240598147922846
0,3919269324882382
0,3608221014166606
0,38641319228033616
0,4108221763240383
0,41904703206674265
0,4293925960817923
0,4369291521767691
0,42218821797103606
0,43536247330469413
0,42706107741789245
0,42013609570673804
0,44780754461624267
0,49393240126127286
0,47521956824764655
0,43780072982500967
0,39972989135148956
0,38331532425370235
0,3695680389037887
0,3568384203057951
0,3787078390441835
0,4327852429388459
0,4661584707296827
0,47477241670479436
0,47809774694322327
0,4776859291753974
0,4000478135254726
0,39880790392256815
0,41120955243266566
0,38692481299907466
0,39413693595155164
0,3558933065634308
0,3542091546400049
0,3720512035056179
0,4331587111018241
0,3828068533919428
0,35774857208112076
0,39981319256411163
0,40625188767398673
0,43015308741795905
0,4409854769306883
0,43797734047505193
0,45108282085673823
0,4600328060459564
0,4776959557059242
0,4806217716035963
0,4488251897082138
0,5036523083865413
0,43433122223588433
0,45560721768466483
0,4541602690684157
0,3910803899443705
0,38055440345132713
0,4360089215579911
0,4234794302012729
0,38068836754352386
0,4225676654189038
0,41803920447664944
0,45986306447587944
0,46044708545971946
0,4459178295798796
0,44485672808226157
0,42449037480248675
0,423415346635656
0,45771338512715576
0,4365833548648058
0,42984710935613807
0,4184083317575237
0,4089662246452325
0,40639446764652976
0,42473916119777355
0,44470042968317
0,4580535028205645
0,4538897559784665
0,4495855808795244
0,40498096210575385
0,42308836650899206
0,4072861082947938
0,41212424332505304
0,4076596885689704
0,3825128582271513
0,36902223366847103
0,3653189131332793
0,3625121801708847
0,3720258032650488
0,40935196553515085
0,4366061587678202
0,4484008559387693
0,47781644477666807
0,49020317806578456
0,48114754278148797
0,5104630437219133
0,48583352696552795
0,4252575764874722
0,399369878821336
0,3697417949952482
0,35448062897185134
0,38940176620178085
0,3236685261047774
0,33886122866085316
0,37749440929143013
0,34808743220034793
0,33920647020210315
0,31409466198023334
0,32709236072381376
0,3008573243392077
0,2889287773948136
0,2708407069645343
0,2067568908927205
0,20056479493643492
0,25734811626117693
0,29432634729439544
0,3250569805317841
0,35712696821993145
0,3247919793933597
0,2897422422119358
0,22484589323212675
0,17941700557636245
0,14103155972532228
0,09693001632607022
0,08080668538826483
0,04003595876125841
0,07547832567494069
0,08328723843397846
0,0995215408024767
0,05203563465203411
0,053929561727523584
0,05881261573788025
0,053468380526906605
0,04881623809659919
0,07846896771120014
0,10937623527523627
0,08619229304029455
0,12125067582415597
0,19080033544945418
0,17399766348804782
0,13471911831033825
0,1629143371993241
0,13169569155316546
0,17659900950199348
0,1784857002759204
0,11730685806777728
0,13045275427459893
0,09417315047222892
0,10541606929084356
0,12719650444422045
0,16310810999589967
0,22120307246971588
0,16753341742489156
0,13662263501837585
0,19011079578061318
0,24580141833696353
0,1991757393894966
0,18012996905438686
0,159413641620445
0,1946595107475628
0,16706668865150684
0,1647664536363244
0,14803384320650545
0,15433914273966878
0,19833623518944452
0,20980919703258077
0,2700347826732305
0,2670492360553609
0,26012330533554967
0,2322679401622824
0,22044208809886384
0,19551032783896868
0,17089870900933243
0,16628265466174474
0,1348735025705727
0,11653956414067118
0,08317180887847893
0,06225355060751475
0,050603290756867224
0,06765700464425838
0,047309100272818656
0,01757253468025946
0,06927649901335498
0,030847592197203857
0,06234410625156756
0,08031385610527865
0,07317992212996982
0,07985156518603616
0,07543579053402853
0,06318298156485704
0,05396313613137333
0,05083556681180607
0,04054848715834117
0,018557088162921637
0,030557302300399315
0,04976143595476545
0,07630330630048497
0,04507738853892392
0,08533062292519285
0,09383083469482521
0,08152293338161049
0,0486300887266633
0,043647971895339525
0,11103664484525123
0,1087665224702942
0,1206511289439381
0,07247178321020954
0,05121357723641561
0,039448189391698
0,03281464068146467
0,06357902288322191
0,10567847739752567
0,12764162921164832
0,18542129239965016
0,18559782143841155
0,2148876098696149
0,1988136111244051
0,24626677261289753
0,1895672549954822
0,18539160294391635
0,20447895152125473
0,22164748016273894
0,2683224739043262
0,2544260842590933
0,26260222457548726
0,313204522066915
0,3567410534041285
0,3774517575909523
0,37152689615855794
0,3780290423455267
0,45347419561012015
0,46031189146668794
0,4429237151039056
0,4327371270286548
0,47831728167237214
0,5063655400934679
0,5429758707847108
0,5376845342112818
0,5513701223541105
0,5772802525927361
0,6086158843828159
0,6068517960815201
0,6074290222681291
0,5976331664065457
0,5827235898374165
0,5845146240073088
0,5968234387563736
0,61043418705732
0,6382915987536173
0,6171254828367548
0,6283851954512671
0,6184857562035406
0,5909686611528141
0,5442289570360483
0,5613725784957678
0,5601589724757435
0,5523695218526702
0,5378628077112327
0,5451922443329542
0,5713824559631641
0,5607195201638072
0,6106946077613673
0,6043653121381011
0,6230770741013966
0,6243605296808228
0,6647598452458272
0,6721426093719766
0,5953436394307429
0,6222680206960315
0,6290615031330183
0,6465036448372882
0,6632349758813851
0,718715884157945
0,7101352256018402
0,7230113812514231
0,7301058595211685
0,7211024709931868
0,7202315167228704
0,7185609296741566
0,7006300088834658
0,7259044574883375
0,7386823732525221
0,739773527280486
0,7540124978098887
0,7542941368475791
0,7584042162334861
0,764315570188276
0,7443820652285971
0,7775390093291307
0,7768170097029972
0,7498856997892732
0,7298961912429914
0,7279248904458613
0,7303879661968115
0,7250008649266197
0,7478315966253596
0,6989451927783462
0,7251397399685596
0,7175027902811983
0,7206290281955203
0,7459880505157519
0,7387720196684061
0,7204258481550554
0,6917786762488591
0,7051248909131961
0,7082274310988338
0,7074704913502661
0,7072456248450417
0,6956846883948825
0,7042430022516201
0,713228447311175
0,6949422259797471
0,696054118269626
0,6821352114752854
0,6765510920866995
0,7122375639570335
0,7078041191197088
0,7200979485595904
0,7372545919152578
0,7379653803001323
0,724821037383329
0,7288086861556986
0,7321886578191592
0,7555887722246453
0,7274110178987596
0,7303478019419303
0,7527513956143275
0,7420434899620221
0,6985235435781695
0,6771401223347633
0,6791139074378225
0,7036155845096168
0,7094780696287205
0,6980398463137518
0,6801991060425183
0,6761145388357777
0,676934798918565
0,6787076851500949
0,6874979225891307
0,6736055916909203
0,6827529250612302
0,6940632622503972
0,6735934579067513
0,6658244439695751
0,6567897045052882
0,6370866812597057
0,6459490236841419
0,6117197209287683
0,6165066355797499
0,647531928345968
0,5880508191168887
0,6001156104559434
0,6121625623259481
0,5887559790147224
0,5813129418596334
0,6070801361269889
0,6120340184528427
0,5813841741365603
0,5926941747399489
0,5883832069658197
0,5810559560707751
0,6262850130694974
0,6031940417424976
0,6327511129646288
0,632010628824998
0,6418617082863999
0,6543664860121619
0,6303392328972522
0,5937123019085484
0,5451245069477447
0,5314458754975248
0,5416913949687439
0,5385790137120038
0,56541618961065
0,5984494850051238
0,5870638175179891
0,581412747480564
0,5993371598878728
0,5995494825784801
0,6028458359777179
0,6127694352043772
0,6274075727156836
0,6585838585052208
0,6511669658343892
0,6412482590687103
0,6255437927199423
0,6230524921044946
0,6117183317473492
0,6133373534912486
0,5913784963380628
0,5699152536599467
0,5541873183814668
0,5750145940678926
0,5769383934730522
0,573385476797909
0,5546655907367216
0,6013796568505255
0,6296664481049017
0,6228499517896499
0,6325255230515168
0,5857019111362135
0,5767354057384925
0,6049297518407196
0,5734224916013653
0,6068472256817695
0,6128017612259058
0,5925339195112508
0,5755337100799331
0,5893909028175173
0,5883969074242322
0,5850246623285549
0,549109773171625
0,5685159453480678
0,538639960544412
0,5564419870170936
0,5543370953928694
0,528477657275754
0,5328586278126259
0,500913991821602
0,4923576847988466
0,5180429839232592
0,5149456984123028
0,5432690742456582
0,5507326931533658
0,5604982349923681
0,5583356010308814
0,5620249730839407
0,5793251028229062
0,5997756444240592
0,5947731558791185
0,5922697758061339
0,5784927490817254
0,580660847924371
0,5333975668952528
0,5129258687464445
0,49165165195504795
0,448466674973304
0,43701086945001855
0,397187799462473
0,43079417199227055
0,435861593434473
0,4789907488291205
0,47606389498932167
0,4814358979661039
0,3989348710072374
0,30010462327055315
0,33726828571495576
0,3345995410719847
0,27451462908968133
0,3091607660362903
0,3846593916654735
0,39063842787381875
0,3482774294033139
0,3048838341531895
0,2945295328066625
0,32008168909431123
0,3091036349458695
0,3307655772867213
0,30421754453422495
0,30508877393462525
0,33834685439634904
0,38291182623178943
0,3823885043932816
0,38377696082102714
0,41010559726470697
0,35225678532285953
0,36397918244203153
0,34369106275747513
0,3682364758081183
0,3632076342023094
0,3889438883930543
0,42138534514179377
0,4251874424904581
0,4007465919670102
0,42107774798868364
0,41108685534003403
0,3657968247917416
0,3251001019278633
0,3400017120758289
0,29999571610266157
0,2586716147311448
0,2434298370731331
0,26203705318474624
0,24635708780635449
0,2181540903526657
0,2516728201806652
0,28277474070500025
0,2526921358108114
0,2666462577841393
0,23902724307572412
0,23376673651383068
0,2044226790139868
0,18990436504727046
0,16303034974946656
0,11397349596677811
0,08278089065198722
0,0985129823535841
0,06719347966629956
0,11197606130610414
0,11530118088697051
0,16666758830721295
0,1679073555976807
0,15362894108117348
0,18539463943857779
0,21159355500322222
0,2524839333123238
0,24729392772827263
0,24756726545557384
0,25136649806639816
0,2744692972665947
0,2840132681641536
0,2250040455580277
0,19509104941567648
0,20485465688521234
0,21336939206706623
0,22241761977084698
0,262395162316401
0,2249311186110731
0,2581939024617316
0,2802251591241547
0,2737025796084513
0,2741515897402483
0,30755908380920083
0,32896235633224974
0,33543328775451037
0,308767629881667
0,26754325222540376
0,30246202527518806
0,27083508684202273
0,31761498986828923
0,2623468525405161
0,2917263919698364
0,3017344010770441
0,29183642849118463
0,2868852441195074
0,3327996371826793
0,34286053461114674
0,3382739748241724
0,32643870497719546
0,28734637668113017
0,3112892390879939
0,3347772036960611
0,32316489531983567
0,3426351429086734
0,3670494037300072
0,3349105677123921
0,3495568366866676
0,3843669991119382
0,4154221062549528
0,3393551584722973
0,2599780888545429
0,2853348274941276
0,2712314719550726
0,2554699615445035
0,31567792752289825
0,31891060662394766
0,29822193085331655
0,30439417044864453
0,30575382510618343
0,3125624107491841
0,3554044719037926
0,32711155828074323
0,3707564495516367
0,3303202168893854
0,3737519503338369
0,36421636352146824
0,39247466900822325
0,39305133770177525
0,388735617283306
0,42735059997193076
0,46334232182577284
0,5020934850536334
0,5002562022379768
0,48262769710622166
0,4629923405420737
0,48244481356943375
0,49203702615668143
0,505329711720579
0,4858603969464796
0,4827120598363581
0,5037203825021811
0,5150197173052559
0,5154783548412327
0,4877523267374396
0,5480410158223233
0,5774205834567064
0,5699527653160317
0,5624158387744201
0,5693223215169921
0,5371713577469238
0,5554341574149344
0,5618037617885324
0,5716030925164837
0,5839317478668599
0,5541720642317711
0,5501602764663072
0,5820557606533946
0,5700420791004099
0,5387883628478086
0,5198338144231903
0,47372724681647355
0,48794744429087455
0,46538148198379276
0,4485565143987746
0,45911542959138385
0,46926104750943987
0,41413086247449404
0,4583031826674529
0,4617055679098778
0,46652968541081263
0,46858419287899133
0,44566081885216086
0,437014337497409
0,4677775258467734
0,44243753703803784
0,433563810753283
0,4345505162269321
0,4516406127137585
0,4771265193652637
0,4591456789843219
0,44424151693051733
0,45341867986306417
0,4120825246529403
0,4098549601726124
0,4278532492853977
0,365044452837202
0,31232959788770454
0,31636140974597554
0,30064744943014904
0,30471080012817214
0,30535208275786657
0,2924894957661699
0,2979345028741463
0,24498521633471593
0,2640246849275689
0,25002566503010704
0,21424880509225877
0,20510912394969794
0,17839908790521408
0,1804188730260702
0,24754325304164732
0,2312154986930534
0,234429862587404
0,2563044811272911
0,2754278048362895
0,34598365591228986
0,3636483213228909
0,42244492513531195
0,40045539276510306
0,38512007240447893
0,36667940861564113
0,34011698879422103
0,36421295567623496
0,39361256115014776
0,4024333843393197
0,47615124502545864
0,5343212068991005
0,5317684353157025
0,5749069878758978
0,5877361262159626
0,6110886610871631
0,615272228388981
0,5764403493633308
0,5320020526533221
0,5689240342526009
0,5946983464110884
0,5977125569514378
0,6460918687161625
0,6500685160804555
0,6557313327771287
0,6848677151132043
0,671544373016721
0,6409441575288203
0,6144536843321284
0,6020675321609972
0,6241526872771842
0,6457596286671026
0,6357634370626294
0,6600922925306938
0,6780585606248901
0,6689013028712391
0,642316259361515
0,6478264316727055
0,6375473653164984
0,6172653487758019
0,6030181909512923
0,5679699851329885
0,5535175748120466
0,5497859788043132
0,543973786335337
0,5356962188141378
0,45087407873220164
0,4355114789026517
0,4579270440048554
0,46058773175269113
0,4737463663172168
0,49900081948661457
0,5093848878468864
0,5249469680545595
0,5463705403536355
0,5463946381960321
0,5783177122692708
0,5831185715005641
0,5945706746061947
0,594270648949874
0,5858889221201674
0,5811502424264801
0,6011800341019078
0,6143040051027842
0,6295157434330808
0,5823279034293369
0,5869885552303686
0,5621652791465437
0,5897048498063739
0,6008195085536878
0,6046893260140576
0,6494160899567812
0,6710927771173533
0,670232072837928
0,6650135450079706
0,6698047441115174
0,6636592500774662
0,6511930788440725
0,648431822877481
0,6380470354078004
0,6574503508990213
0,6483640351483362
0,6384230172443265
0,6658757725014455
0,6289480715755578
0,6211594415178905
0,598552218547796
0,6202828832761753
0,6112770143422904
0,5865801195533145
0,5892787680763734
0,5827603376018053
0,5573247807468614
0,5403590309642513
0,5029007412163895
0,5006428281780706
0,5005033417344978
0,486465589133956
0,46411354721041204
0,46642120350747185
0,4625357413684434
0,4944465389416748
0,4610807372445563
0,4611191082189802
0,47800412689541805
0,46437509000546756
0,461784636623011
0,4911331208249528
0,4883271041309547
0,48825259576632646
0,48456362919653256
0,5323593050070063
0,5844358990111442
0,6239648611665127
0,6191561503030467
0,6371722324402186
0,6291834646374644
0,6259028607769975
0,6162176515284695
0,6436757638193665
0,6364255612064824
0,6231800928512093
0,6629155716261187
0,6306723032120942
0,6262741092609867
0,5782088244824137
0,5582824181421882
0,5686389440602205
0,5518776429971783
0,5874127734425731
0,596884365503091
0,5828109704374633
0,6092107523278781
0,6402502189869678
0,6473270595538352
0,6685644980582158
0,6772583558300052
0,6660673510663336
0,6338779598393615
0,6246851262364516
0,5979549793612065
0,6242942449435228
0,6087190139729988
0,6308148437128679
0,6273357620389468
0,6544345321643539
0,6297697557471573
0,5854066020842956
0,6177727095834075
0,628623057053662
0,6249181828772896
0,6200969794361819
0,6033097047346778
0,5987303382338641
0,5918683946463738
0,6021050064398149
0,5861926302429363
0,5494704484818052
0,5179823766678495
0,47742593516730236
0,46230816469142155
0,4753025363571077
0,4478773041126469
0,39991481678736707
0,40779798699667147
0,42129783419591965
0,41623268948507985
0,4373790192637506
0,41754471345225347
0,40569785552345283
0,40296682620027086
0,3815374333158745
0,4145721109895956
0,43379800431890336
0,4310184013057528
0,4178893391683284
0,41806720482671256
0,4315964883093619
0,41247885049826305
0,4037685067459053
0,4154220973247407
0,39574435077203857
0,40568061206568123
0,423293127192607
0,43333384625920074
0,4665447298755679
0,462074035753341
0,48871217628473396
0,483805169645609
0,44728178137036073
0,41909051708890677
0,4275829469545157
0,4124909922581864
0,42578499376173856
0,41213477579970154
0,3796866982496475
0,3831465342194831
0,3439489129310287
0,3302320001969145
0,3282252667105621
0,3383992372055245
0,33819791577142877
0,36678205507525197
0,3847473733429381
0,37435426914121056
0,3446890100168773
0,35325285335222306
0,33191102015616014
0,3406520059365094
0,3130959833196271
0,3055013181786823
0,30719102701222295
0,30127914238498993
0,283098848259955
0,2633629478327129
0,28837122941441923
0,31931245362737765
0,3709820582814844
0,39061074153015085
0,39354330842888774
0,4383584954166077
0,439255683967842
0,4061457990323856
0,41137760688198893
0,41522016668472805
0,4028939323907238
0,4022498643185717
0,420966573774547
0,45625660390205885
0,36926810358208123
0,3593430678708915
0,34013198947677564
0,3248416553427049
0,3278431755050559
0,29454923646628295
0,29319197290217425
0,2837447698417796
0,3413377986844139
0,2959145929010523
0,3162658517979789
0,31689841888652864
0,30013917570581555
0,2961404971959381
0,21135559462830816
0,22782769257288635
0,22888854782231371
0,24107392303967093
0,27511643860068263
0,24199173496311768
0,2301689334822193
0,23153187185755816
0,2582536349694569
0,29163966811420317
0,2965373486696679
0,2438155582633966
0,2630911310584066
0,25218718814103896
0,26901728759882254
0,22827154507269004
0,24330683759530244
0,20099803662134189
0,22313568648563717
0,21648588638744543
0,1550365635450089
0,1304819478283978
