N: L: Density:Noise: 2,0
Time	 Va	
0,038207584812191046
0,03907412740795029
0,04975958543558144
0,06834274158159999
0,10513160520410986
0,09478102244899103
0,09976659577102226
0,12259092935505274
0,09313753587943326
0,1068755313002581
0,09215080283757583
0,14265930107959132
0,1599048306448005
0,1596911384964195
0,1950974137878091
0,2112900762788128
0,2098977570519576
0,2292169437415073
0,24707504974552522
0,29246723285337034
0,28538619034810603
0,31622484379152666
0,35961731905006344
0,39459255769583357
0,4198384273344269
0,4508987722201601
0,42328047297139576
0,4038507900207188
0,37699093324285854
0,40415868991260684
0,38600130586856374
0,3900375589002313
0,36495606452053125
0,3101530847618571
0,29376206723541526
0,2512824660428382
0,24630147406906355
0,20090706443222323
0,20616210631059484
0,19797911206102567
0,2156804238492751
0,19912913255867512
0,21645898001960187
0,18717971041744358
0,18961809463263304
0,2013514303633902
0,22691146018112998
0,20841127383644747
0,22116941794525796
0,26659910582144214
0,27860259617883726
0,25477667532401876
0,27511460294659323
0,31617992179009763
0,3599037058085301
0,40462965404943046
0,38741818238542686
0,39334335159645106
0,36630828613231775
0,34354553416764766
0,3353798338363271
0,3501920373342775
0,35804980508215317
0,33981121656920293
0,36156274108860276
0,3606214041536888
0,37870765306140164
0,38589219263615754
0,3798156068448284
0,4166708328110896
0,461934392669933
0,41700370105941903
0,43019169244206
0,46420419463611307
0,45978123728205295
0,44603350983910517
0,4606921298743221
0,46136597492634607
0,45553598534745765
0,4500422419211977
0,4575397370498944
0,4451650486820387
0,42656558448985193
0,4047568308332721
0,40087369508930215
0,3884815885531372
0,3679596157592586
0,38017318025718433
0,37403917225859423
0,37587851723606674
0,3766828500952525
0,35359706310552597
0,3444040200617674
0,33326140939845805
0,3018660848748512
0,27743718709554605
0,21693072654686874
0,18955235932122066
0,18956905711666702
0,1375626666120881
0,10331607338564718
0,1686745920225894
0,15815651242105788
0,11791568508021143
0,17542621154481788
0,19369381911013253
0,15019396744475688
0,15792741847738515
0,18883433317319773
0,18063676285270286
0,19752061770569432
0,23577612166967093
0,1936947543149427
0,21219858926257038
0,28162845528537084
0,2652932567108846
0,28420544016963256
0,2520035361683806
0,2278743283650472
0,17921126603800688
0,17494729307035062
0,18330730111571053
0,23873899871932408
0,22508034764960128
0,28172892499995994
0,3286831063520782
0,375297392294542
0,42335982643249875
0,45847273816832607
0,5087643069457424
0,5072628436027133
0,47984377378255033
0,47882516563890465
0,5096143766593213
0,49453286113451367
0,5018360975990679
0,47359242073119656
0,5118443811925594
0,5144954062539678
0,5263623369377051
0,5185694991430765
0,4940828091683566
0,48930347054196266
0,5056255199552459
0,5039426612653282
0,5073762894907181
0,5350422744369986
0,505049792499903
0,5353980362968032
0,5223062845745245
0,5460953511862494
0,5489676210824868
0,5115120612012168
0,5429433990711042
0,55362375925781
0,5678950768755597
0,5679955609888585
0,5786353866596344
0,5721507485100089
0,5703048828182105
0,5561212859179989
0,5345705061987447
0,5470224146902651
0,5732271099610536
0,5691658321772485
0,5520995812196906
0,5430533508111491
0,5504700481942228
0,5566980478255236
0,5490570617594552
0,5545984091536866
0,5468430182552985
0,5244243194343866
0,500100911313142
0,5082871627460729
0,5148248874283395
0,4985110966039588
0,5357441064123691
0,506630819673948
0,47179064444132124
0,46046135544895905
0,4441088916283452
0,4453417239098212
0,4690446927140681
0,45152715742534777
0,45868856613472603
0,4640368083331086
0,4132623574171143
0,4308450319881901
0,4286538109464615
0,43961533316779405
0,4718733109571301
0,5004295296439537
0,4910961448678313
0,4973966128025612
0,479963497523869
0,5032025391732305
0,5001110124108483
0,4743046713309962
0,4730995366692541
0,5165843669548845
0,521680898158356
0,5221747590743872
0,5372136490138929
0,5351070122851177
0,5030305655418172
0,464536117190689
0,4331923670416227
0,4611672013055856
0,509277669096845
0,5374599827492649
0,5046676559949036
0,4978872858819529
0,5085251633809649
0,5119463009456526
0,4267729098830173
0,44838199418299346
0,47651139916720664
0,45998567820246594
0,4639440110691821
0,44476878175858925
0,47161841924433007
0,48043194723353244
0,4910811789256329
0,4817515571288375
0,48793624148914205
0,5381943344091481
0,5266539063220725
0,5470016060023355
0,5346454724314781
0,5469009000367561
0,5946184389694539
0,5627484812289514
0,5839536936281311
0,6095001456279778
0,583359088676348
0,5761458345062898
0,5944567710620752
0,560613204899169
0,544676337786538
0,5478580667885687
0,5559861376483306
0,5368149898729906
0,47369122433220145
0,4792571895064747
0,5147035307679423
0,5183161695000994
0,500276565519288
0,4980480954172279
0,44767787377394835
0,4934780458382422
0,48416070216735546
0,5298882924265522
0,5595863572972729
0,5427752806862806
0,5403107718825032
0,5830039223243129
0,5898852933653569
0,5948245326559843
0,5708362513105371
0,556316892706383
0,5602366169133911
0,558623461858956
0,5437440035584182
0,5392294294262101
0,526149681528343
0,49944640870890095
0,4995943270738463
0,4828081270778622
0,4738359213218909
0,47939290271973267
0,47064324414281566
0,4978718783582709
0,4910587582199086
0,4341493791918847
0,4485995121856558
0,40561011070379976
0,40669288811195975
0,41890202705707275
0,471858222979397
0,4788573992088026
0,47017675483756
0,4764124508190059
0,48976531757334507
0,5101866344610182
0,5393513673171162
0,560675457084802
0,552063663712553
0,5806077807943089
0,6141897158451236
0,6238195020520874
0,6121020125177274
0,60386265711244
0,6273248753057418
0,6248867943184043
0,6268884792344113
0,6247529167448788
0,6287443268266845
0,6162584945652585
0,6320226434684282
0,6119447470331346
0,5632064584882807
0,5516795417008997
0,5212519807432326
0,5441013070973453
0,5331128556815633
0,5052960901562593
0,4916766469752521
0,48295940529466397
0,4730720105708113
0,508125490439175
0,5308486514389618
0,5181739963547655
0,49018300038999796
0,48291578993586737
0,4704980719893045
0,49818016093207346
0,5074380235752464
0,5145441672338742
0,5450178129561704
0,5588162299529217
0,5429686770090556
0,5398052779818067
0,5296654259340514
0,5361671626123438
0,5175270942069683
0,4739424093415081
0,5014753469033043
0,484577524873278
0,4848808679024632
0,4893900002539841
0,46257716476737293
0,48574291310224993
0,49269211400481333
0,5103436829948366
0,5448612914311355
0,5608238182380615
0,5682485147094138
0,5787965856261399
0,5736604243479418
0,5619925713091097
0,5466078710323785
0,5415655556202847
0,5211310089419714
0,5233409106023429
0,5203774159039587
0,5087551665377688
0,5331418119807414
0,5296038799438392
0,5111377136872772
0,48446131587832053
0,489067365976282
0,4464625023026354
0,42275430938410635
0,4188181550153183
0,4059800353588849
0,415710111407635
0,39233211778310617
0,40737481797078384
0,393620709114323
0,419644189999605
0,4315553769560682
0,4586994763694679
0,49099555733899325
0,5009077367829483
0,462339609260634
0,5035011475201936
0,5014902940093329
0,4770631893209071
0,49772471176125954
0,49445629458528
0,5015828222171638
0,4992855108944399
0,4952924134084047
0,4983629179308487
0,473757661538843
0,4715589642603246
0,4630074959439927
0,4717494566161751
0,48671317212876347
0,508756112593584
0,5023885434820915
0,5093204365553494
0,5256804537315724
0,5299742769302752
0,511007037013539
0,49300794623638483
0,5026884164063236
0,5470190678191159
0,548186060388676
0,5401155941846978
0,5483175401197867
0,5891908839293517
0,5901678198722388
0,5901392543090082
0,5990270958149111
0,6318490927829966
0,619169906972748
0,6012253537973857
0,6275300730648333
0,6335604130121791
0,6139094740621776
0,6102619306283001
0,6376180076888686
0,6200370390728754
0,6523339737141972
0,6257192696937581
0,6060154543889109
0,5868040489583641
0,6069828295817309
0,5859913046120144
0,5838974434545182
0,5644341494083813
0,6075858835103304
0,6329057153355147
0,6564680488542828
0,6551493217797643
0,6328264280682164
0,637132087933284
0,6418341420525919
0,6613471569486848
0,6816338675583787
0,6613694390244281
0,6729297594093383
0,6736761145612962
0,6390484432283514
0,6207092333067964
0,6156515148573249
0,6225778001731976
0,5850043516925894
0,5968824174418279
0,5925249559267955
0,5879859160325959
0,5848685377379739
0,5410783903274418
0,569613439535649
0,5959584892429957
0,5760245848785758
0,5481320689266662
0,5654844436604258
0,5795985863379666
0,552933776399642
0,5634430021379344
0,5701964193243089
0,5703905813097043
0,5563641002995144
0,5644042424925749
0,5521095070236465
0,5668846144565698
0,5711235365009282
0,5449493436682922
0,5807735521453595
0,5759065317030336
0,5612440460877441
0,5598790630262132
0,5554134886934785
0,5140380946953653
0,4876677138898575
0,4932433773177027
0,5039226546067069
0,460486421977008
0,4488101629109793
0,4446846507217521
0,44893198110827887
0,44052802834868304
0,4604275686892846
0,4400104522297326
0,4471943523776827
0,4528800238915557
0,4777464747685746
0,4995097552627666
0,4909586552440378
0,47316392997214224
0,43285305976089605
0,4477789508877218
0,42753396947821
0,3938119408054371
0,3623145359293689
0,33833839152471756
0,3032666401527303
0,307167423911711
0,31109995669097656
0,32158983303474137
0,313943620464445
0,31915085264451803
0,31010092647265963
0,269996854420387
0,2560792267333687
0,22295105712097074
0,1992182968124622
0,1877156130196845
0,19209972245781437
0,2169587246574153
0,19772988214323867
0,17683034533375083
0,21403382757626901
0,2371043957766618
0,2266911044359485
0,25335092956277816
0,23410549905630082
0,26666670530217096
0,29068138459936393
0,3053331540187829
0,3361107367171546
0,37401019900167143
0,3582135862142804
0,4051135089481141
0,4044507472586999
0,43874239027583944
0,4735639353575122
0,4712519473943481
0,4692623546317013
0,44288595897544064
0,46044724925479713
0,4771092566516232
0,4869923656898223
0,506053140284685
0,5440428699939304
0,5266339988547033
0,5293929208120439
0,5512752346235329
0,5523356704915552
0,5292246970927179
0,5431666424679317
0,5570483870216918
0,5333043381127582
0,5283105124819991
0,5086999933565982
0,5164261656609035
0,5560969960821064
0,5765495282743597
0,5781714953881768
0,5765987106854293
0,5640155564418935
0,5621877475848537
0,5433837724532177
0,5442417754249161
0,5349796804505885
0,5198173985788189
0,5164647972682078
0,502414419163406
0,4966636588444016
0,5190877467511861
0,54082276759717
0,5492902283083737
0,5551528155841602
0,5780592677128205
0,5560549531010045
0,5337010123451605
0,5146643802946151
0,5058193354905763
0,5091630987263583
0,5153217420003696
0,5081597555535695
0,5280908389610292
0,4964670812869438
0,47997210357301723
0,5450578563842898
0,5609385335763819
0,5805359112783447
0,5810764072658269
0,598740260516623
0,5899519779125665
0,5897056613904639
0,596456704145618
0,58402620468826
0,5789462565787449
0,5782344214647386
0,5718548340910841
0,5948869518557951
0,6208288398368947
0,6275353796136482
0,6600741986505093
0,6626391696096905
0,6578731045831083
0,6434270814270266
0,6696896926373608
0,6790368420223019
0,672511109187872
0,7011993462241115
0,7141176279207874
0,7199859870046575
0,7331155667608281
0,7350925369651851
0,7510821941336806
0,7563090394664855
0,7460844338986062
0,7427735393422462
0,7397910690450039
0,7455789318181656
0,750468367961101
0,7350368976006004
0,7176577545362766
0,7346608527380157
0,7117315001618687
0,7146908184018153
0,727030174863442
0,7268259485648342
0,7347090683530545
0,7188158312983098
0,7378967014819041
0,737595850918221
0,7387859119880491
0,7166951024590289
0,7160156169542956
0,726096309492422
0,7141623476786583
0,7007681742505101
0,6828008463944102
0,6779443257171516
0,663579143561763
0,6695404615221684
0,6786813096665176
0,6831867698907537
0,6752994466198449
0,668984664133721
0,6623149931022345
0,6734074631720051
0,6698903993348579
0,6651806743660864
0,642760976085654
0,6571191774155574
0,6397836549831928
0,6402091258656543
0,6294021314783744
0,6158810599718313
0,6072584258332179
0,6127715504628927
0,6138525109323393
0,6169885467700168
0,6189791646702315
0,6188531618140894
0,6166225609307622
0,5983867409516382
0,6087939520460345
0,5920022049448739
0,5863930421343325
0,5715079242213883
0,5518010238390756
0,5724962016463185
0,5624826629534795
0,5634149172830136
0,5940921116673714
0,6056805506350489
0,6083125730755627
0,6251918791489324
0,6245130379209473
0,6089440059683172
0,6173228337409314
0,6214378461822588
0,6075128016987088
0,6143220774295518
0,593849540565297
0,6162134480087343
0,6122162570671562
0,6044174686924623
0,5932862711607779
0,6229326416672986
0,6284069071966254
0,6338856400868792
0,6448085119296122
0,673679919128713
0,6748526888263959
0,6781238957837558
0,6856013616922991
0,6806584284674234
0,6939087551269086
0,6631227101035764
0,6911935667975697
0,6826598605147084
0,6733690110004931
0,6906948441339551
0,6886650438160864
0,637330780431358
0,6256646174667226
0,6150097558852347
0,6005841554645444
0,6082795592964542
0,5956616679778081
0,6180725951564292
0,6089246572931919
0,6055823995517474
0,5987171465129647
0,6066132274854041
0,6018454448079182
0,5861318777887338
0,6134214561191154
0,6194008720954696
0,5939092559319845
0,5976003780865136
0,6253417685664646
0,6117315486779125
0,6309368871998189
0,6849777180565901
0,6962658256488811
0,6977221605539458
0,7228221789561842
0,7027741012574676
0,6976253388627658
0,6777993137746308
0,7030779123752253
0,6873661356075147
0,65698381687874
0,659275937152922
0,6997385260518056
0,7056827838847313
0,714498419452096
0,7301283209988443
0,7189461439274392
0,7255014261411935
0,7323785607359121
0,710021383861303
0,7340844494015957
0,7320337452670769
0,7368781975272464
0,7240462339577317
0,7137991633717634
0,6867888486734304
0,6989972162905893
0,6918460485149117
0,6964155036040753
0,7004340530953185
0,7016151464067577
0,7193456707464932
0,706892606969053
0,7085709192450723
0,7333801833705287
0,7512028324879092
0,7357727789306643
0,7615859892631781
0,7580068342813411
0,7479902990048192
0,7425379949496809
0,7528704744503639
0,7342045994260132
0,7376847007584479
0,7223406035584489
0,7364270311214415
0,704862958688003
0,7036101807398154
0,7202317299896295
0,6973036440588957
0,7066083145695597
0,6883572611377943
0,679111822141517
0,6831840945989796
0,6958626848439675
0,689888047827286
0,6763629459620386
0,6802853352883628
0,6835823879166322
0,6521487801798912
0,6443568100753199
0,6402962760372907
0,6456867542548368
0,6458190801754219
0,6108572618462199
0,6101724484239666
0,6100436439282343
0,6105046496453355
0,605373238602838
0,6005431925338289
0,6112390940526854
0,600405709522532
0,6213014167223784
0,6046476874726322
0,6320220997617083
0,6359731361267612
0,6212428986063
0,6252287037401122
0,6447084744577544
0,6394448118711062
0,6363761459997143
0,6118161138651488
0,6238881754211323
0,6515140141772938
0,6643042633700139
0,6625187668069502
0,6943130056379127
0,7032896221925476
0,6932903019546662
0,671862794370843
0,6495192779018216
0,6341292243907382
0,5917342802493025
0,5589922871842784
0,5702745594017926
0,5740894952314389
0,6073547764284711
0,6147905400913479
0,6212900050140795
0,6101086037738485
0,5901492382050255
0,6181715255583039
0,631883575977728
0,6498983871348111
0,6269282392684213
0,639339343144286
0,653729450601092
0,6578203245481081
0,6872962478238512
0,7046592727321845
0,7143395956130558
0,7264433863451251
0,726119413672116
0,728468961008717
0,7152365474593483
0,7340137420878643
0,7035478704030759
0,7018994632188658
0,7090865792960648
0,7203463217007896
0,7122273025384056
0,7236088937029387
0,7172616830465037
0,7150771517746783
0,7256556635195148
0,7191590083481555
0,6993655008382633
0,6888134994297777
0,7182386835820335
0,7288525373623853
0,732077129384166
0,7280338879728738
0,7181546608572282
0,7154490533882985
0,7168932831605607
0,7096952879416433
0,7137341928718968
0,6967789592423106
0,6929604627282168
0,6733370860953629
0,6953935249777352
0,6664242027109052
0,6802505405750089
0,6653210535093392
0,678440919193749
0,667860453477727
0,6716296286235311
0,6667808585683583
0,6699864949005708
0,6953938735754268
0,6845575889128098
0,7197678478473576
0,7300577715795694
0,7281278996497682
0,726326199322843
0,7195251877720883
0,7277789709714805
0,7108670601483
0,715137267547507
0,6990300068004643
0,6956275705730811
0,6869560835165788
0,6687995523475476
0,6545826044515655
0,6306211115397792
0,5974607578498498
0,6160048603565598
0,6017217274840096
0,6293711883865212
0,6347499911721253
0,6218650866742248
0,6370115524472167
0,6631872214028353
0,6643162080277328
0,6633812100958011
0,6670180006266407
0,6526379901148768
0,6688189035109658
0,6728170005633374
0,6656102975001642
0,6655208559226068
0,6939749702824055
0,6810945764946927
0,671178627833039
0,7028050189029803
0,6901981643681115
0,671871111521759
0,6598140233581596
0,6543043433739586
0,664417000977289
0,6562629112180509
0,6386846832522763
0,6510116927142003
0,6610263641124351
0,6566633830751778
0,6455775886502991
0,6257280081261432
0,618506297075409
0,6291410097346288
0,5853040371314604
0,5965453980132202
0,5713418198887604
0,5835034806090881
0,6231274270799009
0,6346296829153346
0,6354955182576516
0,6195277450509058
0,578907051181091
0,5849377659896622
0,5939688256132573
0,5766210524512072
0,5778745981367616
0,5694978693814149
0,567810827669222
0,5537700506392957
0,5255039054824817
0,5218113061527981
0,5495176535793247
0,5314092970888865
0,5057339009575382
0,48190817255599216
0,48865924204634414
0,4634756638584085
0,4596209225047556
0,4600362845119967
0,4654796623611378
0,44158625579594674
0,47310737467825265
0,46938445764888703
0,4510370473001046
0,40936940181254633
0,38681510522542156
0,36221682685660683
0,34834684370778385
0,34269827514967716
0,3375258457775584
0,35124723082623427
0,3312240140120143
0,2922238080916976
0,2714665714951014
0,252248030104356
0,20387791391406437
0,20392400189750934
0,18157859565662976
0,13769636761518336
0,12215314357282041
0,130117923430791
0,13467821650322198
0,12539253205102416
0,13127511338089976
0,18562260123400887
0,14013448115213184
0,1122433415629785
0,11273418731377476
0,10908146903464998
0,08439547822854843
0,057427320202675686
0,05035701388744753
0,047680485413897335
0,009841367496394606
0,027426121507105633
0,08872053653754881
0,037597531464834175
0,02997468491528487
0,020809752895488875
0,07980845897826862
0,10148873595216665
0,13081831273187086
0,16469760351866775
0,15541284311865658
0,14285636632199886
0,1322292831513088
0,13219858595839837
0,11218587938339575
0,13564921564219987
0,14276568820382035
0,13584561979426477
0,1493936430638114
0,16757768666789866
0,15935629265607262
0,16649363073697585
0,15914033466340335
0,13352236348581084
0,10156804513289329
0,10039545276413882
0,08461446379303936
0,09638971502539175
0,13735092072471475
0,12108906847044042
0,13528438879266158
0,12749748489793486
0,15931683276926226
0,1486980516094672
0,18300085529410054
0,23263418258590168
0,28001088186255807
0,2921751119035715
0,2811729356901472
0,3039880470241053
0,30291144890800237
0,3002211308561786
0,2615092547692414
0,25458236254438976
0,22620595274383623
0,2300982332174765
0,25829221589459667
0,2839773921615546
0,29017765624059644
0,28780196133808505
0,30335644200131956
0,3090249983302924
0,32973544425255014
0,3407436637912536
0,31689484745726715
0,3126165546720429
0,33181108394106057
0,30821020162586105
0,2623189450380334
0,2600439110783375
0,32020705320276227
0,3705743303744024
0,35687097587104966
0,3092913347769189
0,3442718180299902
0,3573598538155872
0,3539175962298091
0,3608126631325749
0,35941007748284143
0,3865598686534306
0,38330969952702565
0,3901304172788614
0,4011492906529222
0,3608869398708066
0,33114605756550064
0,32982697845461006
0,3272868311165887
0,31598339995326014
0,2874940349368759
0,2662585269589992
0,28376740866806155
0,2896356400536959
0,2617873477663822
0,210877934607285
0,25042984718519373
0,28810925918219366
0,2823531255343528
0,29889451598369754
0,2981072262215369
0,32853590899186286
0,361729625118392
0,3743696921654781
0,3520837292337468
0,37048494481840283
0,40326964942470817
0,40706856110796025
0,41359240098381633
0,4226853549327912
0,4553118418006598
0,5002832266738769
0,5188367844673429
0,5277070199793746
0,5611936661574322
0,563151776575289
0,5774595441956626
0,5840213992924552
0,6204693516926828
0,6104670825316498
0,6210306211466046
0,5950866707187971
0,6346129235970628
0,639258512184119
0,6275809550276965
0,613836085646071
0,6352186817210264
0,6589698795067797
0,6658854089686436
0,6656199204025948
0,6504379252675022
0,6037925851181799
0,5872746157697686
0,5485425121752677
0,5575430470419394
0,5690147915712483
0,5794979273975708
0,5645295393963937
0,5453087756614229
0,5520769665480073
0,5727187488352724
0,5602908458763693
0,5482339542247532
0,5654815605351166
0,5386250358786856
0,5133127119279496
0,5364420921598005
0,5206943088049197
0,5181058835629443
0,49839602347285544
0,46185868527562546
0,5036174631732824
0,5026638090449614
0,535826339368317
0,5273759162453139
0,5028855368208213
0,402370973108745
0,3962165141626215
0,4026427717687612
0,40601774501049703
0,3741711331229047
0,4019516101297668
0,4459111458761825
0,5032012982925793
0,4674430873132231
0,4192263788815228
0,45927342316658576
0,4530264382597104
0,480396782787974
0,4696489523934587
0,5126139274939516
0,4973761484194442
0,5202321529630283
0,5248430144090633
0,5585191838674634
0,5561312324132709
0,58698050015608
0,5506959962031762
0,5521922955848693
0,5362239221439257
0,5645546361869347
0,5751231111794207
0,5687271561121542
0,5839665193092908
0,6094252184241604
0,6547191132664888
0,6464979020995498
0,6649469181855959
0,6687189180377238
0,6636372376901363
0,6467279931033438
0,636173976752122
0,6485462005540428
0,6528580505487206
0,6770188366479484
0,7083538723428504
0,6705403016981535
0,6692092813659213
0,6492470929024435
0,6696184490012546
0,6973603657978729
0,7069982575542789
0,7217271796149842
0,7025928019872739
0,7131519756937185
0,7101838993899494
0,6941113123434215
0,6854045303740323
0,6764190781631749
0,6745533282541637
0,6790676246850654
0,6613739534823609
0,6251504933718522
0,6084637590314729
0,59710055988941
0,601039386876395
0,6115338669792922
0,6011148124173337
0,5887223380299433
0,5797523138731734
0,592095798914701
0,6053633968853599
0,6383233558691583
0,6658959061240038
0,655682422289488
0,6778957831931299
0,7094926709621519
0,6924754311542828
0,6998014287493743
0,6751659446682745
0,6753810326932906
0,6843266294976167
0,6754803766446735
0,7054256644212625
0,6880662536853789
0,6807937674005832
0,6891500692182637
0,6815892176127781
0,6519652934050945
0,6170092001530617
0,6204896023945502
0,6151100000353381
0,6327230223498156
0,5738477245165527
0,5754593883317286
0,6038741797954843
0,5362426526482489
0,5494222628856469
0,5549340980078259
0,5884681236909479
0,5840253876383524
0,603371143074635
0,607163214002089
0,5784924152952567
0,5226196547633799
0,5459259081017005
0,5409001798889936
0,5697680694367895
0,6029769259627762
0,6129413499505926
0,5766528876733711
0,6226803998461988
0,6344246781591144
0,6512230207159964
0,6325447654910669
0,5977175097290549
0,579250849039769
0,560497816404124
0,5716154032872336
0,5861800608050474
0,5562230105714886
0,49807465777158766
0,5037004123928048
0,4899010307630391
0,5058145664466354
0,4938453050395993
0,47807580044798037
0,5050384333232582
0,5095134467498463
0,5013794325800489
0,48689471468975
0,4567536060115019
0,4446200991629348
0,3840894762153717
0,43660145069905354
0,40593234047050814
0,4002961915097333
0,4059417582571561
0,39960270334708164
0,4103118296347491
0,43002017004128895
0,43974627280154377
0,4616844212491964
0,46775662775050275
0,48112598693220804
0,4764417072136784
0,496874908807303
0,49530365061298137
0,5239435548875202
0,491965697169377
0,5019494180208208
0,48937681545384554
0,5107592002767095
0,508721645471936
0,47945252551514717
0,5145966051521967
0,5284138065457765
0,5342736648894579
0,5418885846688738
0,5418887856390516
0,5566776767413678
0,5556085554358806
0,5532830870947019
0,5402997896716656
0,552390624798632
0,5107639613941432
0,5002702260430216
0,4925927560498717
0,4627016739746361
0,4318204173339517
0,46291356569619974
0,4710645874186246
0,4484309861143573
0,46875084661045807
0,46281625335129606
0,4548043220926744
0,47154295593691514
0,482748425733107
0,5023745907154893
0,5132991075900057
0,5040902828738202
0,502140102508167
0,5247418791027159
0,5011059941861475
0,4516741272916755
0,45212439711967545
0,4457670854177718
0,46006624745366187
0,4518806785770572
0,4518225115734855
0,44378168056641143
0,4481957463891681
0,4121267902705665
0,36822752828499894
0,3786719880973515
0,40398013481526984
0,3898196016839155
0,3141183574671614
0,2282158842436572
0,20318660019673465
0,2666904513998321
0,3183531691607634
0,38978450974521406
0,44180572648527217
0,471734126864869
0,4907910672816626
0,496694551916386
0,5175458445587837
0,5501436441309262
0,6080393332819096
0,6097287958458399
0,6006769937875291
0,6134470903271979
0,6007808707906745
0,6081345363668009
0,6257603376107214
0,6188600869034979
0,6346022187641549
0,6192894379818991
0,6157442191855566
0,6447035840075486
0,6445625372029505
0,6285793271138482
0,619294210801044
0,6190273218680785
0,62269686428312
0,622201386453307
0,6130077215906402
0,5768644623556557
0,6200895184290754
0,6275092777861442
0,6319366222085249
0,6295001763561656
0,6074456898763242
0,6016203015819186
0,6252766301432225
0,6370888805671167
0,6244238570390269
0,6289893639400446
0,6304358868109432
0,6242688042955591
0,6208550461142714
0,6386407839908673
0,6615903177474488
0,6688597004544008
0,6727142235331449
0,6656777504828989
0,6462774261651172
0,6302311069002846
0,6199861683088904
0,604804740745879
0,6061853086673753
0,6190533105309743
0,6450315028438521
0,6385912480137566
0,6428506441720473
0,6431459064108473
0,6346346821694175
0,6361150586016644
0,6413321326559562
0,647544705602693
0,6594225964091435
0,6808183042552463
0,6609584062287428
0,6768273707341936
0,6815142710333763
0,661512693343408
0,693288092195974
0,6696303862893785
0,6621554432129252
0,6564256217081891
0,6693587507870424
0,6536366587920357
0,6175087497762428
0,5852537439517819
0,6054838458842385
0,5854801683254892
0,6004334795068554
0,6160471098291156
0,6265003287549322
0,6308028267939737
0,6040878935237253
0,5826641767373059
0,5852094160803911
0,5268601548403279
0,4956352505921428
0,5061458112862542
0,5177525657283965
0,5256405118799433
0,5305066647713581
0,5271542227096984
0,5457699934854642
0,5602205547831202
0,5861189736617397
0,5468818404145425
0,5461575386200097
0,5297723592594258
0,5364539832497237
0,5427826133625424
0,5394966731240424
0,5375328379644374
0,5693087366143276
0,5712550231504723
0,555317237170794
0,5304528212108681
0,5052417155057971
0,45165094241078696
0,49067665660544674
0,4995512848545044
0,4974332590765371
0,47950646844197725
0,486840087084872
0,477125816556668
0,4839624851433951
0,49377825281172394
0,48845059309426403
0,5053513406998243
0,5535648972642107
0,5372094406211531
0,5336647677256997
0,5400046351543442
0,5708796557114627
0,5835957220699792
0,5653008672884399
0,546628709543238
0,5718763382983639
0,5816554394533408
0,5601289624950047
0,5563644483325507
0,5650182382674822
0,518438175476345
0,5243007406973627
0,559902234723941
0,5775589802208414
0,5143360404900639
0,49946576520413566
0,4972895759543618
0,4780581856817839
0,49018529863268395
0,48162305311723663
0,455022156494757
0,45202633949659426
0,4929082273297934
0,45773638790331667
0,44235029482073956
0,4530616443285014
0,43113995654851683
0,4270277438739491
0,4524791185878678
0,4607842648814584
0,4877795654860002
0,5206696669618429
0,5249237175112201
0,5081927892999124
0,5039324235359061
0,47219722815717924
0,4647217904557202
0,4709062621340445
0,46171611878797564
0,47056432380930535
0,4463114062957434
0,45927099308062536
0,43562813005024137
0,4110076586781753
0,42212395035926814
0,4231085165146098
0,4201818020852661
0,3778575428802176
0,35392942866191834
0,36530095538908397
0,3537956166812303
0,3237798261503701
0,2939892228122122
0,27918997038959775
0,2628576858748126
0,25682094335230726
0,2607945813089862
0,23729958280687627
0,18138831717066406
0,15345466979429967
0,14186505951487566
0,11677350227289936
0,11652987364140642
0,1497685302437807
0,1554606194666721
0,2011267454389645
0,1620847871635503
0,13425100258614173
0,17027676597869873
0,1798370129771383
0,1631972063379547
0,1543366282724377
0,1861487091867312
0,15278143054888074
0,1607994481395517
0,17906608431923707
0,21788516453191029
0,17399001736874622
0,2054409043561955
0,15211843937920216
0,16438641386330483
0,18058796976708616
0,11689214626573416
0,09644933372822036
0,09855003764527241
0,09933182306317938
0,11298190426346667
0,09121392191561745
0,051954463120869085
0,025681391809005135
0,022340273079680967
0,012242232471548842
0,03825396506014464
0,039825448101626984
0,06466420061877885
0,06620615488040622
0,06193498815780992
0,07283753805916163
0,07538018966377386
0,06163551808444191
0,065430213426463
0,0760976264035407
0,09788664267304867
0,11860541915961166
0,050516145189376846
0,023531616751420462
0,08846823700479288
0,07706139887460449
0,08843367630677906
0,12538382682623203
0,1656799515919607
0,22805648759962605
0,2101151132368091
0,23926819446584272
0,26754794640123314
0,29060734865219523
0,3007222114091429
0,320047436377605
0,34983475769617167
0,3325297138777698
0,348815288280761
0,32416281756252
0,30704666210763615
0,32739197267749104
0,33055290055037684
0,34607274944536454
0,3817289618648875
0,4206198609857724
0,3875712796887393
0,4096605310121633
0,3982828311725921
0,3750928113330641
0,4113406709574013
0,41299867690900527
0,4339072748206965
0,43838689664538577
0,4428552655419157
0,4698713514125906
0,45414531344198666
0,4584891608715763
0,4692893771453243
0,4748080869884814
0,43634429137145164
0,4124829582268288
0,449527422994896
0,45945237765996877
0,44424745830900025
0,470561057250332
0,47750419640549413
0,5451087975979373
0,5424709080526436
0,562427650074655
0,5570218264277019
0,5728785739234327
0,5472722550068937
0,5246577376713214
0,5228570264259071
0,542028007679629
0,5411004680194947
0,5555626974041428
0,5393535519683238
0,5375107384001317
0,5517755872677162
0,5889124297820802
0,5609367361627723
0,5685553410667666
0,5525801939630723
0,5460391718817221
0,5156197769949061
0,5142894091487368
0,5276877890615901
0,5350748122362459
0,5112931262698437
0,5199556766116965
0,5257696990530457
0,5341383894380037
0,550572848097521
0,5643013082671342
0,5649018500068321
0,543016419632527
0,5379843294778759
0,5154218193368678
0,5097044317750394
0,5213900072789291
0,5260699353280653
0,5343339226712011
0,5483602543241627
0,5560932788749848
0,523454835371071
0,4692276391026609
0,499793145554337
0,4788705541420982
0,47256943322311484
0,4255116817032932
0,4197650352798377
0,43491378323552926
0,44764343171300863
0,4756531096685659
0,4339566244426278
0,38280702131769245
0,39186107686814603
0,38353142654566413
0,4100085056257293
0,36492587011458
0,3438153608179743
0,3296163177417363
0,34356400536710197
0,3424635091492264
0,3709546040425333
0,3771132322984148
0,4212545428842618
0,4398029611691508
0,4350515996928115
0,4468261875326843
0,44681634794902647
0,43938540461276565
0,44097525401562443
0,4518911440507174
0,46199504829308025
0,47360856808712065
0,46276517632916764
0,46828609635952334
0,4773468025392798
0,46877595896559215
0,44279774649113846
0,4232500035317794
0,41067306670714
0,4418282427094031
0,44164013493312504
0,44624176585853764
0,4237161930270024
0,4005797017504412
0,3938069266450743
0,38985122839009845
0,4128620181311255
0,4099631647166594
0,4177487148337806
0,39215307757383444
0,35991561035075675
0,3288598963561918
0,3258367317105202
0,32246155304830887
0,3545338406109474
0,3768897483333152
0,3700092912328921
0,3713170548978959
0,37547231891742217
0,41323705064735505
0,44756775521876513
0,41404830312422614
0,4130912479523693
0,42315849887795315
0,42547616870951926
0,47000658128465594
0,4694231592139962
0,493119515070228
0,49981429807900885
0,5230121720278265
0,5452264700359225
0,5529616971941294
0,579003101766363
0,5835800335782562
0,5829438397105079
0,59157488624257
0,5919926343366565
0,6047998445661084
0,6128143220863863
0,6259557925026045
0,6545951145279879
0,6348791706963245
0,6449272077711725
0,6852469312171644
0,6858510985808642
0,7084711343843458
0,6990020925287784
0,7137994449787063
0,7264608070909945
0,6864671999337053
0,6788436785522016
0,664264593784829
0,6699695865516935
0,683524200284673
0,6786764875893211
0,6630436897584839
0,6633075555718856
0,6769603256805569
0,6878936009261736
0,6812278932982013
0,6665841244449747
0,6677797908210732
0,6882546341707059
0,6679942600908435
0,6759937441850584
0,674795350004201
0,6698734431327402
0,6507777569571772
0,6567225554699642
0,6488791720250295
0,6452380976677783
0,6498505866113095
0,6351563224130398
0,6257110593602467
0,625064504842276
0,6249055984652009
0,6264791616180924
0,6613204889710909
0,6483183162046595
0,6414481704060605
0,6485369870094503
0,6510067295096673
0,6500590106943693
0,6459020658856732
0,666595844186047
0,6730006037180403
0,6593350955617618
0,6564852293586225
0,6522593405068376
0,6739749254043725
0,6845366606303647
0,6933653825224698
0,7108239416845401
0,710264267754899
0,6915555429980361
0,6803969376943958
0,6794113177038783
0,7013214213617379
0,7171759678398398
0,7038740611312811
0,708615022464422
0,7014881740733917
0,7251262357301322
0,7070219741683511
0,7005445293349976
0,6961583843506475
0,7205884720214025
0,7130779619829908
0,6964138806735606
0,7064232703869889
0,7074886071624188
0,7041516441028394
0,7125774567773716
0,6968837966869575
0,7165379619614889
0,701684946697802
0,7262187594344637
0,7339987462805451
0,7271519972053043
0,7245518945642622
0,7247695042024573
0,725514716695598
0,7597229060900973
0,7536743275772646
0,7467883343031421
0,7501746498497217
0,7369103245831984
0,72015013607882
0,703837218767226
0,7092470643307859
0,7013703265033455
0,7092678967313215
0,7081940064967467
0,708232712454296
0,6980178869214372
0,7235343890634663
0,6977635995294258
0,7063881452943257
0,6985983153265436
0,7202998157720837
0,6975083426913801
0,6895197456110872
0,6726483565797143
0,7020500033738977
0,6924325077446988
0,6832362437597954
0,6917489435208779
0,6939263745855201
0,681168917087811
0,6878769021179456
0,7071573829861395
0,7254976783187611
0,7377809379152702
0,7257884855979936
0,727097883339234
0,739716358326652
0,7319882115645117
0,737959262809959
0,7402357430454213
0,7395899311808593
0,7458851139385231
0,7568499948367552
0,7536147321155781
0,742364290779147
0,7452722631388374
0,7485139321511286
0,7257048667558575
0,7551394774394783
0,7546823872598264
0,7492698948924271
0,7631837287702357
0,7688274042574542
0,7675760480904997
0,7690285925719397
0,7738853293872776
0,769729466209722
0,7715890939621455
0,7708387076059607
0,7689436833615739
0,7585553956487036
0,7631561495863473
0,7537696336876574
0,7589325090328247
0,7502876803299009
0,7486890732465415
0,7512017890593128
0,7605286766572767
0,7532885055295492
0,7484484231437581
0,742346821189144
0,7192573364299397
0,7224196888018491
0,7284518377289373
0,731416485843867
0,7383324210200367
0,7389886669039636
0,761171979243771
0,7302908265289798
0,7390573718275653
0,7598895471877911
0,7535011314315682
0,7304146810960437
0,7526422949340937
0,7405289349473976
0,7208823334780101
0,7007175799908496
0,6984955142234391
0,7094758251277077
0,6876700851076467
0,6858894974139511
0,6676424791994277
0,7050086039469655
0,6662177187457643
0,6816049109008633
0,6779353478761905
0,6821303947888074
0,6536150262872216
0,6683992605236265
0,6930440317697519
0,684394546860605
0,6994673065240382
0,6732376340572764
0,6707333251379757
0,705176515368807
0,6882015708573367
0,693372137201177
0,6662227820918168
0,6744270963699276
0,6817104084178419
0,681248488612937
0,6828925440273123
0,6713607299939569
0,6789558139650598
0,6850511653252631
0,6787783342527273
0,6853416511150352
0,6932723190546288
0,7011082374522675
0,7262973063037984
0,730709662731198
0,7508481541915114
0,740808869580188
0,7670054482513297
0,7607047378347135
0,7700288257442481
0,7809422998489236
0,7548714794189131
0,7309437199827453
0,7379308275333822
0,7353286160203784
0,722164486376304
0,7176086021368091
0,7127362705861457
0,7181606088176858
0,7276757279169348
0,735391345517598
0,7388422350583768
0,733987681645536
0,7450322612822307
0,7352537856338847
0,7431418106536326
0,7645158551669736
0,7693575383861038
0,7625653538647498
0,7813279251407628
0,7744875372026866
0,764230072693747
0,7724168678339116
0,7782492921931496
0,7642043755616538
0,7680675680295431
0,743616669008372
0,7222884984052674
0,7151202162799266
0,7156846664860911
0,7042728747375827
0,6947173027215404
0,6958066167676548
0,6804743908485368
0,6886597433129963
0,6998641157919321
0,7026907418940121
0,7000394234133729
0,7032218501977776
0,6885426379831854
0,6844915975454843
0,6860508440716302
0,6541531476843969
0,661396424570614
0,6403934993403321
0,6445150894713134
0,6472319688401618
0,6426859984473214
0,6372885184202725
0,6364118583765975
0,634120423183663
0,6550223166438921
0,6475402529273698
0,6330349708585846
0,6278578366425792
0,6353807491880549
0,6276748815348454
0,6224614877398144
0,6208293065050896
0,6106126721718792
0,6186084295232183
0,6089680756023704
0,6234041180891825
0,5957202922623837
0,5793567021043543
0,5917301789266057
0,5859305531905051
0,582781961660109
0,6063611420786943
0,6312502717039336
0,6443498472870934
0,6404893483042347
0,6343743543228391
0,6520407350338769
0,6330041339127916
0,6661210306263217
0,6690983164435303
0,6731600760566112
0,679409930149538
0,6610510510056831
0,6550622321162849
0,68448971748884
0,6722805465450687
0,6746288773202378
0,6506836624036171
0,66254015543902
0,650285465703618
0,6480565078300378
0,620560057186388
0,6049552257906203
0,5996683806621648
0,6176257521930452
0,6055264956805624
0,607401185743885
0,6147696273672572
0,599958929970233
0,6151673851392601
0,6108358346028593
0,6582499560717097
0,6601197371412117
0,6652717758550132
0,6217280557613466
0,6347658556201236
0,5430538309692308
0,5441531429450113
0,5319614622732277
0,5315115916944061
0,5408949500679109
0,5432227022541304
0,5555537736155421
0,5796314911335121
0,5966537344289483
0,6042993514066506
0,6066243386602679
0,6230540768034146
0,6366413343704682
0,6226045921969027
0,5752602192638755
0,571680159620131
