N: L: Density:Noise: 2,0
Time	 Va	
0,013746130852130337
0,014061935693066992
0,036908677931525705
0,05775934111054549
0,043443310502012375
0,08699273813297391
0,12703378762777595
0,12462054361440818
0,11552128816204438
0,12388675238257935
0,11259168218431827
0,14701189848904228
0,13493699405048998
0,13786409981499542
0,12022511242830222
0,1046220478592886
0,10016861540443975
0,09143342759122332
0,06838000784996345
0,07174602473637452
0,052604921417795526
0,04505443457841821
0,06105964358047505
0,08024586738550538
0,08038481810498592
0,09162842599784247
0,097614573534171
0,1317897019620096
0,156096132699985
0,18717211195008637
0,20417482543863008
0,25082043926175357
0,2448768373189733
0,2660290947339145
0,2699457007233989
0,2726950648391462
0,2790895851731255
0,29928798869321144
0,28166681560072876
0,2747594922025577
0,26531437947087766
0,28447130656192476
0,30176790402475306
0,2953879427703486
0,3450095909125256
0,3655659469126727
0,4225656555672327
0,4589397931153367
0,4664349123501547
0,5041388471822035
0,5247721060192851
0,4986587132839453
0,5140504706575617
0,4970729344149463
0,5117736226883117
0,5177458427015553
0,5210640867159413
0,54791288616001
0,5387459755933075
0,5523602969586772
0,5404729815472248
0,5647652292957843
0,586067520004533
0,5850598995903482
0,5667129946803134
0,5801411346548803
0,5521929696017516
0,5435279098369763
0,5387931805274758
0,544241439055893
0,5271589463803694
0,5147870940421654
0,5090435355719067
0,502411172935937
0,520965182620741
0,538045715269171
0,5385106858333508
0,5722504598474131
0,5788991449128963
0,590669663841031
0,5982525373182928
0,6132275755228331
0,6267552547091968
0,6187393563870155
0,6393702516830025
0,6436621187066475
0,6459966123931452
0,6506260731411345
0,6611977505163443
0,6451897548112443
0,629506246405827
0,6397985668619455
0,633506346360198
0,6115491446230217
0,6077235419250717
0,6266371761997488
0,6287727496951128
0,6494315623029249
0,6639519780547173
0,6671081639874953
0,7155636744511558
0,7137989375256565
0,7033398130607748
0,699338318969014
0,7003916813943445
0,7389895860810912
0,7310646279384995
0,7248213101915635
0,7436156057184797
0,7675605485923582
0,7740820719697278
0,7675786640871383
0,7359823193963292
0,7332171329315387
0,729808114994199
0,7419287765308591
0,7261662686937868
0,7268201252222881
0,7277597506788394
0,7274813473711629
0,7543292617496956
0,7520829428235848
0,7549038000333549
0,7623364929722524
0,7600809409510716
0,7660957191933725
0,7569737678481673
0,7597789714525892
0,7364240861643956
0,7058349968731503
0,7214453803501596
0,7068220944754373
0,6898936176614027
0,7036935913552382
0,6774334506105879
0,6854503637659131
0,6647762527112513
0,655594223356796
0,6592402413732447
0,6490620606313483
0,6315578173621159
0,6453067267360171
0,6181221187988613
0,6134346234774286
0,6153312852596623
0,6223099100934735
0,6235762780708469
0,6384742965454429
0,6377437231852742
0,6463109410708975
0,6570236221631849
0,6642591031527629
0,6638483462117635
0,6884761104749164
0,6931413679134104
0,6934527531296842
0,6802379006478028
0,6700130935285067
0,6654346741101775
0,6929432285255145
0,6760666679585744
0,6712849279164683
0,6736093203405839
0,6945311082832524
0,70315359274315
0,7169959599752266
0,7186448958406847
0,7439415538102412
0,7214050109479586
0,7407962117229984
0,7281531593444994
0,7361992434315147
0,7335493866732872
0,7246031908875528
0,7147414768049443
0,7127061661108622
0,7334117124566188
0,740783009500913
0,7410234414159433
0,7500291662301081
0,744573859544633
0,7362050957740082
0,7168243489717457
0,7248054225724008
0,7204188859115854
0,7222626999030569
0,7070898670388875
0,704708816807175
0,7111443066963328
0,7045992067946806
0,6801000628494419
0,68715130512007
0,6807309016105436
0,6769491208934872
0,6814382101660412
0,665464335430807
0,667252668868976
0,679593926710766
0,6766070309954797
0,6982170936946199
0,7018000296921061
0,7155570002359495
0,7216252208749468
0,7082177815384091
0,6948664620763193
0,7240683989028661
0,7172567891274304
0,7079447782661495
0,716718489925784
0,7129268326243173
0,7153231286125723
0,7058028413702289
0,7128884068561903
0,6873098284538577
0,6721082934188135
0,6941034907088909
0,6849720649750827
0,6760246321767127
0,6853544460383996
0,6650325456233823
0,6474643069218987
0,6666063922509049
0,6551130176650253
0,6464300648770791
0,6672180753268471
0,6880950758406306
0,669411876313415
0,650394505245259
0,6948031406565733
0,7003612462039334
0,7224785467749947
0,7298882467569501
0,7323368858968048
0,7273015597020259
0,7266002416697654
0,7158877811582808
0,70592646013115
0,7346333133919256
0,7287036164014721
0,7057170786926183
0,7092882836843053
0,7033354247003122
0,7004505657186288
0,6985935778198855
0,7069890514336025
0,6932403741121231
0,6701080888400133
0,685671937456386
0,7020980214551781
0,6921703878465285
0,6881246506198878
0,6736501155404756
0,6698408799828222
0,6727611681754421
0,6889238602981386
0,6947580651518557
0,7046950410065536
0,6943308367004288
0,6753755942996361
0,6782441207567617
0,6477952376074814
0,6471689130524892
0,6285439196105423
0,5912833472862721
0,6018068518670017
0,6023237286144414
0,6190245968340669
0,6213005549273305
0,6398354202530717
0,6438061189664909
0,6412590937784742
0,6089812479646984
0,6270205621915611
0,6299001271960588
0,6115647836845702
0,6143413297307473
0,6120060346528672
0,6003719687153268
0,5513657280307082
0,5587117270244012
0,55454912829087
0,5270399472202693
0,5825497723997367
0,6003737488957539
0,6366574233447786
0,6471060216915583
0,6625378618071894
0,6891363556626909
0,6948055281494452
0,7293690786558055
0,7251130361690706
0,7251225132429907
0,7408366133891029
0,7562793427681456
0,7680810771129063
0,7702866745617152
0,7572555599076538
0,7464274266230452
0,75970915599528
0,7503483811453237
0,7386996400715534
0,7477007748400243
0,7640831154643418
0,7653860317363588
0,7641578885580556
0,7677366281423855
0,7675298792317536
0,7722592829571436
0,7805587680309831
0,7599003625589448
0,7513256045659307
0,7610140703166143
0,7583137820538651
0,7574171106644005
0,7697320280849819
0,7414377057566142
0,7629643793391985
0,7624793986830471
0,7576956683689385
0,7670233975473871
0,7711229931865043
0,760668998759795
0,7711038795997124
0,7688560922791674
0,751670129970157
0,7628279515504104
0,7438810995459486
0,7404632071168762
0,7390855579833269
0,7249578712206544
0,7161829698913937
0,7142675347140178
0,7054304925968514
0,7098442406668671
0,7045231637576761
0,687727365760918
0,6858802962167889
0,6796272892501745
0,6892068461497233
0,6959011564807454
0,6989058767751737
0,7052361433803465
0,67428395915639
0,678634145111299
0,6781647732498176
0,6929572355294326
0,6782506790231159
0,6721372783847124
0,6826902399986334
0,6787604823970802
0,6757360430904747
0,6949494823377464
0,688924522837727
0,709909764143999
0,7085005829195832
0,695783493145132
0,6699553591983577
0,6673443267371643
0,6601218408943454
0,6604461708703938
0,6674476298557569
0,6692049399030103
0,6821749353777692
0,6726259026481279
0,6819464379060222
0,6974539985831228
0,7060871574665607
0,7107959389551891
0,6877585072658626
0,6776179796032671
0,6527466804309617
0,6447002546887988
0,6465038223890389
0,6356009041588002
0,6456002259591296
0,656443196395679
0,6640559580026233
0,6517266268898494
0,6438294502244991
0,6703146854917982
0,647670861731584
0,6851156618620454
0,6838896148325159
0,6915701851851748
0,6536460270403575
0,6328137761823521
0,6164088342552
0,6258923355643679
0,5983457116034198
0,5743644300431494
0,5808920346822795
0,5778440596352816
0,5487554133288299
0,5401127440790884
0,5659890735946428
0,5570962091770305
0,5582594297705138
0,5807454053499781
0,55105589109075
0,5085165334751242
0,5069967164210052
0,48794827816944936
0,4803675879880822
0,46840053887106864
0,4849010834936207
0,496769089810813
0,5171796656783428
0,562624708877372
0,6039386467593083
0,5954300387313539
0,6095139580015888
0,6000586465283398
0,588478906977547
0,5807644674495097
0,5648641651485351
0,5774052014788805
0,6258774750634121
0,6416356626047502
0,629394123912294
0,6135931551103185
0,629890534025476
0,6287753520156186
0,6030391841723518
0,6006720616205282
0,6123556772932554
0,6039644492094982
0,5822907042948587
0,6108695893921582
0,5998102550560319
0,6081003553526113
0,5982768962127212
0,6246996287442083
0,6424741944681273
0,6597658578355421
0,6574363792490744
0,661308860263256
0,6428622351745562
0,6564858033505344
0,633277498822031
0,6366145375986335
0,636318224822714
0,6644398681292139
0,6471340189819041
0,6544943046384349
0,6081497321812631
0,5822246258750452
0,5859099406304442
0,5679776358482609
0,5747269052612991
0,5523424615170608
0,5427938965130168
0,5770318403976665
0,5943804743839649
0,5632175300890498
0,5645289524090806
0,5817475540673975
0,5919851960655074
0,578564874641881
0,5733409660747146
0,5806053189716397
0,5814199291361103
0,5884453673941447
0,5664569625472802
0,5560483832610782
0,5471812765410674
0,5278528565232156
0,4970502646466189
0,48181033757937314
0,4801518859021876
0,45032747443501675
0,46088847161753904
0,5012832296445379
0,5161968091592289
0,5483310389165708
0,5347992167149536
0,5525576998249236
0,5767847605271958
0,6220841659363049
0,6185295424888803
0,6363513378013362
0,619075283230675
0,6278595796774007
0,6209371466092108
0,6019860960236666
0,6132687906153526
0,6115480456954823
0,6015710676352707
0,614796025111232
0,6214480870877213
0,6323631676182097
0,6225460920629082
0,6321459726517314
0,6314944050975136
0,5909890452154298
0,5838901699086887
0,6000670829296884
0,6310422432692326
0,6389988243439892
0,6327529306990499
0,6512859929184943
0,6446143119056456
0,6346852738876106
0,6317561266960806
0,6172135403493222
0,5922252491750972
0,5940549059903006
0,5962805616934213
0,5733523807269355
0,5591816526961881
0,562752837190852
0,5399407681248679
0,5389902642764235
0,4938170829167837
0,5119005841978118
0,5210643141564529
0,5313494912065703
0,543833734840968
0,5364836589192487
0,5045983396632979
0,5221460210123736
0,5392306563871566
0,5639447520881369
0,5637868729336336
0,5368530476046944
0,5424333792224917
0,5397457041267685
0,5458074889363945
0,551488977961371
0,5988677574650917
0,6126494507756758
0,6155813826276406
0,617340436083695
0,6339507118627302
0,6198586130357226
0,6256278556787754
0,623084182912668
0,6131097606154489
0,6293569616464159
0,6537984835240864
0,6443163193786188
0,6636650059555343
0,6525562501381742
0,6692960334337622
0,6661750977681095
0,6763925214254649
0,6611983773552854
0,6351779265266492
0,5882088831383356
0,5913713147198236
0,5689137330779562
0,5709984197471307
0,5550615606720275
0,5588618074580408
0,5740934075093393
0,5870446802900716
0,5809307333538151
0,559448896070386
0,5900598608098867
0,5833049733860256
0,5955578455361163
0,6309326019776648
0,6025992343764509
0,6060052532617086
0,6287486638572798
0,6344669240719037
0,608196474647066
0,6143779940602517
0,5907911491234918
0,610995275555506
0,5985887477233092
0,567224470657858
0,5647296664012681
0,556215762746408
0,5717840790918726
0,5492540537172046
0,5467471172047369
0,5320799787521391
0,5689228807240588
0,5992795382836302
0,5965540547211335
0,5465542613938998
0,5404846716914617
0,5267816463550962
0,5254863594854616
0,5290986682296283
0,5292592350349552
0,5395785301842602
0,5187676439738415
0,5438544390175807
0,5328220539799208
0,523292600007716
0,5496836292672377
0,5425214499155419
0,5220906202160001
0,5348525517792578
0,5025825177717845
0,4979324633061023
0,5137240962769206
0,49356319135310806
0,48342369552041475
0,48662534658693773
0,47948069910440133
0,48990271537277447
0,5024919945824144
0,46962294284489453
0,48618912605979886
0,4917386376115341
0,524397702121436
0,5180942430581422
0,5148069333116014
0,5222635093674407
0,49593489735596535
0,47851873631816433
0,46924651336822837
0,4769012863408914
0,4657539327724435
0,47999471250462866
0,4780305013417573
0,4761328745760406
0,4446599337477693
0,4325390529592792
0,42729479086476185
0,4303592178164003
0,41328464039794405
0,4201892637225522
0,4386541315755135
0,4508488871102528
0,459145651853482
0,4444383913037303
0,43649968704132314
0,4591384292205931
0,44518855761343
0,41570721868953586
0,37956828886022737
0,378644019851366
0,36993271157133367
0,3666144630025664
0,3671102566058958
0,35559276944566554
0,33322606921787734
0,3421494852814238
0,3691370103682609
0,39371325241091876
0,4017800229250359
0,44846201811150765
0,4450933966410048
0,44183845416666334
0,47295731904731353
0,48556559131931437
0,4915991408148397
0,5030904208561341
0,5077440510489706
0,5189550960393697
0,5369954382373147
0,5298017537475846
0,5066886360811861
0,5279925922336081
0,5403022336118323
0,550055151016413
0,5564324125203947
0,5526315708483002
0,5869581712472759
0,5613185771765539
0,5725978008909166
0,5919530895899658
0,5775935168331023
0,5702426893388249
0,5525009507185923
0,5268996280240381
0,527936612432182
0,5070277748819211
0,5221757634217267
0,5404028905244863
0,5448303431968596
0,5834544063458487
0,5933715364720131
0,6183909852082474
0,6272184078681168
0,6137002802447374
0,606076114852617
0,5926666555937071
0,5902672667607549
0,5825912704961289
0,6290497666509026
0,6154657338421058
0,589360722143691
0,5841114074718436
0,5831888455812094
0,5906403466935827
0,5722912397582004
0,5961010210610065
0,5853487442128564
0,6027506804284357
0,6009095583158394
0,5884381732411108
0,5688386960158675
0,5486541549934225
0,5281089390374353
0,5047041200127558
0,5209041514121598
0,5158364605363605
0,518097309805022
0,4861521673869772
0,5111172811124794
0,4941842205219146
0,5162330103873645
0,5297826858002843
0,517225383941381
0,49737609275800065
0,4971156496893296
0,49001920965943213
0,48897784915610004
0,5014658079935846
0,4954788678641808
0,5153394490352838
0,5256642927397817
0,5184228372163243
0,5093000408877646
0,48781464242925515
0,5197440703085788
0,49793930247949664
0,4880309052534822
0,46552617230524473
0,45344458230209456
0,46000192873332196
0,4634464718490247
0,44997536705751107
0,43139123522856804
0,4235547655457305
0,4480533089349882
0,39971708246990073
0,38105264794011995
0,35611046915011757
0,3386879258036843
0,29932839321954696
0,30482896504960344
0,3102202740688811
0,29376520577308635
0,29610164109620796
0,3205282612863751
0,29238008066006543
0,2704270164667666
0,25596733937400284
0,24886355759617776
0,2533590199281402
0,22175454572615785
0,20951461401662877
0,17326499407714235
0,1547043678579806
0,18809450803148944
0,17486526142333675
0,18324758585754014
0,13064115186272662
0,10078943673838041
0,1058924674775671
0,14334458068643227
0,13847113857982293
0,1656379752254149
0,16019938498428407
0,16833282338614913
0,16686892582093665
0,21232936364088317
0,17862454941661796
0,17758278132931898
0,17443090661560523
0,1701931625709293
0,17317400203290578
0,1519391632847579
0,14584805308848045
0,12923424225222532
0,16357419220105182
0,17400221479548186
0,18987251886952927
0,1710420428639414
0,21342027906239514
0,23402399299150223
0,2771732366719799
0,2763650718575655
0,29438738455163843
0,25643371804141263
0,24040169446031148
0,2504917386949665
0,2680542113382983
0,25163441691361355
0,24737548911753662
0,2299415511750952
0,23275671894531522
0,2352851626379319
0,2348395000193567
0,23823638172170974
0,248149625290336
0,22929726796621097
0,2110927664754936
0,18797864819922608
0,1472625264753561
0,12638131608783604
0,1407839418968813
0,18437013048644094
0,201179789876155
0,2690430037946115
0,2785982504493667
0,2659504972374404
0,2841811039856903
0,309219340118374
0,32582891409911363
0,3503106175008908
0,3729301688439588
0,38837717400014143
0,416609369143824
0,4177781266697705
0,40358942414512616
0,4047236121186629
0,42325887987572575
0,4083272205449664
0,4011616990636253
0,39375330361074756
0,38228917330954276
0,3726678661260906
0,36738563141244585
0,36260727106103813
0,3762846202235628
0,43417122209304704
0,43724263999192964
0,4432561051993874
0,46692640581036216
0,4490319792508428
0,42783143280843955
0,43260070369898757
0,41093353707447466
0,4258647733938158
0,43475580142504666
0,39939257782859683
0,4349498249085639
0,4306494425995091
0,4430250675396321
0,47036623969380126
0,44387154386993816
0,43940708830169534
0,44048848804053997
0,42330123781687573
0,3923094918455275
0,38930936992222825
0,3891387574594973
0,3926593018051137
0,3894434403901676
0,3898693725297831
0,39243709588341974
0,40683419014469335
0,41841482106680145
0,4552061226047633
0,38549925979053973
0,3965507290746942
0,41696568747157525
0,4145698280144724
0,3801347229740452
0,36029987600453933
0,37065458009935576
0,3647589288150856
0,35441138050119964
0,3611868995942036
0,3635324772306547
0,34558853159966596
0,3545180971016966
0,34624098262841213
0,36429744968607525
0,3578177261785406
0,3505849631363907
0,39146787235136243
0,4166132748267283
0,4177168059095871
0,42953573902401443
0,4053542144272696
0,39678124881613247
0,4130750417551529
0,4424726726043771
0,4362809925766841
0,4459426447962363
0,4781048936493014
0,5184278779725652
0,5052370716680122
0,49446657651908815
0,5300754050635021
0,5406001870423877
0,5522000622109879
0,5438031583162335
0,5350802129409437
0,5461453289237984
0,533329619146077
0,5171861510489054
0,5244269398818044
0,5099657467262598
0,5180957550329064
0,48917256721440067
0,48763303694868265
0,4774867672568666
0,4943090163260924
0,4988660809935851
0,5211869558994344
0,5452667118179038
0,534232197923657
0,5404982822606921
0,5532070389546377
0,5317223643573894
0,5196732998078117
0,5308070082411278
0,5492294850129679
0,545044289206775
0,513249531211059
0,5001536336867003
0,4993941850390224
0,48702634110781967
0,4900752254006935
0,4870397802977824
0,48741530049547416
0,4931015143810339
0,5194891039975187
0,5111053628542046
0,5205958883673645
0,517902596190749
0,5178492738713271
0,519001277268315
0,5169894043308105
0,5154934521711051
0,5168245824075167
0,5125480781761647
0,49948184098353104
0,4862868775548955
0,4857467923850597
0,48110769233227546
0,4728893939490935
0,45348080424804105
0,4618645246375896
0,4329902703870487
0,42884726270567164
0,4239910964089751
0,4184807358357678
0,4420396078864049
0,4515889675298974
0,46367280111264125
0,46720959735110806
0,4712570700185765
0,42729550418367507
0,42883637810182546
0,4340852935007302
0,4316375275676551
0,4187314593243219
0,37014489323198335
0,347704648503683
0,34223676620817045
0,3766988958507306
0,38239477065898536
0,3746685426274243
0,38101031686198744
0,3559737815619959
0,3744014855286065
0,3323123375612824
0,3316516642088303
0,3281577011029203
0,30860273437651203
0,2966914238546837
0,32358687654022344
0,2971902902197214
0,26533138280656243
0,2787426319088564
0,2893210748019204
0,2788129811257302
0,2891651699144009
0,305492430766796
0,307143991641884
0,30483644474821925
0,31495099122316234
0,29385270811455755
0,34521992205529334
0,4199674577329589
0,464308064121214
0,518172036959968
0,5536660503337624
0,5275117060472496
0,543297421259336
0,5332793293961846
0,531117638212677
0,5416084320932156
0,5286852280403885
0,5279632349112958
0,5412233252507809
0,5439270333840918
0,5414029370546208
0,565473357196562
0,5799830272618577
0,5886607926874245
0,5873350456693075
0,6093248239507324
0,5982987052049981
0,6257036510521867
0,6113239479107586
0,6344376673841358
0,6311039231597206
0,6373160449297818
0,6222673754597077
0,6313807223012038
0,6210810954892856
0,646014344403428
0,6275831160996915
0,6387861018440807
0,6290764708652563
0,6251944454209544
0,6065915640585093
0,5779956793114114
0,5982710564900322
0,6197405328529574
0,60709402257459
0,6145300788355543
0,6421409838941057
0,6714902228806624
0,666095038519106
0,6744621001371007
0,6927049321792328
0,6746440366795313
0,6640866164930963
0,6516617543362802
0,6481012269652074
0,6725446989401463
0,666951210950362
0,6825980717882514
0,6725167692519237
0,6786425939398089
0,6792600545971893
0,6883203431184702
0,690585798504298
0,6885712165272008
0,6940345891938584
0,658528351008185
0,6531609274777663
0,6651633435725187
0,643804969097961
0,6460224395020954
0,6525634633871088
0,6330720234192476
0,630532711539354
0,6459532475742894
0,6159660551049243
0,6415497949079648
0,6555989612765133
0,6691056838135337
0,6564680596348664
0,675704792014023
0,6762218032681672
0,699930936989618
0,6821456912613926
0,6445457090553265
0,6598633889169255
0,6608266136472033
0,6255599966278705
0,6259098069288731
0,6333852179678471
0,6196416129702632
0,5998266823615149
0,6002637225579893
0,5986850141532829
0,5859831294940948
0,5831385334648487
0,574382419564909
0,5689604163563212
0,5762837309772755
0,5721234233734084
0,5736833579175584
0,5558326421773642
0,5419179595542243
0,5371359001514121
0,5765918310908139
0,5748684049677503
0,5766817408076665
0,5744086944024004
0,5720871446336521
0,598497876249978
0,6065200287551726
0,6380051484003431
0,6460364052094927
0,635548758705709
0,6366900372816129
0,6721705790633943
0,6564532736953065
0,6817963821317505
0,7005955811715134
0,7196179555519028
0,7225459438879765
0,7337698966803982
0,7181619650579808
0,7246398451970344
0,7169065846735692
0,7344071705475819
0,7282396090768475
0,7163404303564536
0,7012095718710242
0,6672609935628315
0,6932992570695036
0,708546842507448
0,7027621319158031
0,7056594676659974
0,7115813303443831
0,7277330732498433
0,732611435116421
0,7446123591437666
0,7461045896590213
0,7535837274311624
0,7441456683910519
0,7477871628001563
0,7576772075008853
0,7547428571018291
0,7613834388984055
0,7483613263742309
0,7491458422679768
0,7593639145184703
0,757273448912993
0,7639592480717103
0,778083124696333
0,7622646290352784
0,7670070419437193
0,76208270929409
0,7538095320793529
0,7248131344627458
0,7219357140067213
0,7192046998440584
0,7386278840538408
0,7545025885916279
0,7423138265508726
0,745694402954296
0,7507014033478943
0,7419975993531469
0,7616683763882397
0,7498450929294406
0,7635146504026441
0,7550746814964409
0,753407039773839
0,7408370145940769
0,7461861316579647
0,7504564650058624
0,7505437162694856
0,755196142169753
0,7595190336193043
0,7895376408349473
0,7869302980316137
0,7879427405458015
0,7782411460600757
0,7682521839430481
0,7526645011627204
0,7683572878671527
0,7569885654643693
0,7717022496597414
0,755903701631014
0,7455849291296041
0,7411651672064546
0,7556323922501024
0,7547036364514029
0,7632373251662145
0,7714902428107522
0,7583825977419558
0,7511300970118063
0,7584695827324188
0,7332149024079068
0,7364772124923696
0,7429093137918962
0,7455550807754115
0,7500787745546578
0,7415548067964544
0,7496713784825284
0,7461609300232906
0,7363298302663044
0,7546430355591317
0,7579959665867171
0,7660252847399681
0,7617184051318585
0,7584333435776075
0,7590495028854586
0,7487067798136091
0,7404273443364856
0,7335986388878483
0,7196733626322379
0,7322358968641799
0,7266074558091934
0,7376530255134606
0,7324237717876952
0,7399738595520073
0,7376237853501313
0,7408945046482516
0,7316903367552607
0,722024142334258
0,71997809659995
0,7276624370118642
0,7315983229283752
0,7071584741154567
0,726469686580898
0,7286788920698721
0,7167723225895916
0,6916555515596926
0,6996987136394401
0,711098397684212
0,6874296289923586
0,6970139215168633
0,699323289563203
0,6790189646008937
0,6691733399239109
0,6521939750599965
0,6506129058012551
0,6576659079680788
0,6639645398547277
0,6690838684174243
0,7037713423963893
0,703570697095087
0,6766800864881233
0,6698429781805404
0,6734855727109555
0,6872993326348048
0,675858579870885
0,6954593681408137
0,7119980910165987
0,6800664807867486
0,695549458109541
0,7024013031528508
0,7005886315299109
0,7125337081518569
0,7048372836589505
0,7272105227258243
0,7246613579716381
0,7423673540940066
0,7354251834539711
0,7327311117707406
0,7329044408855159
0,7355597920242454
0,7344037658781203
0,7297922306228787
0,7233793742803665
0,707286095360958
0,6931445158540122
0,6955155245110448
0,6901575596490994
0,6958022237117649
0,703994716007164
0,7087512307661983
0,7156597047770659
0,7100956974519467
0,7358594406613831
0,7479147192988032
0,7418613273351184
0,7699271865830768
0,7605926631874159
0,7534400428895666
0,7429501788735483
0,7283236282746907
0,720064850194144
0,7310940957965805
0,7561646089843698
0,7436299016495411
0,7490829298493215
0,7497335531203145
0,7349617166473997
0,7309437176586605
0,734092437967398
0,7282025413177421
0,723103741594458
0,7362303898809992
0,7607030048118929
0,7567832321811532
0,747511097401947
0,742475245998475
0,7419319796083809
0,7352980507064214
0,7508231738410903
0,76230428986732
0,763736748680466
0,768116021942909
0,7714925337790637
0,7547689945203784
0,7502211745597127
0,7688576110613564
0,7351328781583938
0,7450648324476096
0,7296461881818946
0,7488261977674582
0,7465608802458102
0,7322097398605912
0,7337232549057002
0,7175875478614896
0,6888448955436058
0,7006847533201709
0,7005947580998482
0,6978207930206962
0,6934739042003838
0,6918169399564733
0,6806791944396182
0,6838386407499771
0,6724879747226238
0,6774632178901945
0,6840848480226376
0,6919961123262515
0,7126238551367835
0,6915079262550107
0,6841568981870301
0,6875344424839411
0,6948619477545326
0,705158432572753
0,7098709404796604
0,709450637328482
0,7255714743610819
0,714937450052258
0,7284655986630499
0,7435322046578459
0,7491852285062344
0,7473744302982245
0,7484712867359338
0,7523805062177242
0,7436254998037694
0,74432198884354
0,7457316503580076
0,7425789979176669
0,7380139145292066
0,7379360095859262
0,7455403182527641
0,7314594014010054
0,7246999414390913
0,7184961712198947
0,7181183680288867
0,708569852360014
0,7123901633404324
0,695090557878005
0,6999117291125455
0,7076743988386031
0,7080085787996827
0,7060735804854845
0,7065555329636231
0,7005103591154274
0,7105374574812457
0,720480747519468
0,7022214413256197
0,702506567782616
0,6980071233299654
0,6858759055509392
0,701296348250293
0,7042719094322414
0,6990141598601621
0,7076055212503637
0,6896525390769206
0,7007092175522808
0,6986183623384993
0,689685351971319
0,7001258117445952
0,7049920925061053
0,7102605139831315
0,7158855368401512
0,7106310924039235
0,7189869881300809
0,6872425836154705
0,6744656689900924
0,6992445907595278
0,6837097413725303
0,6940184227605543
0,6936613812712399
0,6991010463554931
0,6816782789575571
0,679925402890572
0,6842214072848997
0,6778942021178005
0,6591572403792192
0,6519380514541043
0,6496834545394589
0,6498281121890997
0,6382642695015704
0,6143637402308813
0,6173870246875087
0,5959758564284094
0,6053764315053266
0,5905685666161397
0,6114260502927961
0,611255429380239
0,6235515854802589
0,6171698099751897
0,6217661957270705
0,6087642411824677
0,5922688290144963
0,5778323498004373
0,5877160781924161
0,5908890527308557
0,6195234833852099
0,6422480642913044
0,6560849285781888
0,6643312701339962
0,6680794565239494
0,6341904391163294
0,5986456293646334
0,603181640133269
0,5927214640216855
0,5473689280936163
0,5703443973260102
0,5584231308980165
0,5491952895094401
0,5496727615067593
0,5719915084202315
0,543829576337223
0,5309848577232729
0,5366063651682175
0,5380494300541518
0,5409877014743459
0,5623569328852331
0,6035798342207047
0,5792166886782484
0,548370794185251
0,5521579147453942
0,5683349366478421
0,5674171782641015
0,5771145112746143
0,5592686744197047
0,5396829216445618
0,5208095167772185
0,5262743520986498
0,5598040557228411
0,5290238633833252
0,5543932441601719
0,5523032514273042
0,5622874859274288
0,5457213261917702
0,5396308619943058
0,5531146313778709
0,5613373519031399
0,5598187934083979
0,5398171642504311
0,4968372542493506
0,4813302738858691
0,4640872391901121
0,4427261577008887
0,43224629258563235
0,44667078316373593
0,4465009609915532
0,4364501582751575
0,5093031325886302
0,47624975904446454
0,4556706733754664
0,43649417819974756
0,4911322097770021
0,502343006022963
0,5005587798932544
0,4886141925307219
0,4544398483930948
0,45349186516349893
0,4231793105963796
0,4223721778713167
0,41426917380556233
0,479032928986665
0,5106193550521134
0,5445538142222769
0,539375959730451
0,5615179424509309
0,5595021239895095
0,5921635036276796
0,593253491651737
0,5912901024657484
0,6163890902976947
0,5946072620793166
0,5786064846299253
0,5755012951081622
0,5543564608459113
0,5601754158003008
0,5667123243024579
0,589675085520362
0,5774963701758975
0,5839298995725358
0,6129680878172086
0,6148312447496503
0,6192011946430931
0,6189951414160513
0,6144884947996553
0,6243287016455121
0,6238691508311404
0,6409808360517949
0,6276807522539339
0,6088866664132134
0,5990195750914844
0,6105106456051131
0,5972643771701411
0,6034590595981166
0,6072478758837501
0,630305315261058
0,6345757971330411
0,6349959648845943
0,6301827268795686
0,6699015899022951
0,6600903832730902
0,6388515428729572
0,6401309012736183
0,6541003316493932
0,6508566817190926
0,6783453816003592
0,6664846171160991
0,6791208793956347
0,6938176685287294
0,6848554684629475
0,6810625709099468
0,7045839704693883
0,716394536167558
0,7337231233704697
0,7410805053755102
0,7388854484279996
0,7413903845888279
0,7442796193228892
0,7439424755565323
0,7457940393532873
0,7453901417120354
0,7420789887009943
0,730861072865472
0,7450533177806379
0,7401337261633304
0,7618077227703175
0,74600557727383
0,7443722811208185
0,7399385366689509
0,7418186257942616
0,7429777446847085
0,7269282535769729
0,742679424557895
0,7390010503596873
0,7406156180220145
0,7523078918544195
0,7624553404563058
0,7626252649662594
0,7664352660069258
0,7540199447461806
0,7661705714943665
0,7477891903954
0,7585001457038654
0,7662179029957178
0,7566384245651443
0,7560061138255592
0,7725772295203044
0,7746967786241908
0,7636271665152988
0,7674903522473264
0,753004398766857
0,752512169822556
0,7506499550022542
0,7654003890603089
0,7614848313768446
0,761328785544379
0,7570189607025157
0,7616398947831483
0,7593220045341799
0,7596000040974769
0,7583482428047026
0,7553730444817467
0,7594613777209308
0,7586535403501806
0,757221167645181
0,7810386295523405
0,7965610600646199
0,7898629424843637
0,7751536290212603
0,777341095647612
0,7777318143132439
0,7719513940967876
0,7638077849964491
0,7648691179410027
0,7658690449859243
0,7749711025935738
0,7766466083693415
0,7707039185846473
0,768613329047394
0,7839103879080057
0,7783001242047518
0,7834723640787942
0,7689888055856131
0,7654103527090195
0,768706521813557
0,7801357430539437
0,7745739951166731
0,7771244923320884
0,7763370553445654
0,7609339106081224
0,7434734825901049
0,7529858475674295
0,7423592836762606
0,7468223899655981
0,7690838627031144
0,7461368641127175
0,7357509217738968
0,718729110946857
0,7228613081621627
0,7247522837099465
0,685521857059382
0,703039899657122
0,7013075125159399
0,6950665386668364
0,6847361206145864
0,6867885241238406
0,6791457751494686
0,6868589255934491
0,6940981418906884
0,7027985130099459
0,7096447464787813
0,7132235062648247
0,7336141907879475
0,7176557021074784
0,7415785451875908
0,737421006992586
0,7502915915509508
0,7505299729888393
0,7522116777112806
0,7550762262568598
0,7547409260575703
0,7473430030341046
0,7425603822417799
0,740521420917748
0,7351463831196181
0,7431256037911972
0,7496556755893686
0,7579614523935716
0,7443076923712068
0,7328700396865813
0,7451361668732186
0,7192300604232164
0,705612641257549
0,7001479755622957
0,7013216584784947
0,6866139390140548
0,6669417917229468
0,6734130728443107
0,6542591845820688
0,6531716614725301
0,6554580316275787
0,6756239175315667
0,6799109630924977
0,6992456265016297
0,6843513162757088
0,684533022514353
0,6831314636886502
0,6586271439200931
0,670979952785634
0,6589721055782553
0,6450895673265977
0,607855726165913
0,5954113432898145
0,6032248922970461
0,584081633355218
0,5696949868092782
0,5886232281349367
0,5795388991354168
0,5788848866251719
0,5944056378559247
0,5970609863764713
0,5980916702588563
0,6217620439991697
0,6143297379842688
0,642117674690081
0,6295802110749218
0,6174376929427999
0,6411365130150993
0,6478652886801242
0,6352028554914679
0,6349782692148598
0,6314357317282356
0,6414998385235409
0,6412328538010513
0,6346205780688166
0,6329320979768023
0,6429441201670056
0,6440119522665878
0,6474169804294787
0,6082461359074113
0,5758869385394189
0,5748925584399716
0,5575482589364186
0,5295364173263015
0,5431749000352956
0,5311737385048857
0,5351112196725254
0,5407485963597021
0,5340123049919809
0,5198687422861211
0,5175488608768396
0,5294471206859508
0,5421782677694225
0,5486743622231289
0,5448064355619426
0,5583606045610648
0,5653448974737943
0,539838645199551
0,5061802384272217
0,525547789706905
0,5376176869946906
0,5283981012492348
0,5288998026895665
0,5506500470574607
0,502515585134117
0,5189918057012526
0,5153696593592104
0,5345383408253312
0,5627234740311338
0,5898090289820985
0,6436494599887108
0,6658512313678002
0,704721466624969
0,7200581476610923
0,7327742911462971
0,7156428678727184
0,7239772126406587
0,7254449963805297
0,7353884973894111
0,737232622011646
0,7242757914121342
0,7381482411734352
0,7479184102449412
0,76268172320332
0,7707367393700488
0,7617279711674307
0,7600574560509645
0,7633530075057344
0,7498455829448997
0,745085389787815
0,7447433134522158
0,7589398566933478
0,7605967514080041
0,7450593169786734
0,7502122147332617
0,7358553097205068
0,74578194806094
0,7272815175757467
0,7352505908222272
0,7364146607253264
0,747943129917754
0,7451166769061531
0,7406726420443411
0,7396955773792157
0,7294352163941579
0,7439546948077446
0,7452756999075063
0,724721670591527
0,7366470753897484
0,7147281583153936
0,6909455462959229
0,6831906595123417
0,7014467064139841
0,7091912197055219
0,7331668483452394
0,7349768110885613
0,7212999814089116
0,7325372900730691
0,7485254356087062
0,7581730909925787
0,7522225150236025
0,7540832996659942
0,7550616150908198
0,7718371330106399
0,7647935695186135
0,7654346748399108
0,761726308238855
0,7773602802088416
0,7687205333072417
0,7751469547505345
0,7606630499146395
0,7630134942326027
0,7690405361991625
0,7577654949042564
0,7404260131486522
0,7519921922899797
0,7586537065316534
0,7553331518628
0,7635701306018078
0,7599385559999746
0,7510009305018525
0,750184930939088
0,7324169179951064
0,7230941920526397
0,7265323086459381
0,7145423781151059
0,7220626133114568
0,7267877783676844
0,6997070504757215
0,6767683667869823
0,6914111240174996
0,678989803590186
0,6626130279008199
0,6679063355516018
0,6812845922929219
0,7035913356917932
0,7244117525882123
0,7330400493724083
0,7309793147568154
0,716325098176182
0,7040558114306268
0,6947022345137654
0,6698685475876232
0,6828054392079786
0,6853251446089008
0,691288424828406
0,7110447515453945
0,7272063559147921
0,7102759654203717
0,7325371908199814
0,7014160404860511
0,7283913679291711
0,6997114147740936
0,6942642630842694
0,6658696995991337
0,6432217847422205
0,6393697888513631
0,6360085352239229
0,6469818196055312
0,6764871246726617
0,6624027801244398
0,6757865511100529
0,6963803920235292
0,6856163327215629
0,6903102185030374
0,6794201806304381
0,6668280603798372
0,67982808594609
0,6524959869328918
0,6414758979858789
0,6665777202303325
0,6728523886686604
0,6616848948593638
0,6582797885692493
0,626150352671583
0,6500572125856227
0,6483802653952715
0,6414656282651862
0,6205306815951627
0,6242318525068881
0,6287580146406384
0,6159429183584694
0,6061268991583593
0,623060891601784
0,616989892122908
0,6078238448919213
0,5783115685979543
0,6005369874007422
0,6110593488093423
0,6074481522507112
0,6409817738484945
0,6506596926631402
0,6378992117382635
0,6369472833666616
0,6420766235614644
0,6489201039857297
0,6576867156353449
0,679239206817198
0,6887150622323716
0,7041929174952274
0,7039451764869853
0,7146323500166611
0,6996506776895447
0,6866584586564455
0,7064083892128971
0,701685111616345
0,7087420919508195
0,7049598050414941
0,7142351678326369
0,7049849333196321
0,6906292542022789
0,6932074167626407
0,6986345904814778
0,6870288356993675
0,7005877596302581
0,70682844324457
0,7003829001868347
0,718342001038156
0,7103678576865093
0,7101001617674042
0,7283960273291663
0,714052772045933
0,7097636865970088
0,7271268699193545
0,7333561621177436
0,72013104861436
0,7248936729175112
0,7347623344985875
0,7213310880820241
0,7271586594810393
0,7347491140724056
0,7551115782192279
0,7655165707180425
0,7677345325484775
0,771414820172617
0,7764397255877065
0,7745510584644978
0,7746001720503936
0,779380373756805
0,7730455911386789
0,7716513415107635
0,7774546208901227
0,7710456956026297
0,7636151342122107
0,7551954573264851
0,7683159778496909
0,7551687132477626
0,7534247956277491
0,7439530874326613
0,7255725118950439
0,7262415227184384
0,7267724979379886
0,7255722879567549
0,7313056757339299
0,7176985559984831
0,7361308162652807
0,7459593739989091
0,7474161587880055
0,748491771672343
0,7512454266889825
0,7345176487217976
0,7448081004142657
0,721825053880594
0,7254275628993353
0,7107545227645292
0,7070112396821473
0,6932916568902464
0,705864932479842
0,7326677792269879
0,7262404096408355
0,7138787644970289
0,7252142398389827
0,7150231316893066
0,7280711949171442
0,7317279169487454
0,6935242010821275
0,6827845769166493
0,6954005044855817
0,6842399511689559
0,6854034582203254
0,6675774883908289
0,6837614574350755
0,7136638547650125
0,695765493991296
0,6902661178033879
0,7096898596767232
0,6917615335063939
0,6843092908599542
0,6814352894590122
0,6760390456135016
0,6659460233531843
0,649976400187121
0,6253361081921129
0,6455490720444202
0,6421199630037188
0,668507043813842
0,6778590442238585
0,6738795361366169
0,6823434989554832
0,6840858884349436
0,6970156374039781
0,7034639887660711
0,7132179133260497
0,711354885493429
0,7161262823664571
0,6922456536205123
0,6922762976956153
0,6865493912589632
0,6919282199769998
0,6965709601646632
0,6910445861591367
0,6831512574614033
0,6846340828403088
0,6659066165033483
0,6675464118846716
0,6704027769133672
0,6431302881763418
0,6533308268648159
0,6710484629222747
0,6736485095002268
0,6918896856059388
0,7026058963392605
0,7100904471576476
0,7191872968240718
0,7260743106441195
0,7245464869180067
0,7237943121423238
0,7197158788888234
0,7243197745310908
0,7370087943801676
0,7481650825528107
0,7450424714324091
0,7478793043959743
0,7424512853022306
0,7455480869979592
0,7352352188590333
0,7443237800065005
0,747875464354748
0,7408094196147265
0,7319931095566145
0,7331836754050985
0,7158022062918199
0,7146069638205305
0,7080021945702866
0,7104667246610213
0,7004993258746662
0,6917715157351206
0,6815355138958512
0,6995242956070645
0,6973162465656386
0,6964835322875051
0,6959385821053679
0,7103012757675632
0,719984213565343
0,7217758957879703
0,7018037997837041
