N: L: Density:Noise: 2,0
Time	 Va	
0,029055465117195787
0,10351262283405892
0,1416374941169102
0,17019945161739794
0,1980821381103214
0,21811200490715793
0,23664969303163022
0,25427197318867645
0,2690917397946974
0,2912833067447486
0,31458290367355357
0,3369917292251542
0,3572938566367623
0,36328830431306136
0,3811890579113725
0,40158534705157944
0,41312317465817344
0,4388740586917741
0,4409468732636642
0,4329518013385965
0,4371172953017094
0,4430399264881599
0,45445210611757153
0,46560085891758907
0,4666681172739876
0,47158154671940117
0,47631116937437407
0,47937362758431734
0,46252646150420307
0,4638801918135791
0,4534851339379823
0,44059686950055343
0,43405764710563605
0,42930318036809734
0,4345335857425992
0,4371217694023378
0,44634009768350213
0,4594530685690242
0,4758764233365076
0,47842910417365797
0,4869616472476299
0,4955444620558628
0,5032907844265755
0,5056336693056396
0,5078814460851694
0,5165233482259894
0,5165131619707336
0,5345816789420758
0,534014837052584
0,5380108859454079
0,5590614479896152
0,5695873604238787
0,5532125685852036
0,5430548743842468
0,5717829621368448
0,5938760271279269
0,5808957885056597
0,5862497690085142
0,592313553212007
0,5996446872084583
0,6031738227657198
0,6150080211310254
0,6034909085669643
0,613146423932988
0,5977487230691888
0,584503049594774
0,5976714782747664
0,6095888352984551
0,6131073557326729
0,6174566918806305
0,6298248062937252
0,6190934997960902
0,616909055280211
0,6174437284978825
0,6084330609389806
0,5920135065680479
0,582887838892808
0,5938909522870515
0,5910084057306562
0,5771286338621856
0,578037601141963
0,5568322729361398
0,5788113231698927
0,5610148754054046
0,5617902683601819
0,562622914594982
0,5426731886093126
0,5396642607292341
0,5492141636277384
0,5742358327427458
0,5922643134200339
0,5934862170981839
0,5800674128626051
0,5840235677892075
0,5959879305580206
0,6004576853241229
0,6009242393107869
0,5861605156264187
0,5897035024085087
0,5933167924046854
0,5940240883965019
0,563469452089329
0,5416909092754884
0,5292149834309844
0,546625710774192
0,5679381803351435
0,5841329019226215
0,5878253358877898
0,5797192250456737
0,5851044017903443
0,5699861507890207
0,5842146297513878
0,5646048781351896
0,5649557441904953
0,5468202409259182
0,5610769721240978
0,5916644950570189
0,5920530192229533
0,6316164810545071
0,6424578459382391
0,6185212077531912
0,610407483585943
0,6152337668131239
0,6265632575515728
0,6281979816010754
0,6052977696352576
0,6315657293267125
0,6337130342300041
0,6424287247655763
0,6298519359094557
0,6315388383539104
0,6357558154884674
0,6349465019526019
0,6396417688390692
0,6338711564192385
0,627521723602734
0,6303403179152718
0,6139633038429807
0,5951378428770306
0,5989938253561997
0,5918976917330337
0,6098905979075467
0,613604126247126
0,6247289029383792
0,6230598141865126
0,6123443574057051
0,5987812601113207
0,5802614863196083
0,5818773527156359
0,5692052438953317
0,5628951974803804
0,5765398958218293
0,5660535619004196
0,582115902906938
0,5693301270311945
0,5702169381257818
0,5783399058331553
0,5791003709974436
0,5972497608123852
0,5963734683539405
0,6006351109272111
0,6009917840395201
0,6018677205760581
0,6011293941513826
0,6096401560062773
0,6090482352284659
0,6047184697390878
0,6120025986079758
0,6004290235724675
0,6073167587965868
0,6057736596269909
0,6012396184635794
0,585470901105753
0,5803719089403556
0,5773581843504767
0,5855213162813682
0,5796796484534987
0,5948688023689858
0,5927219277598262
0,6049245685930671
0,616182179241766
0,6101744251684458
0,6202773495994512
0,635965546312651
0,6350289000281989
0,6421110276566373
0,6380876402919722
0,6375110518749946
0,639994613679454
0,6497536579319754
0,6444143473463915
0,6370570467223415
0,6511843603601326
0,6502745830128396
0,642064414168194
0,6449935933755727
0,648188783738663
0,6513526518035616
0,6311112139900673
0,6167477046086123
0,6263540365372198
0,6215767099098305
0,6287987780600306
0,6223170428640447
0,6309387075070323
0,6305692270469407
0,6211520741075356
0,6232174998695318
0,6285648087052578
0,640906050172217
0,62422913437647
0,6149314460658746
0,607655322766581
0,6029583217753951
0,606900371967077
0,595602371936551
0,5908910128284066
0,5748785710943238
0,5833812112632172
0,5826187638726739
0,5777741519967835
0,5541370025945777
0,5373223232919773
0,5354513908562585
0,5407373702706716
0,5323823256594675
0,5228770717440948
0,537877257364172
0,5228803786123021
0,5275347843923995
0,5521879865364399
0,5483447361513886
0,5641219039150265
0,5523519966471757
0,548839855478914
0,55228727488332
0,5616641146784225
0,5381128100978273
0,5363978045476737
0,5312602662637305
0,5351566824007618
0,5234081451547473
0,5246138217024879
0,5350795423377734
0,5531118276484349
0,5656345047224735
0,5707231165257998
0,5803732467209571
0,5943279670031789
0,597233480368534
0,6039423161752651
0,6118618886762379
0,6047268277309191
0,6190624345693388
0,6496939336955577
0,6538702916558412
0,6621139357677868
0,6649491754460639
0,6765906096495087
0,6809490066878212
0,6820427136509827
0,6836893937840123
0,6993830600268277
0,7112575656528798
0,7169975523871656
0,6843840110599805
0,6818825300696162
0,6834340869074149
0,67820018447114
0,6761637973146963
0,6641398251876672
0,667627526552005
0,6694486028827344
0,6730701023062369
0,6781572300468649
0,679765020532359
0,6649660095168652
0,6681441984125679
0,6717342089561725
0,6835388764301341
0,7032377711328596
0,6924456062435258
0,6866683926060925
0,6785053171389323
0,6755477179529318
0,6749482032535986
0,6722989410224531
0,6775025615535852
0,6718421037005224
0,6670138455364267
0,6876021136162284
0,6909959986601635
0,6960991605090028
0,6973855900833485
0,7205584875802038
0,7219970934826704
0,7253379146432095
0,7363648066138065
0,7243536536138127
0,7252121952103628
0,7249603555571528
0,7118632975646668
0,708977285503534
0,7004293562502112
0,6982141116701543
0,6927774168164347
0,6854568532580282
0,6789451340171757
0,6647618756757941
0,6600202227910352
0,670997153440333
0,6570359364264227
0,6509593411308165
0,6413654436392512
0,6425973616114459
0,6412278445194927
0,6290714167260918
0,6237221545050115
0,6042532320403184
0,6159660027512508
0,6356303410386978
0,6333381788795626
0,6325798083418904
0,6306014466091437
0,6561953011576152
0,6462913151173223
0,6481124981034567
0,6318095397165219
0,6120893320165175
0,6217255050670528
0,6282866298157935
0,6420556608117809
0,6614369052104271
0,6727362817954218
0,6772595226195143
0,6658076715046973
0,6944804467252753
0,6738030628316604
0,6640641840745735
0,6537627512591362
0,6457016697873639
0,6477441715059438
0,6343411050816212
0,6341376085726921
0,6241942468469532
0,6540014663132018
0,6379821997314357
0,6268632792483693
0,6414608873962434
0,6411795099473873
0,6682381478527285
0,6677656525704624
0,6742226485176418
0,6787839276419831
0,6660589963866244
0,6713913624044338
0,6699996193805818
0,6802426370895988
0,6786245729231108
0,6700980845290331
0,6771085750859869
0,6626063234710643
0,6631375415889281
0,6604230801939367
0,6648637965161831
0,6709432100872199
0,6714382946226486
0,6412348386817243
0,622155657109513
0,6104018126140511
0,5953038013901841
0,6052345559377997
0,6079218687803464
0,6244866221772869
0,609800398490024
0,606595360261783
0,5987813128503425
0,5882035042073712
0,5859745319631484
0,599391362025862
0,5906806695058069
0,5784814136138242
0,5883409983991605
0,6177947277198423
0,6158691097496716
0,6154307791029121
0,6205003023522191
0,6242822813202243
0,6236888287359462
0,613370749184182
0,621395629957554
0,6199021363624343
0,6302031919096313
0,6351867498512009
0,6331250557665918
0,6263825751004386
0,6186890518826872
0,6274648516614544
0,6185225199144121
0,6062062678297556
0,5927479624347709
0,5816227178520804
0,5930056718866874
0,6011605014337991
0,5960379391382429
0,6007108156417451
0,6184081566656967
0,6262045356085024
0,6317124301608554
0,6473663189722195
0,6441909092329565
0,6627552118032275
0,6661122242745674
0,6702270894450717
0,6782807854624325
0,6715302254212598
0,6813648629635127
0,6953089401336416
0,7076543145504245
0,7159068461337553
0,7136469739526058
0,7145422829554271
0,7175859472022741
0,7124072783355434
0,7149786334450706
0,7157754834918266
0,7120848970888932
0,7050726162320071
0,703542960433467
0,7166155842264634
0,7112469490435623
0,7021012718018764
0,7074092997513521
0,7088293958160781
0,7190363573977951
0,7202511841337815
0,7326705328042615
0,7288687120607069
0,7068623579939645
0,7120385479899608
0,7193492081016135
0,7317749520975126
0,7320029949684919
0,7212643676360989
0,7210798984412861
0,7168861504752679
0,7271019103662483
0,737736683820358
0,7385894287651912
0,7363856240037758
0,7400021664480625
0,7472696167106129
0,7485636861603098
0,7476042379329628
0,7626141877012939
0,7600262021481508
0,7558423821798541
0,7628376169757898
0,7636634270480617
0,7657922003210017
0,7590615583866099
0,7689671976485368
0,7672185825691746
0,7620571255281702
0,7517410153840656
0,7575713938991707
0,7510181627125947
0,7590701017669417
0,7543714261671621
0,7492222651927228
0,7434268250769944
0,7460672229242691
0,7397894532090219
0,7497941890899176
0,7408695981907615
0,7469414843851218
0,7477371124050151
0,746171882669246
0,7454403341696928
0,7471077135544074
0,7540484374052081
0,7536709477273111
0,7565872581068872
0,7558638903256928
0,752395577959768
0,7689456242541692
0,7711503008370387
0,7578514714630519
0,7715760762753069
0,7735377587598973
0,7663819799489948
0,7710302135389258
0,7833208425285734
0,7798638926441728
0,7727290127892102
0,775971164983941
0,7859557298443182
0,7817752040792255
0,7818569239665186
0,7746963811018659
0,7564080831941795
0,7607196253940033
0,7606627728302564
0,748608701478206
0,7522717446749198
0,7428466923218524
0,7516994848531403
0,7550729146075701
0,7525215670182414
0,7681488355670232
0,7739609029075252
0,7769961610288996
0,7747013920112321
0,7815215838566405
0,7786340617658398
0,7807616004946117
0,7757241157149859
0,7679915553468208
0,7611897427213165
0,7634539015495893
0,7501617693666588
0,7509403269477719
0,7543114692232111
0,7531975181996836
0,7550838647578376
0,7596410349730889
0,7520499835867644
0,7527074186018058
0,7523163507779039
0,7659912495049197
0,7624041669716188
0,7597781230402538
0,7589852051666914
0,7634584205259379
0,7700312238208223
0,7699314642936785
0,758541159159387
0,7701253127735951
0,7758226317864407
0,7748933536033138
0,7770885992914643
0,778371432788207
0,781298930557399
0,7631444340291239
0,7674059781241833
0,7549699598684787
0,754308867403004
0,7392303654573475
0,718244416254012
0,7192160469901403
0,7218470179089306
0,723134848491194
0,7352534161334535
0,7446332944213547
0,7502318164105803
0,7660257859289892
0,7723337806038628
0,7636872927365886
0,763964546853764
0,7631550500825677
0,7604615847352404
0,7528012962852618
0,7456136325037497
0,7430169841090543
0,7364507430357439
0,7349236046778026
0,7382079468740325
0,757193948637776
0,7520767230096266
0,7690315046496828
0,772899309038063
0,7710261252962006
0,7766739362023958
0,7618726861036776
0,7695377233271684
0,7695204439039641
0,7674757160696749
0,7663040675720755
0,7713797772394573
0,7655501556540834
0,7635710600743435
0,7714271478541784
0,764270098329539
0,7704652301262708
0,762604257882412
0,772326639121891
0,7606639772686487
0,7583989568309794
0,7473268597698126
0,755344922330184
0,7532856373388975
0,7524552583893733
0,758831987546779
0,7552637564483661
0,7623973204289748
0,7690633252179446
0,7755571148023396
0,7744398784554499
0,7886250175736739
0,7836447500041456
0,7814596206410149
0,7893604543534386
0,7895375197499551
0,7912502595396734
0,7893412303848015
0,7915639608026905
0,7841361044369215
0,7797078616903244
0,7847563392811912
0,7824655925208065
0,7826609687070979
0,7759702337120766
0,7794231048274316
0,7770282968671944
0,7733793982630384
0,7675948804063196
0,7496456569803555
0,7539959050265097
0,756469541398716
0,7531590378065726
0,7469953092450257
0,7524672771706576
0,7512645065395461
0,7585177910428298
0,7610785370406096
0,7656256749416074
0,7684534075379162
0,770961148651549
0,7751837754110927
0,7764015458476831
0,7825162487124999
0,7789818456252036
0,7711907236309168
0,7649294668330799
0,7730033350503385
0,7785251250192702
0,780167258719183
0,7776518150563717
0,7776268974125498
0,7737250930849856
0,7792956024074751
0,7905113137597352
0,7860631717551619
0,7914660142523562
0,7815662777507127
0,782265534248171
0,780961813107532
0,7882749455442142
0,7899290180193719
0,7873908962036733
0,790420392120663
0,7836455336450342
0,7903149658871695
0,791423181597418
0,7851634111260857
0,7920263210554658
0,7903539611338681
0,7927844334086442
0,7880988606128446
0,7872919557720254
0,7792225055218558
0,7708499925260719
0,7653203672791079
0,7620277747434736
0,772607124681161
0,7703437088969927
0,7734232593687217
0,7808511969078947
0,7905211899006104
0,789864025684457
0,7917927631080924
0,7879055176889068
0,7903627258036804
0,7918939010474291
0,7924356841415711
0,7871341569126669
0,7829402558728127
0,7815134464880297
0,7855185569756206
0,7835295226914101
0,7834310836716714
0,7716948646463639
0,767889699079587
0,7594998641920101
0,7562562780080915
0,7662245200341576
0,7695916335695222
0,7725514956828604
0,7662793113282659
0,7602248637963226
0,7562257790182031
0,7665973286356066
0,770581219734061
0,7690962351788194
0,7646711321802434
0,7766422231422352
0,7718794074993317
0,7732573531201834
0,7535183871781833
0,7503172413006977
0,7544147150688124
0,7493716049863415
0,7567749001971728
0,7449824941298906
0,7371378448315123
0,7280400999335167
0,7321905295615276
0,7250266308849571
0,7321583282208284
0,7272271008627174
0,7319077611975567
0,746335206656677
0,733213690421677
0,7335745728025682
0,7402079823542353
0,7377550679744863
0,7417719990386551
0,741686151638932
0,7205115636437315
0,7169991723613617
0,7130729830940864
0,7196059509909226
0,7161085564640499
0,7179863853195764
0,7143983044940947
0,7170646921830447
0,7189076319059524
0,7317222034306969
0,7359739765339837
0,7304918234350964
0,7333241879436732
0,7239643001793635
0,7325312663346404
0,7535125839173497
0,7660710637500364
0,7663830954313712
0,758686342865825
0,7742474656114834
0,7859762989895377
0,7914763487592975
0,7853709472999908
0,7814577349136695
0,7765439657972502
0,7813380064650164
0,7817971936466743
0,7965151418889693
0,8022840276236008
0,8007208831356186
0,8040708612874693
0,8103745720024625
0,7991610195769208
0,8022107020483608
0,7929014469543576
0,7964216243573051
0,7945371692219672
0,7772304510319005
0,7854849501726743
0,7849939134506329
0,7819799390163342
0,7716128989481031
0,7726380079020194
0,7739715400310854
0,777346190477773
0,768844636398671
0,7782485479704355
0,7766345344801213
0,7853112367716056
0,7850380776651086
0,7897286716602049
0,7995748982264368
0,7987926020944308
0,8024596081810133
0,8072877147250447
0,8004518334761456
0,7964353615481281
0,7983199936567899
0,80139627734226
0,8016436645405688
0,8005097814417357
0,7962785014331415
0,796099051387517
0,79286274541518
0,7952397618353261
0,7838248421452629
0,7762741410895684
0,7703032294370412
0,774816817099919
0,7720661497746345
0,7798041422216979
0,7842672162120288
0,7591937712991469
0,7655782243036665
0,7675596065835409
0,7656624522966285
0,7616598593802487
0,7542438299573461
0,7597735199511829
0,7674956485408496
0,766755285717504
0,7728769875940013
0,7707647644238712
0,7641999142412612
0,7657382422525927
0,7766894479997315
0,7758551209478599
0,765724068332557
0,7634263137586936
0,7699186518353535
0,7712331242071716
0,7682864067864488
0,7731406112169075
0,7743176888604257
0,777822964855478
0,7797953026163195
0,7670987958438032
0,7729005940479384
0,7690169842418346
0,7685738582409376
0,7710130852153764
0,7656229507789176
0,7791366280228881
0,7700713654773599
0,764279019530786
0,7485172284844106
0,7504765489758141
0,7537629226614581
0,753251692386726
0,7439684965428474
0,7458057900607243
0,7428456812166718
0,7376875778533597
0,7351526481900098
0,7375283697587844
0,7375378501211893
0,7318705396293615
0,7234479591691397
0,7285382440748519
0,7393250717994383
0,7376039283580661
0,7320492382056827
0,7280869755902815
0,7439504601481502
0,7387815465463208
0,7332162615273894
0,7415538803342464
0,7476657554538505
0,7502853085883285
0,7542850967519636
0,7448437802481621
0,7493577786778826
0,7529613376390214
0,7603993153405579
0,7637333271199667
0,7567927796197027
0,7632176638268526
0,7472068821094571
0,7471060168629607
0,7453782237102838
0,741583611485615
0,7443620373823674
0,7410564869684126
0,7451888578697917
0,7477775140984056
0,7257358200662991
0,7373862030354332
0,7474707534316246
0,7458465284150345
0,7376541732767413
0,7405215379934086
0,7452809758464932
0,7430160452237328
0,7427662187555147
0,7438707286829207
0,7415639747723461
0,7473209082236342
0,7472523886500633
0,7499291299009749
0,7564017020849797
0,7490006990952223
0,7364222024572844
0,7427804160091365
0,7467489017014483
0,7482157176157058
0,7549986027263201
0,7556642074781124
0,7666079482867246
0,7782595845881519
0,7761821201925418
0,7695716709949268
0,7805347406208183
0,7802302773410876
0,7883824293178944
0,7809014735884506
0,7859552306161331
0,7876941587389684
0,7890050264769141
0,7849601199608718
0,7805474080355084
0,7763941925796302
0,7782660107291055
0,7755076595739535
0,7736119698892725
0,7750917292986338
0,7780185163434435
0,7706012226171679
0,7744077662042317
0,7757306857644403
0,7724845558881192
0,7687761426512089
0,7758690381191732
0,7837908170129235
0,7851840084459137
0,7754229081590116
0,7696909589406383
0,764132042226548
0,7609404293357601
0,757288595380623
0,7553157597013523
0,7545011534117513
0,7503159090816476
0,7433353061368516
0,7334856104440423
0,735785562432789
0,7437376496620269
0,7549244770408907
0,7554467005668446
0,7396324892991459
0,7292914064112629
0,7383982614554521
0,737665404476689
0,7435721220006427
0,7452758478555428
0,7389449020389977
0,7395090699351085
0,7389953003613159
0,7319917037472378
0,7432648360161378
0,74625529020303
0,7478383669225702
0,7391991667956284
0,736439275001124
0,7312690339094202
0,7343592450491466
0,7279638115169584
0,7278562570131718
0,7147696229535323
0,7200653678665206
0,7178844403122238
0,7293873895224058
0,7328594213029287
0,7269334970125565
0,7277576917208735
0,7446712452813605
0,7369528157008656
0,7354586619869068
0,7418775688625339
0,7428220200187907
0,7447293689618528
0,7345751293978183
0,7454331453772856
0,7420447894979542
0,7401584075464389
0,7464212045842065
0,7414843910450925
0,7423900755535443
0,7364074008698094
0,7432754065618405
0,7467324745855872
0,7506414617836287
0,7601275765558324
0,756779769384444
0,7559966586743222
0,7563451213790469
0,7590394080175857
0,7635617538032438
0,7746932122544169
0,7662059071826459
0,7778899704322136
0,7781011504286328
0,7803167817192046
0,7755341519034517
0,7917541628019218
0,7957093715122036
0,7942675454524436
0,7919421565619796
0,7885214718644203
0,7861978115573658
0,7767690977868286
0,7775877901305353
0,785279927366527
0,7826500100369063
0,7829336551240107
0,7723582726999367
0,7616668155883762
0,7615492563410063
0,763387570220383
0,7560782559289954
0,7478124653800569
0,7519153322463535
0,7597353505374176
0,7513313966786981
0,7493978680458695
0,7470205024848693
0,74602385202245
0,7485244901093829
0,757748244174802
0,7555030137608727
0,756992232542202
0,758948035832014
0,7642937336991784
0,764793853102845
0,7546144302041448
0,7432017869648413
0,7479445193964158
0,7465740227953291
0,7484826651517832
0,7576305946468942
0,7713283171788499
0,7826124640808652
0,7679932109221649
0,7714567879126019
0,7740178570925573
0,776169688223035
0,769590340596554
0,7681151268680954
0,7660188121197747
0,7752480632764907
0,7783694554253568
0,7744774457980503
0,7767794368473804
0,7683437289716191
0,763241833582289
0,7508193296871246
0,7414231315405266
0,735496054890179
0,7420540554210356
0,7381728384029791
0,7368691411202403
0,7376387621584426
0,7348313016736208
0,7304552719541219
0,728583610990924
0,7204337165757386
0,7303552818076628
0,7208739985678468
0,7175467167980848
0,7059501468179963
0,708225193388949
0,7205660553342488
0,7315242159406558
0,7443084464043178
0,7428495893501852
0,7400876865705301
0,7303748261026078
0,7216659056180126
0,7121540393232351
0,7230723655491259
0,7283511568850077
0,7296021953366336
0,7497982221779124
0,7490529285186472
0,7586310844413185
0,7469809300482874
0,76118287433214
0,7752310612508932
0,7789410410489233
0,768283700318473
0,7765168675442314
0,7667456001531444
0,7809522136291684
0,7817088594108383
0,7779159318306412
0,7617151930902495
0,7578914000090029
0,7492820409498675
0,7503886353896073
0,7576570141638241
0,7600425198276164
0,7588623265501021
0,7526117633572992
0,7568608611518871
0,7502287331667855
0,7451579563053098
0,7459685414716168
0,7445907944968222
0,7284865383382239
0,729394622074941
0,7229296278386664
0,7111446924354466
0,7103422727906354
0,7164439903857173
0,719963879391858
0,7269491435864901
0,7245605208254212
0,7376784073389483
0,7281724223360307
0,7310232718686235
0,729262147504707
0,7272427828657031
0,7337269110644202
0,7386722903618538
0,7325013988027783
0,7273464628510276
0,7343245304607877
0,7259345096639024
0,725382603980649
0,7229782408642743
0,7163953118251672
0,7113813522242367
0,6949533544291305
0,6903088584459811
0,688834187213813
0,6934007485781416
0,6922733368728231
0,6961159443098168
0,6956581728858798
0,7001347777075148
0,7068561351014676
0,7037149530748481
0,7196635218135623
0,7291633218375726
0,7261849574722353
0,7264836162754006
0,7200222812664702
0,7237475544252925
0,7184224090560652
0,727475845031042
0,7450235355168239
0,7411823813222014
0,7561715444255636
0,7515651038447486
0,7581577461510018
0,7573171407255668
0,7607331405339361
0,7591706325481757
0,7846799547763486
0,7900276412596714
0,7905375749496273
0,7956970884094291
0,8041898461326086
0,7998230262845176
0,7946236508548021
0,7989734545134837
0,7962418918026989
0,7976595909798635
0,8010120732191963
0,7978020721481806
0,7912652672574371
0,7838119401348143
0,7809394884834348
0,7859962926653642
0,7859159771269287
0,7924231108830949
0,781651966784411
0,7801709150328949
0,7890262133117554
0,7935806081440875
0,7965724090182945
0,7976560005806203
0,7964397888002355
0,7969477534654987
0,7998102004384262
0,7934343696832302
0,8023808651969806
0,7926462054558954
0,7955274196995662
0,7944033975235013
0,7936792252577983
0,7988286355145808
0,7940291906977791
0,79583837148204
0,7944981573543654
0,7902080120188031
0,7934562902131657
0,7730371280714334
0,7741286950548564
0,7555953692208636
0,7577112666281621
0,7627421687519929
0,755418406903148
0,7485693466249033
0,7541912858615004
0,7431253130249503
0,7483294102851435
0,7598230700151798
0,7645130878178545
0,7759131228558119
0,7808933553821968
0,788454199193144
0,7915266820223626
0,7946930943038975
0,796180027832642
0,7943718013193533
0,7895585758205655
0,7850743519202753
0,7928613492531361
0,7904395213604287
0,7892538760908926
0,7930331190406009
0,7977600631754879
0,800172572160108
0,797852848084403
0,8066040542871227
0,8001016530683921
0,8063122283654404
0,79587911064853
0,7967815695245758
0,7939112887791372
0,7937208868656184
0,7897808574008137
0,7872197604999924
0,7910681801595055
0,7768752799415451
0,7890084859314956
0,7749552483990891
0,7677951480442516
0,7711726630192753
0,7696266088189481
0,7746267905594033
0,7702195460345574
0,7741099242013847
0,7654889889100551
0,7653287040165939
0,7706611015380781
0,7715338172852545
0,7764689336308302
0,7764615358571109
0,7747089743913314
0,7723748910902959
0,7766159409134519
0,7687416087512151
0,7753139384723661
0,7805921889696588
0,7846733346432312
0,7834639962893921
0,7905927437290617
0,792880563520912
0,7899358758313639
0,8010833543448571
0,7949950047868862
0,805263630970243
0,7988658434641673
0,7901561857655383
0,7912865084298059
0,8036170752946746
0,7979231000115689
0,798435411380008
0,7938981074226805
0,7931725248448456
0,7994899807546123
0,799698070264838
0,8103318916136257
0,8134390188454668
0,814680000463408
0,8171891211802311
0,8165783599977899
0,8181120445278313
0,8206785010488916
0,8169195082044052
0,8205586218122614
0,8236331453287337
0,8170246373090543
0,808271681500087
0,8133664428858192
0,8155309665667335
0,8101270477575063
0,798834238774152
0,8071696744818033
0,7974607197965506
0,7925024896888221
0,7946839815276376
0,7872806099153269
0,7889510721149018
0,785491711031887
0,7878182444621968
0,7880488508681457
0,7893523534714699
0,8064198514871982
0,7948630038035084
0,7935865387975781
0,7924103914210378
0,8019080577913918
0,794568128651649
0,7986010782968785
0,8114767351738378
0,8080435615546411
0,8111294326885934
0,8095059042295726
0,8106698199549116
0,8085834077469097
0,7981165664110662
0,7952208815227764
0,7889310951133428
0,7878784454089645
0,7880777914514321
0,7859302491692325
0,776678280532661
0,7909604996637649
0,7869461945034524
0,7913421280856787
0,7870521747178528
0,7912253385762292
0,7913637117774003
0,7769118868385806
0,7817745309106741
0,7803893482561983
0,7822597386500734
0,7792273583035433
0,7782008337517639
0,7819012296549944
0,7781233971363357
0,7797714320179391
0,7776642131900101
0,7771044703759541
0,7835060673406454
0,7872790862563002
0,7908972730064493
0,7925137000910599
0,7945214050316036
0,7935245623240935
0,7941481173985784
0,7964112599589751
0,7965524821170525
0,798383843544301
0,8024253858876886
0,806939612124452
0,8033052065120883
0,7931062499173183
0,7945455994888454
0,7912762472944249
0,793350410681158
0,7937951302383773
0,7980253976516429
0,789787721099724
0,7982216018387862
0,7918098100882612
0,8003528411253046
0,805578157018625
0,8004857194441971
0,798053090346641
0,7904733442664653
0,7924699024316799
0,787091463261855
0,7918659245685253
0,7880084814741312
0,7801335819806036
0,7809162197564856
0,7754059293080229
0,7904796601486235
0,7933999535626447
0,7946208509902808
0,798621224378626
0,7930790560063238
0,8025591413568585
0,7942676229740513
0,7945919320693872
0,7909204793023252
0,7865448406329291
0,7992199765786545
0,7864005640261734
0,7986413152569305
0,7999651478121298
0,8026445008133315
0,8065319565372521
0,8064590201212596
0,8071123114020319
0,8077899816414247
0,7980555930049265
0,8092447082966822
0,8008733248691982
0,8083192092863809
0,8046619645343293
0,7968668378552709
0,7925765660561762
0,802568706019324
0,8048800611393583
0,8017141045488516
0,7994619048459013
0,8046969498676427
0,7995365158781209
0,8024729554774703
0,8014551340846551
0,8026794290117127
0,8018993377518573
0,8026170180254518
0,798482718024569
0,7981690877977021
0,7946837746700989
0,792278758115671
0,7925441972611057
0,7936225826458435
0,7949651457881642
0,7945618024358521
0,8031900090545064
0,8039491661095024
0,8031855858132484
0,8011524584986391
0,79844911225625
0,8086965091741526
0,8050255365525685
0,8060934532428873
0,7979915928982033
0,806990836680198
0,796600912339255
0,798270947118456
0,8098684085381639
0,8104637102807586
0,8054816224463535
0,8030174580649387
0,7999193193595667
0,8035000715173927
0,8042239598182622
0,8022815529961157
0,7921219741281645
0,7891191883773067
0,7940591025539484
0,7935477885854725
0,8001608652400922
0,8014482394057155
0,7950993050357394
0,7923654798584542
0,7910322877949157
0,7903075667724098
0,7915066826582321
0,7866691357605115
0,781832906389396
0,7861943620000408
0,7893898956052505
0,7787174352327523
0,7667564267892121
0,7814111401761187
0,7740398475208091
0,7671374038069582
0,7519118553327303
0,7534894317897353
0,7472320861203894
0,7459583335397388
0,7479860779917291
0,7482986222524776
0,7492806533559276
0,7577588062979108
0,7414466888583221
0,7527827640853296
0,7461080585595301
0,7455862133557569
0,7339355050549023
0,7232086627755817
0,7118784256011621
0,705645147149728
0,7090617811514699
0,6985264718373639
0,7026076717722665
0,7175060716841194
0,7238482656814207
0,7129226136208889
0,708644090446863
0,713588020388483
0,7146450361405499
0,7124380342511121
0,7102701604966435
0,689818065387416
0,6782628525534392
0,6677706787431735
0,655161598759858
0,6433391805270965
0,6297738784309064
0,6179300632380287
0,6274993546252213
0,6333231372727777
0,6311304904642945
0,6245675876601636
0,625734577115151
0,6291806331538793
0,6249394562995738
0,6181687866756764
0,6289932464458168
0,620972191798256
0,6155245954180095
0,6152765324188618
0,599943249336612
0,6009223120191323
0,6108389915720712
0,6081791240618247
0,6039333571457677
0,6276941354354584
0,6305552184856088
0,6602761906599909
0,6745128127996504
0,6797562425141724
0,6987211631898986
0,6878298222478916
0,6973256160167908
0,6937750337694462
0,6753483121848461
0,666764255490523
0,6718629737419684
0,6582611148870606
0,6659437516184114
0,6642853469723632
0,6718145446208985
0,6767726776687493
0,6632202760486214
0,6524926700543292
0,6496027611070787
0,6355959425997769
0,6289312218890875
0,6411818535988226
0,6315127226203153
0,6338782488122567
0,6332976547600682
0,6310490898149866
0,6397426628290941
0,6341137583958039
0,6337120365163871
0,630981439250036
0,6224690734715354
0,6234065012177336
0,6308035129879093
0,6233892452342135
0,6110864427460839
0,6092252352131466
0,6299443848293194
0,6309588167289423
0,6253986544030125
0,636290634738015
0,6377698182208043
0,6384893916949169
0,6370760929258259
0,6185302327832503
0,6332389340841379
0,6316258999939237
0,6184880064562827
0,6049031440577924
0,6134221974214634
0,6059250849453095
0,6027224848491561
0,5871439509877681
0,5805145179477091
0,5881017287973259
0,5540631902000493
0,5466711121409927
0,5634243210129242
0,5553797954356869
0,5532845575458054
0,5369182179231858
0,5341052778678377
0,5495742455745071
0,5435200679903585
0,5507001945117462
0,5346819223266728
0,5314025090729155
0,5537686463524919
0,5175031150439036
0,5175729492097445
0,5488484926671265
0,5263975280178823
0,5212253400173509
0,5278243220354433
0,5353166859982754
0,5281188490362779
0,5353104214336895
0,5693491364013028
0,5689276944689656
0,5850119624470349
0,600803774068238
0,6164971674958807
0,6377867123486686
0,6347902089278094
0,6544932251208457
0,6513644685664044
0,6458595978468515
0,650066102536085
0,680567129366536
0,6872878851575639
0,6958199554294707
0,6995671315106861
0,6897326587708072
0,7051618986048053
0,7124504663069826
0,7074517267583712
0,7059802907745538
0,7064155422830262
0,7118533831501379
0,727804922841985
0,7271698073429983
0,7155476377046972
0,7206070070156029
0,7381302812866403
0,7311097209062367
0,7537746939513595
0,7470746501299557
0,7549331029474037
0,7521919675707411
0,7524676664046969
0,7517850437527818
0,7539589126018211
0,7576973492718782
0,7522615899153395
0,7591976623694596
0,7524044448459579
0,7545616798034519
0,7581020138104141
0,7577155436045903
0,7570405905575842
0,7615284751555526
0,7628912945987001
0,7680176067209772
0,7752812767621527
0,7791199735969512
0,773439103733219
0,7773884952859016
0,7761698618735966
0,7778716666709882
0,7729348632475309
0,7758885736039322
0,7783059646053215
0,7784943703926817
0,7752844983274673
0,7709651368094432
0,7664574609452739
0,7517130270122926
0,7569339626003287
0,7549275827755673
0,7606410009817327
0,7564339567848053
0,7646153145169461
0,7657527995679354
0,7578117081710528
0,7582423408567841
0,7399843668174598
0,7530845682306067
0,7646293393135133
0,7641778090772635
0,7588853991803616
0,7663263149831452
0,7590511306735911
0,7629452273871411
0,7544003112201396
0,7594801249845925
0,7677082920730579
0,7652793900493687
0,7694428759240376
0,7728142226777409
0,7726083998968168
0,7751570152209248
0,7660081193789968
0,7726728470083691
0,7731639968358047
0,7574500797088941
0,764915141028134
0,7626251240081307
0,7543613966594771
0,7513600832700061
0,73980066293558
0,7420924783181453
0,7386786704978535
0,742699226776962
0,7459676780579669
0,7600806222129844
0,758280103749543
0,7576030657950086
0,7637589407707392
0,7624147919536599
0,7840403345790735
0,7831066673678246
0,7786171836420892
0,7757100232098336
0,7801273915213913
0,791963966237795
0,7810569968271192
0,7906395564286539
0,7914312920569022
0,7787055513573627
0,7652983043741394
0,7610149597750675
0,7645289790465597
0,7688331756450386
0,7674117477051408
0,7682856912200181
0,7677021058651198
0,7503601965351457
0,7583407343494749
0,758508722700392
0,7636826461287164
0,7664062807915739
0,7561678732587147
0,7546913609153353
0,7558447631055929
0,7638547903223238
0,7714440035972102
0,7605953287810372
0,7704257865768771
0,7705966972121753
0,770810123164118
0,7734164165240407
0,7613340346131239
0,7644027287742535
0,7680721896684062
0,7791501189771087
0,7828279121528714
0,7963070631755302
0,7952602689505475
0,8010725180472869
0,7973512350344248
0,796865043043406
0,7981013747585399
0,7919425297797958
0,7994402650689763
0,7997925005847051
0,8015585708527567
0,8074754633397883
0,8043275220766841
0,7984819715046685
0,803134371480968
0,8026416359177465
0,8004159414177606
0,8001195442578295
0,8043834706208788
0,8070832876179456
0,8054215811633327
0,7954930057257252
0,7952005868957062
0,7976630433946187
0,796683549433724
0,7844185421004904
0,7854037429799431
0,7808701636297216
0,7775246400004316
0,7722818165053221
0,7728137367314671
0,7700041576208076
0,7757462645239941
0,7746791007280353
0,7819519221752201
0,7807314763657277
0,7824266044534944
0,7811846208917507
0,7822643535973356
0,7774994243231809
0,7797208452482771
0,780971552968015
0,7810840801690095
0,7740007763885939
0,7710108192693168
0,7744662387733658
0,7691644411309936
0,7585496599884202
0,7476854216410742
0,7476556260282982
0,7507842117765154
0,7459298962780003
0,7580759870104465
0,770078292579476
0,779298130774653
0,7748028111667918
0,767998393059306
0,7681531806564689
0,7556935311371933
0,7585252256062176
0,7679727532059323
0,7755565224995888
0,7739671727912872
0,7689305633700354
0,7682065620017577
0,7645227535718511
0,7673194807549093
0,755756800437765
0,7546482616538045
0,7540774301070096
0,7556439803769555
0,7618913079024723
0,7470190813597928
0,7430481178415059
0,7365382041070472
0,7407603743232375
0,7430841636466798
0,735574860485338
0,7449583300160926
0,7408664189178454
0,7275136530373678
0,7384103990437542
0,7365434690307301
0,7394865011521603
0,743581981677605
0,7413575645359933
0,7444887986707716
0,7431777918751644
0,7412892434241647
0,7464316323400391
0,7626485144537618
0,7555797948043166
0,757703381550759
0,7576144631949616
0,7519221624218391
0,7538323739731875
0,7461879439704399
0,7416531390384132
0,740327324900522
0,7321414196026472
0,7404555955347292
0,7401989783674754
0,7460256275740699
0,74740349434751
0,7559129893179546
0,7570698290982193
0,76250186692472
0,7766427168121045
0,7822234147014459
0,7750073541778868
0,7740056842678023
0,7778711626427703
0,7754259157615813
0,7763095835418796
0,7819326168106175
0,7857032492871161
0,7832145611789192
0,7807889326861707
0,7828412003731728
0,7766992289361648
0,7767476654902239
0,7827043179416537
0,7795777341050423
0,7862453473198546
0,7837624296752463
0,7879118594738518
0,785833850212765
0,7711510102860162
0,7661902330486308
0,7635820502933386
0,7539874754287496
0,751544623512992
0,7480703337779852
0,7498658245264133
0,7499681056624893
0,7525715031825423
0,7551998048461884
0,7482848131164955
0,7613493743111557
0,7522355630395882
0,7495885464710014
0,7591568561898118
0,7452913412692748
0,7471338386824894
0,7628099374620573
0,7612260245883946
0,7579046696207653
0,7608660247512892
0,7593225758338072
0,763498189837271
0,7661566271594693
0,7664078700572272
0,7654156674666484
0,7683134193407063
0,7657226495510224
0,7716907863801842
0,7718451500904916
0,7740723916422576
0,7802908008892602
0,7733387034169704
0,7762791453872593
0,7835481193710793
0,7860777038135299
0,7899522298796559
0,781439348885045
0,7863250102183852
0,7992757063333598
0,8014580205330181
0,8036739000860941
0,8033899882635601
0,8047994282836937
0,8022537675495676
0,8053299485457796
0,7949152723208658
0,7912822882432536
0,7897506534238554
0,7872159081369466
0,7879445131248057
0,7922880889658416
0,7956663342668322
0,7951486316818039
0,7901167668448248
0,7925601347974313
0,790799719163425
0,7924399094460242
0,7946518800395568
0,8029139013039913
0,7945431224266379
0,7933160433082674
0,7994811020943589
0,790900134682032
0,7863040093692691
0,7847159862303305
0,7811497393263215
0,7771991040821283
0,7737693204982227
0,7781537123951603
0,7793236895836485
0,7754779516825764
0,7754002143573042
0,7763397754049274
0,7853546200471891
0,7828114363154436
0,7912536058255268
0,7879377283560975
0,7993313316901703
0,8073513134301192
0,8132755889470447
0,8128613006776245
0,8165739403845284
0,8233416048167285
0,8139626819473084
0,8204273995779149
0,8209086885571237
0,8174326648502929
0,8221722878419675
0,8188665516235838
0,8173162772078293
0,8194816680630149
0,8173231948655758
0,814102324019489
0,812276088615007
0,8085187771745801
0,8100978656009835
0,8093700376800552
0,8100778384113374
0,803155559604519
0,8082261993317201
0,8049121872310241
0,8111303288837022
0,8098974017834837
0,8025032090559883
0,8036378369679906
0,8098458186236576
0,8044253144744753
0,8131123488913655
0,8078772181256674
0,8153923249677621
0,8077762543856011
0,8062896248499468
0,8075004987482953
0,8031881676504342
0,8023311311168817
0,7971334634982781
0,789517087986872
0,7936341085639042
0,7942795430561027
0,7906591849991359
0,7885323716403889
0,7784781784387224
0,7755545193767178
0,7796448192177788
0,7819586966742663
0,7885115640577145
0,7817441862398841
0,7825379881730116
0,7842757934984464
0,7808644678292833
0,7767255216468023
0,7878164181329722
0,7844544616186749
0,7928945366736369
0,7882121829169706
0,7855290025926418
0,7958015605029868
0,7849891977640735
0,7705985536034166
0,7781436005827874
0,7825339969443184
0,7755218412428846
0,7769027189779095
0,7708413310391922
0,774040887069857
0,7676766194970454
0,7650442460589826
0,7629302263204826
0,7545500374834986
0,7510541872530536
0,7539666657160602
0,7624806270906341
0,7656154847415964
0,7532247226422544
0,7562686843925922
0,759198135948651
0,7586222243368214
0,7556622614377715
0,7453055047948551
0,743641408865389
0,7423506033425913
0,7396332158649616
0,7367803950395492
0,7349752575204708
0,7226355643195601
0,7282178529765888
0,7279493309629574
0,7268320114437852
0,7295659541111909
0,7280713150208616
0,7360317003521041
0,741433451389589
0,7321662745461186
0,7328327448022516
