N: 50,0	L: 25,0	Density:0,08	Noise: 2,0
Time	 Va	
0,0	0,16077269592908153
1,0	0,07688624719800953
2,0	0,16822259221671962
3,0	0,1538703072303485
4,0	0,08594557273332779
5,0	0,038545529950836245
6,0	0,10765345884152253
7,0	0,07451222952190038
8,0	0,12034784616394388
9,0	0,13546126883097878
10,0	0,13434119875695597
11,0	0,11766736916274609
12,0	0,05851262209208965
13,0	0,10305176741527804
14,0	0,0473097626403739
15,0	0,0324428490275892
16,0	0,05558277189280169
17,0	0,09177355034702384
18,0	0,0988172131549029
19,0	0,17619701210259184
20,0	0,11879164978163963
21,0	0,20364653332611368
22,0	0,2235384623335139
23,0	0,14196988354451417
24,0	0,17945916801985334
25,0	0,2603795221703352
26,0	0,23825277994130217
27,0	0,19610658131271955
28,0	0,12629323981847398
29,0	0,3014144908799676
30,0	0,3141955791403114
31,0	0,27020845318779857
32,0	0,2589915060153741
33,0	0,21332040783220482
34,0	0,20656734548000288
35,0	0,21016185054859837
36,0	0,19170466678154618
37,0	0,17036197820926924
38,0	0,22931424618555402
39,0	0,3312909871598811
40,0	0,33033330079485573
41,0	0,39193156698449794
42,0	0,45649662311130784
43,0	0,37112785018371724
44,0	0,27251259915383563
45,0	0,20786493263409245
46,0	0,2937783912011602
47,0	0,29207584431714495
48,0	0,22103577949096428
49,0	0,24445101263736455
50,0	0,14159636876710477
51,0	0,2095557825100379
52,0	0,2507364664922918
53,0	0,16996677435023588
54,0	0,20172383059356588
55,0	0,0991588692246786
56,0	0,13424939505363315
57,0	0,22789004729688503
58,0	0,22923301164230944
59,0	0,3268508536895833
60,0	0,28728881985523314
61,0	0,26590051861740643
62,0	0,21479009168684957
63,0	0,28436140766834905
64,0	0,3234660406215327
65,0	0,36089416309520705
66,0	0,2299527739611925
67,0	0,25230025816865
68,0	0,28786274908280773
69,0	0,4465028010228516
70,0	0,48382269574973236
71,0	0,44594360859149496
72,0	0,41804289588167015
73,0	0,47711297722196394
74,0	0,4396211323235367
75,0	0,39178362738953204
76,0	0,46215499353074735
77,0	0,5081288420170021
78,0	0,5705530568362518
79,0	0,37585159820090036
80,0	0,319642716761056
81,0	0,35518673797355377
82,0	0,16801515767854144
83,0	0,2398297316483777
84,0	0,1277117475985567
85,0	0,17988850603468437
86,0	0,18670374960143638
87,0	0,12612200050659914
88,0	0,23668394510993568
89,0	0,21080107446682128
90,0	0,1728676282739762
91,0	0,26836989584964527
92,0	0,3357388103615222
93,0	0,4066597158619179
94,0	0,40410647122254306
95,0	0,4187655970575512
96,0	0,31203749070114706
97,0	0,30878663487342645
98,0	0,1558799940442482
99,0	0,28583086700396904
100,0	0,3059662410082496
101,0	0,34179727281780176
102,0	0,3262895047879078
103,0	0,2883269824930931
104,0	0,21486908948790467
105,0	0,17607886801211375
106,0	0,19073033106682272
107,0	0,12884525709275613
108,0	0,20744968214135195
109,0	0,15164610747070176
110,0	0,19693790725693566
111,0	0,14828315695104338
112,0	0,2518532644557276
113,0	0,32723319237048987
114,0	0,3320265433103644
115,0	0,24742155536361102
116,0	0,23420252329685065
117,0	0,22177174065577404
118,0	0,15627142408667347
119,0	0,16765749251006615
120,0	0,2512292089231896
121,0	0,26924194478645597
122,0	0,22742060690522595
123,0	0,31990921307056663
124,0	0,23125250352770135
125,0	0,25937445341729626
126,0	0,3048904502249041
127,0	0,28749933043341797
128,0	0,24181156348140276
129,0	0,14452404718660125
130,0	0,15295519569024382
131,0	0,10408894330043592
132,0	0,07337163008417952
133,0	0,0940050105850892
134,0	0,2410581479117533
135,0	0,2264587466521519
136,0	0,21532242612428862
137,0	0,33849780484508607
138,0	0,34795153177818416
139,0	0,30804309418124637
140,0	0,3015245574452175
141,0	0,3820608492331516
142,0	0,33815230814862474
143,0	0,31852004552058244
144,0	0,35786147169616067
145,0	0,22824585844781944
146,0	0,14553113036368434
147,0	0,16281092184332088
148,0	0,23576506332007222
149,0	0,12002285793160271
150,0	0,14925250372743318
151,0	0,1689875665663658
152,0	0,13228009690247097
153,0	0,18803799863321619
154,0	0,17091947021200476
155,0	0,2183565835432516
156,0	0,26560007080746756
157,0	0,21645522961395108
158,0	0,16914567335339412
159,0	0,14515394221014524
160,0	0,13204279529606402
161,0	0,11762888792740747
162,0	0,07288759313274647
163,0	0,06884126588848637
164,0	0,14089895535426677
165,0	0,11820235446841457
166,0	0,06903566220244164
167,0	0,1227512445972701
168,0	0,1308010271862023
169,0	0,09016405502792879
170,0	0,21744729444195782
171,0	0,20186577302803108
172,0	0,1192417361403708
173,0	0,19307846206840915
174,0	0,1679474162534083
175,0	0,1088653100520016
176,0	0,11174655733199414
177,0	0,08813276845912726
178,0	0,09602582791257429
179,0	0,09001200467933486
180,0	0,11890560701428086
181,0	0,12929520960271385
182,0	0,09889310197891028
183,0	0,08343803449491712
184,0	0,1441727813301471
185,0	0,08931350771169792
186,0	0,11017478403488688
187,0	0,19501363240197417
188,0	0,13956249064165321
189,0	0,2307478423684858
190,0	0,2535946019454358
191,0	0,2200657379858204
192,0	0,2072704358406799
193,0	0,13295626807609792
194,0	0,27141372598475916
195,0	0,21642021374816886
196,0	0,10255151351403266
197,0	0,17095735489856217
198,0	0,15905183387833027
199,0	0,20494933664832998
200,0	0,21560161725755095
201,0	0,18241273353882653
202,0	0,284100424039158
203,0	0,2215243330857148
204,0	0,2559027286345341
205,0	0,11694726989561915
206,0	0,07629247345537427
207,0	0,1388367896109666
208,0	0,15876681263315867
209,0	0,17418446342927957
210,0	0,14049777132309466
211,0	0,14327753230701992
212,0	0,1067913313506054
213,0	0,07498673376186972
214,0	0,11241598776240133
215,0	0,21564762507263058
216,0	0,11913210358081597
217,0	0,10906343882959585
218,0	0,05984954670583861
219,0	0,24724153979712854
220,0	0,28783830646019604
221,0	0,2660155986042355
222,0	0,3040473448357325
223,0	0,25645953493795165
224,0	0,36250307722326996
225,0	0,3143836260697834
226,0	0,2362668017901949
227,0	0,23999318125517327
228,0	0,19092066809128114
229,0	0,110215650702318
230,0	0,15178090472536176
231,0	0,2049161084817976
232,0	0,17291773738469823
233,0	0,24033399446901454
234,0	0,11739144544552947
235,0	0,009976758965520745
236,0	0,08101138983741081
237,0	0,032515762604703055
238,0	0,15629725864058258
239,0	0,20427868755665962
240,0	0,1625697958720691
241,0	0,14069151917746206
242,0	0,21106400295904504
243,0	0,15738663463310232
244,0	0,45800728115273376
245,0	0,4726513524262667
246,0	0,5578440352072125
247,0	0,6263733601318244
248,0	0,4717362494121896
249,0	0,25478499629623064
250,0	0,18957512083458625
251,0	0,11812210517063955
252,0	0,29708726107637623
253,0	0,14095109113482698
254,0	0,07231233263145144
255,0	0,1761475447628515
256,0	0,24690073243515212
257,0	0,25700229092170473
258,0	0,30924911344920564
259,0	0,3138275370949423
260,0	0,335710812252293
261,0	0,1673653916133299
262,0	0,1633783146826232
263,0	0,12278531160786905
264,0	0,12538800464958208
265,0	0,17806396308857927
266,0	0,10728423508232313
267,0	0,16319497134820563
268,0	0,22737332445919384
269,0	0,1774912251441803
270,0	0,1848203048708432
271,0	0,17161625456130797
272,0	0,020844732987883773
273,0	0,1187392425431473
274,0	0,09895862928008012
275,0	0,08014753133741581
276,0	0,06269967875488754
277,0	0,08672093383566613
278,0	0,02561185274204468
279,0	0,08581556585450101
280,0	0,08335526578820547
281,0	0,14398523778860153
282,0	0,1364402931862045
283,0	0,23974118913559472
284,0	0,19146106293111795
285,0	0,14349028887476095
286,0	0,23431812642331715
287,0	0,23116814589937637
288,0	0,17495011024167695
289,0	0,14274169677205822
290,0	0,2644704610075132
291,0	0,3434640939691517
292,0	0,21740927304102975
293,0	0,10811564498587041
294,0	0,14990967298839772
295,0	0,25450220455072126
296,0	0,30353828571214614
297,0	0,29303840649319596
298,0	0,18142822659635457
299,0	0,2284490777323563
300,0	0,3088011069326844
301,0	0,25213928247575546
302,0	0,3409774306552725
303,0	0,30221955418204927
304,0	0,29795634908619956
305,0	0,23441453327881784
306,0	0,1250678987030122
307,0	0,20060393125450923
308,0	0,23762166869475942
309,0	0,1574647650956013
310,0	0,13370781413363522
311,0	0,17584509324942107
312,0	0,2531939832604105
313,0	0,25861525613959807
314,0	0,2422298542267596
315,0	0,3121177906698252
316,0	0,2802102217016968
317,0	0,2900088339485556
318,0	0,3462958961598173
319,0	0,2915801734374735
320,0	0,24588030951214485
321,0	0,4689373336343085
322,0	0,48689979137567135
323,0	0,5099148454282321
324,0	0,5365650224947657
325,0	0,40758061689602176
326,0	0,3171260001168505
327,0	0,3483888145242619
328,0	0,3876564569509293
329,0	0,443278256393978
330,0	0,4373905498164938
331,0	0,3974500270084895
332,0	0,42846453778812293
333,0	0,43354369268993403
334,0	0,4425353458663949
335,0	0,515552595594965
336,0	0,5858816579496638
337,0	0,5947842595246822
338,0	0,54021460429453
339,0	0,583370646624644
340,0	0,6059825129403335
341,0	0,6502785756149648
342,0	0,6354871342202641
343,0	0,5468443458714157
344,0	0,4666470470180857
345,0	0,43608214917108207
346,0	0,4075225711970036
347,0	0,40842993520247983
348,0	0,36047318222339025
349,0	0,32150393585529446
350,0	0,30690280023974686
351,0	0,3591532264707303
352,0	0,4318899873648158
353,0	0,44988703264138924
354,0	0,5204326973735451
355,0	0,38502124168955015
356,0	0,38325424378292955
357,0	0,36630791260427653
358,0	0,28970992793743916
359,0	0,437119138173258
360,0	0,3446477913748947
361,0	0,4093469015889618
362,0	0,2991854051847817
363,0	0,16483702424546923
364,0	0,1142230640700084
365,0	0,1875928592292225
366,0	0,12987512367491552
367,0	0,05876317726481184
368,0	0,169857888287772
369,0	0,0031740003258638834
370,0	0,14833055176228824
371,0	0,18908303400048154
372,0	0,13169218388223397
373,0	0,14121847087685344
374,0	0,20783380467176907
375,0	0,2392687653404226
376,0	0,22929404563838265
377,0	0,1850904763250348
378,0	0,25983451752275216
379,0	0,2724437878342172
380,0	0,19158659353551669
381,0	0,2776576202952495
382,0	0,40008903912158794
383,0	0,4106189366797872
384,0	0,41863099501149104
385,0	0,2450565547926308
386,0	0,33752961025620554
387,0	0,41544437262977585
388,0	0,3366196985101289
389,0	0,35649011798518576
390,0	0,27181450970004334
391,0	0,4185765527294748
392,0	0,4083702938922215
393,0	0,3853936162457318
394,0	0,2602578069211733
395,0	0,2669628651071886
396,0	0,27615078922481656
397,0	0,18039860316356274
398,0	0,31929736453767854
399,0	0,310678816123298
400,0	0,268675732244973
401,0	0,2806929818210588
402,0	0,23662187057258416
403,0	0,2841737837402383
404,0	0,2598098244515119
405,0	0,3383583754481937
406,0	0,23234470952232392
407,0	0,18264978500298742
408,0	0,19640415286931584
409,0	0,28799841582762364
410,0	0,2145935993944993
411,0	0,23026890977570907
412,0	0,3590200769833319
413,0	0,3774336236449379
414,0	0,35001836130988656
415,0	0,3122480197031729
416,0	0,2896216535719558
417,0	0,2776655930795995
418,0	0,42052333487235677
419,0	0,2766314439989148
420,0	0,26357734941654853
421,0	0,18314752122269953
422,0	0,15093380011421834
423,0	0,1358083823537989
424,0	0,2694342015020576
425,0	0,27927168007042386
426,0	0,2436856806420989
427,0	0,30188017455779365
428,0	0,2748177653724722
429,0	0,20458524578143827
430,0	0,21589734612983094
431,0	0,0830880176645125
432,0	0,09830762691186172
433,0	0,05434641501977015
434,0	0,0616200703837901
435,0	0,16926157302821904
436,0	0,1893285642360527
437,0	0,06158175731661286
438,0	0,1473495575361776
439,0	0,15957779213241247
440,0	0,15991476455829767
441,0	0,16628200521946743
442,0	0,3878046204313244
443,0	0,29243762581451216
444,0	0,21264512637978072
445,0	0,1891507047420897
446,0	0,16839045799035074
447,0	0,11859040447620454
448,0	0,16886677515304077
449,0	0,2192163678061399
450,0	0,16816842302624915
451,0	0,18205885356903642
452,0	0,17666698119559898
453,0	0,20704851313897216
454,0	0,18345081495834187
455,0	0,26599923849581203
456,0	0,19210081062369316
457,0	0,09101041116907917
458,0	0,14818457844130117
459,0	0,20267407884224387
460,0	0,12974299329451824
461,0	0,0879345289625884
462,0	0,15534346131443966
463,0	0,18259557205439006
464,0	0,1876213919524296
465,0	0,25233064504322417
466,0	0,16096134415379534
467,0	0,12279673630106942
468,0	0,23824364834989098
469,0	0,15598394778311667
470,0	0,19875170288207641
471,0	0,15541176304668927
472,0	0,07221726047950242
473,0	0,16448953774157354
474,0	0,19106870598950154
475,0	0,2629866117972728
476,0	0,24391928435969987
477,0	0,25309989179716746
478,0	0,18942128782002493
479,0	0,2688223006326166
480,0	0,1986716506336495
481,0	0,2462570282560316
482,0	0,3040997910689878
483,0	0,2833176210894459
484,0	0,28363417287957426
485,0	0,18983461396641033
486,0	0,18685771323129247
487,0	0,18514488460487163
488,0	0,26024161499204135
489,0	0,21615658362254905
490,0	0,3512043506556392
491,0	0,4095728818552386
492,0	0,3880337546801132
493,0	0,38388631601953244
494,0	0,37063159938499557
495,0	0,3568888328963918
496,0	0,40239457342178336
497,0	0,31383156501851245
498,0	0,3763006460460131
499,0	0,33669230557589985
500,0	0,22841029856680878
501,0	0,20924930320185356
502,0	0,22681824276095947
503,0	0,35045924360340813
504,0	0,3310030896274687
505,0	0,33030319330938535
506,0	0,30147011223044884
507,0	0,2352036072863166
508,0	0,34509301526913877
509,0	0,40113863137225003
510,0	0,4706477800055518
511,0	0,4211312959160912
512,0	0,47925797751167387
513,0	0,47521929621712816
514,0	0,5131979148622966
515,0	0,5048004280517252
516,0	0,5426734795415665
517,0	0,44013137806472125
518,0	0,353768674983219
519,0	0,3544224585015432
520,0	0,3369721791589672
521,0	0,4108857559735513
522,0	0,4395680285028828
523,0	0,4277059614777014
524,0	0,3265793451620153
525,0	0,3135840262455967
526,0	0,2611472314834631
527,0	0,20780422706663418
528,0	0,14210108728994758
529,0	0,06892796843407555
530,0	0,1178482042345006
531,0	0,016739820376975977
532,0	0,04563374981864545
533,0	0,09479464768261353
534,0	0,09454822709421012
535,0	0,08976292071730026
536,0	0,07902240773613414
537,0	0,12190785083491637
538,0	0,17136810647945053
539,0	0,11456055535398638
540,0	0,13729670160116975
541,0	0,05899521956805866
542,0	0,19224366543294588
543,0	0,10001861348525631
544,0	0,15370038438675346
545,0	0,19744724442523956
546,0	0,23365874875908285
547,0	0,26582397455922424
548,0	0,31818821643472867
549,0	0,3127111482110756
550,0	0,304526669307562
551,0	0,4060445777497564
552,0	0,2736511448456473
553,0	0,3198329939712527
554,0	0,3963862179141031
555,0	0,4007460101457236
556,0	0,3465047003826295
557,0	0,3544280221599628
558,0	0,3475783392351476
559,0	0,2899776667348891
560,0	0,32429068371708775
561,0	0,3413554960908233
562,0	0,3711887401302174
563,0	0,2985489278375313
564,0	0,0777763969604665
565,0	0,12983637251711475
566,0	0,08630852225054157
567,0	0,13879051043316398
568,0	0,1445466592625488
569,0	0,15613801590024687
570,0	0,156351866218436
571,0	0,1188394461161879
572,0	0,08639727947003216
573,0	0,2100721791940384
574,0	0,12018776473170757
575,0	0,13589161611289793
576,0	0,18704713012476487
577,0	0,2525262231809298
578,0	0,235392657979824
579,0	0,3512610917241367
580,0	0,3551652737616518
581,0	0,3690461501977545
582,0	0,37318531799241444
583,0	0,25123776071743237
584,0	0,3605251960531153
585,0	0,3668849239973675
586,0	0,47232685642983435
587,0	0,5270844713991644
588,0	0,5260968125746094
589,0	0,3842046596323187
590,0	0,501977338898546
591,0	0,40491288582584745
592,0	0,4139957639929373
593,0	0,3804241756241865
594,0	0,3685236793968239
595,0	0,3129043080297632
596,0	0,2784413730054856
597,0	0,1551407056196205
598,0	0,030145780275441295
599,0	0,08437077843007028
600,0	0,12231579975423974
601,0	0,1826152222916477
602,0	0,21388753803905228
603,0	0,1397259246046618
604,0	0,2132787110987672
605,0	0,24504965258696768
606,0	0,19639109961283557
607,0	0,18540235267701186
608,0	0,26612104255737973
609,0	0,23100019201699862
610,0	0,25331851574970876
611,0	0,26821634014542556
612,0	0,16739934317023192
613,0	0,21319713702443693
614,0	0,1066264701962122
615,0	0,22524266364307852
616,0	0,15743906418537565
617,0	0,1519612325696674
618,0	0,10108223116608263
619,0	0,18402270880661384
620,0	0,2803062972577793
621,0	0,2288939227929285
622,0	0,2930759648311085
623,0	0,25580943228775976
624,0	0,3254224869812224
625,0	0,29772220469826804
626,0	0,2991172853035719
627,0	0,2993264406208592
628,0	0,24807679548044184
629,0	0,25651596220432676
630,0	0,22623106448992186
631,0	0,2823032155237397
632,0	0,2666783562210047
633,0	0,19227939353139228
634,0	0,13879539158304868
635,0	0,09559080657625343
636,0	0,09569511679801991
637,0	0,0330658788841349
638,0	0,042013205182610786
639,0	0,017034367241789597
640,0	0,18979206855333966
641,0	0,2684391454953835
642,0	0,3988931130742775
643,0	0,4317036530161193
644,0	0,3668907173559901
645,0	0,35196024905233503
646,0	0,2780558002888547
647,0	0,2773722353283716
648,0	0,2126151625814385
649,0	0,2008730270828935
650,0	0,24719811123983557
651,0	0,24981453258424297
652,0	0,21551605292034196
653,0	0,32356404930315585
654,0	0,2803262313702497
655,0	0,2784631177527409
656,0	0,32516061718241546
657,0	0,2861459847529541
658,0	0,29692971319414263
659,0	0,2323214476035635
660,0	0,3076008542651995
661,0	0,4007494937975592
662,0	0,3869237563840023
663,0	0,39007405703925746
664,0	0,41154465512230826
665,0	0,5116634395430875
666,0	0,5165383329995643
667,0	0,5056172177016988
668,0	0,5042671255847269
669,0	0,4560788299675223
670,0	0,45221849075940884
671,0	0,3869138022282084
672,0	0,17881853828990157
673,0	0,1409420355921439
674,0	0,20103097022860855
675,0	0,2928223063414321
676,0	0,2522289930774118
677,0	0,2837196307174469
678,0	0,3282288606561427
679,0	0,2854423495028794
680,0	0,3229754838129441
681,0	0,3545564238437325
682,0	0,2874485546002538
683,0	0,2839643576695742
684,0	0,14766010843608435
685,0	0,19664760426951874
686,0	0,27862029552131384
687,0	0,3282335276319151
688,0	0,30749513834678616
689,0	0,35357708708375307
690,0	0,5168939123500237
691,0	0,5596820121979841
692,0	0,49843073421266393
693,0	0,514460964453975
694,0	0,5783392850726355
695,0	0,5969611006775463
696,0	0,6539720716196359
697,0	0,6109542025472294
698,0	0,6214818154161083
699,0	0,5766614361294101
700,0	0,650665566802486
701,0	0,5024751610080181
702,0	0,3565194981638316
703,0	0,3146545010657812
704,0	0,2999344816749101
705,0	0,2662837071635575
706,0	0,25231959154934364
707,0	0,25794311694004257
708,0	0,28458930066352583
709,0	0,29309729034947457
710,0	0,38271048183976686
711,0	0,23139252713412078
712,0	0,19682784055585897
713,0	0,19385932641081544
714,0	0,1846104983924759
715,0	0,28758606737869086
716,0	0,2054312273886159
717,0	0,17921850447324003
718,0	0,1723388163414858
719,0	0,24165279618766836
720,0	0,13020058590865086
721,0	0,09041240796470466
722,0	0,08642205296623236
723,0	0,11003189313997828
724,0	0,10236071512708761
725,0	0,07513434153810428
726,0	0,13872013803428992
727,0	0,12003508502686352
728,0	0,08914925211356757
729,0	0,10138534021879957
730,0	0,0834388894516758
731,0	0,04428053905105714
732,0	0,09385276317824261
733,0	0,10237495756924005
734,0	0,08811719384628032
735,0	0,1741798789854575
736,0	0,16521608715345168
737,0	0,1015012478967238
738,0	0,028652680324345745
739,0	0,11738501057813074
740,0	0,13631063367398888
741,0	0,15339710019982825
742,0	0,1966978442478075
743,0	0,0889576078350287
744,0	0,12167312158501647
745,0	0,22625281548074422
746,0	0,20012784056543795
747,0	0,18897812068735195
748,0	0,1679229603054577
749,0	0,3085812537349267
750,0	0,4062317113911926
751,0	0,40410682753344457
752,0	0,2980581150508221
753,0	0,14946531856016698
754,0	0,23085196795416568
755,0	0,2345083957261203
756,0	0,27634866859559515
757,0	0,23411810075677544
758,0	0,080751913458728
759,0	0,10422491687976022
760,0	0,0945076196256196
761,0	0,06155692771866986
762,0	0,17594439284113658
763,0	0,1905219199714923
764,0	0,1084059517615132
765,0	0,26235736595672127
766,0	0,25352485403526087
767,0	0,2600362500087716
768,0	0,04232597190965484
769,0	0,0850413941121812
770,0	0,09676468226730278
771,0	0,2202323192745813
772,0	0,27937272245566375
773,0	0,35018781465098775
774,0	0,4000355815657654
775,0	0,31648663615782774
776,0	0,29139669179102395
777,0	0,22524140532379808
778,0	0,19949500710792598
779,0	0,24393542663875395
780,0	0,08637049010011072
781,0	0,06514133729239109
782,0	0,10878022859219329
783,0	0,07574859638073171
784,0	0,1245747433163193
785,0	0,1817292491812452
786,0	0,29763607585665824
787,0	0,3593929133513478
788,0	0,4235277198651444
789,0	0,44420185173266835
790,0	0,48222551001098635
791,0	0,39349343640642215
792,0	0,2698780310695042
793,0	0,30211787207174245
794,0	0,2770952263439882
795,0	0,29811274483887995
796,0	0,2479908440046454
797,0	0,31450745659645457
798,0	0,26318268286351254
799,0	0,28848681534886217
800,0	0,28376469287238354
801,0	0,32304877459521925
802,0	0,39184058941866057
803,0	0,4637573087605886
804,0	0,38186217723699944
805,0	0,37461166927738493
806,0	0,2979515612598082
807,0	0,2790463930125425
808,0	0,2156526313550775
809,0	0,2687321812947528
810,0	0,32241251614010313
811,0	0,31643760706862234
812,0	0,2739017417461708
813,0	0,3673398310574987
814,0	0,24827948127196095
815,0	0,2279598941303728
816,0	0,13788433347455673
817,0	0,22643992106750627
818,0	0,10865071222089226
819,0	0,09277962880470997
820,0	0,06882268698915298
821,0	0,1709696954130481
822,0	0,16411725556776446
823,0	0,19859913559976797
824,0	0,22204440414395468
825,0	0,24731270920831377
826,0	0,19422922260620482
827,0	0,09681114033302402
828,0	0,19452503332842344
829,0	0,29089337998829273
830,0	0,25932569851775755
831,0	0,292476622804238
832,0	0,27912714784151343
833,0	0,1583566609685392
834,0	0,19878376327389563
835,0	0,1713165534633681
836,0	0,1653513699055323
837,0	0,09450906826589824
838,0	0,13193473896906158
839,0	0,17238968835794408
840,0	0,21065254972702407
841,0	0,20115882084694992
842,0	0,18139129975398025
843,0	0,02127100352855527
844,0	0,07301091152503733
845,0	0,07051196728607431
846,0	0,1146684812209557
847,0	0,08460912922950523
848,0	0,12202298299235537
849,0	0,13607023509914276
850,0	0,13774472848878097
851,0	0,06940378125436943
852,0	0,0710206224786025
853,0	0,1993609130181415
854,0	0,1742725622949734
855,0	0,27762167994503734
856,0	0,3315631208490686
857,0	0,39021746096928395
858,0	0,3980104379569257
859,0	0,3676239140440728
860,0	0,38253217981528465
861,0	0,4477547221655412
862,0	0,5080105520869832
863,0	0,44370914748761603
864,0	0,3958958764829469
865,0	0,3790019948546915
866,0	0,36320286419402387
867,0	0,4154194741003822
868,0	0,46999091557948486
869,0	0,5019371096609805
870,0	0,43631531617827607
871,0	0,4133816910777424
872,0	0,37377876075697347
873,0	0,38723578131840614
874,0	0,3866001734767031
875,0	0,353482045354258
876,0	0,47916340844175664
877,0	0,4177744819711835
878,0	0,3935912190060076
879,0	0,4418008285108537
880,0	0,47301309116980417
881,0	0,43466469819034514
882,0	0,3623711720558723
883,0	0,23222091487557545
884,0	0,15546563870204094
885,0	0,29002738328601674
886,0	0,26946685271754733
887,0	0,3786274185042087
888,0	0,36292212476770236
889,0	0,2536290394496454
890,0	0,3343815730554908
891,0	0,3662865533522907
892,0	0,3386586284619113
893,0	0,42482819645784525
894,0	0,3931490117294867
895,0	0,3455634758401741
896,0	0,43900248274351333
897,0	0,44151541039367787
898,0	0,38545450331843484
899,0	0,3557395388312325
900,0	0,36747267139512435
901,0	0,31015366019260804
902,0	0,36750981599768706
903,0	0,3910952236943211
904,0	0,293170020786073
905,0	0,315684517237358
906,0	0,2602789154904998
907,0	0,23719086916663493
908,0	0,18881205035332582
909,0	0,08320343630352477
910,0	0,10712056518151306
911,0	0,09390571528754592
912,0	0,11749195931719704
913,0	0,031259337975241455
914,0	0,016717976845379973
915,0	0,14272484819865514
916,0	0,14647626842793018
917,0	0,08554967156832732
918,0	0,08767985738247257
919,0	0,04312926701202068
920,0	0,04937052310818982
921,0	0,0353275220732771
922,0	0,07245469533847457
923,0	0,1813167851318583
924,0	0,1814288966661674
925,0	0,2448991302667446
926,0	0,35351826027964356
927,0	0,39357923837309033
928,0	0,29350373352497744
929,0	0,2787420102612944
930,0	0,23794296176293414
931,0	0,3097485514653245
932,0	0,35782595894382035
933,0	0,3914931925697608
934,0	0,3739447820784226
935,0	0,2992637042613517
936,0	0,26917493948646565
937,0	0,1970324119575085
938,0	0,2946477985923529
939,0	0,23813948209204705
940,0	0,28268476454412705
941,0	0,3720203918338941
942,0	0,37130245227219655
943,0	0,3939940588977088
944,0	0,3308995710717323
945,0	0,3544882931332295
946,0	0,3237045868011145
947,0	0,31587250736521677
948,0	0,385398604690349
949,0	0,393225528911091
950,0	0,385492716900764
951,0	0,41339046944395524
952,0	0,46098964610848037
953,0	0,47184416149744013
954,0	0,40784305222093015
955,0	0,49061506490849743
956,0	0,3835128896708936
957,0	0,44671121028725597
958,0	0,43465184599414347
959,0	0,416548791852328
960,0	0,2673184611460181
961,0	0,4463709599357239
962,0	0,42883255337050324
963,0	0,43078099505172407
964,0	0,4801589301444691
965,0	0,36107241487841324
966,0	0,3377428888604651
967,0	0,3854338526671105
968,0	0,370555998945205
969,0	0,47434523948775736
970,0	0,5021741806011377
971,0	0,5352786639881183
972,0	0,4969338591942302
973,0	0,48354673989430164
974,0	0,47970443235388605
975,0	0,48435487482097017
976,0	0,4516461598311944
977,0	0,3799330514843234
978,0	0,3685545895072888
979,0	0,2647789637416006
980,0	0,14552299707944166
981,0	0,11203137513403028
982,0	0,09058793172360771
983,0	0,06684368886049888
984,0	0,08647326521226852
985,0	0,1558405708213267
986,0	0,19435284695657337
987,0	0,05800923682771401
988,0	0,08403796905836922
989,0	0,19337619437865017
990,0	0,29082863014249116
991,0	0,24944651709439794
992,0	0,23136947053163626
993,0	0,3012083785528306
994,0	0,25046482169770923
995,0	0,1302982733099383
996,0	0,07224574583593482
997,0	0,23713207291226632
998,0	0,2382609022661878
999,0	0,27378929565544513
1000,0	0,2748439868853133
1001,0	0,2314989959224384
1002,0	0,31993148773556135
1003,0	0,3006634782493649
1004,0	0,3249365380392498
1005,0	0,290187669418164
1006,0	0,20931656709223048
1007,0	0,19633648967462816
1008,0	0,1558942835134031
1009,0	0,07545465886131932
1010,0	0,08355590081827087
1011,0	0,10219238854214865
1012,0	0,2553243190086138
1013,0	0,21765675499076564
1014,0	0,26177889862270187
1015,0	0,3691184422613036
1016,0	0,2098509636203797
1017,0	0,22963745816932687
1018,0	0,17967131625737862
1019,0	0,1649610034798733
1020,0	0,1341555759265429
1021,0	0,1761532730396486
1022,0	0,16499602489981757
1023,0	0,2562563772222476
1024,0	0,38041778455848363
1025,0	0,3541889762165146
1026,0	0,27680677573199536
1027,0	0,1897576245860098
1028,0	0,2834609860585216
1029,0	0,36870691997555166
1030,0	0,42255864069729226
1031,0	0,4000060466523801
1032,0	0,4160384740109453
1033,0	0,3611749580256917
1034,0	0,3074582857799579
1035,0	0,28700684137103777
1036,0	0,29516666465660074
1037,0	0,38681289557979726
1038,0	0,49986594734734013
1039,0	0,4378367895636784
1040,0	0,32063227759278584
1041,0	0,3300328992558092
1042,0	0,36745154215136977
1043,0	0,28642927658229134
1044,0	0,33834639678262346
1045,0	0,3097129125960996
1046,0	0,36921891968572873
1047,0	0,30970058790280885
1048,0	0,29808727983569305
1049,0	0,2814410201154303
1050,0	0,27813871330059176
1051,0	0,33892180624543594
1052,0	0,3603217958879211
1053,0	0,29404264401063035
1054,0	0,32197437255853395
1055,0	0,2657339211577918
1056,0	0,2842885280479309
1057,0	0,25473210880405306
1058,0	0,33027727644802185
1059,0	0,385067035717831
1060,0	0,2275240562976942
1061,0	0,1643493379570213
1062,0	0,10780460047903802
1063,0	0,096009310124728
1064,0	0,21238939255826123
1065,0	0,20861966106589905
1066,0	0,2560080232076383
1067,0	0,23741988068725683
1068,0	0,17504553876926618
1069,0	0,23890548219747115
1070,0	0,18546072815071404
1071,0	0,23915478897360465
1072,0	0,14176111004663824
1073,0	0,09444041987654322
1074,0	0,13989169594063577
1075,0	0,15873951468451528
1076,0	0,08799961974950196
1077,0	0,10412996506890661
1078,0	0,12059204025693701
1079,0	0,1256182389387722
1080,0	0,1184835307687348
1081,0	0,24534790439642654
1082,0	0,24799469697755383
1083,0	0,2552686990474109
1084,0	0,20917388722567898
1085,0	0,2507177211011389
1086,0	0,3289355612988333
1087,0	0,2804567961514396
1088,0	0,24852048416516845
1089,0	0,1852273995977276
1090,0	0,1703891582144318
1091,0	0,05209577423705295
1092,0	0,08769656078776816
1093,0	0,25611409860208745
1094,0	0,2869051536665521
1095,0	0,21900025052730002
1096,0	0,13404087754563593
1097,0	0,04102335747533677
1098,0	0,15902865011563205
1099,0	0,2633748481045266
1100,0	0,4442273953319094
1101,0	0,5717323396452048
1102,0	0,5360097546817645
1103,0	0,5775105019962795
1104,0	0,3802786973827381
1105,0	0,32816236464969784
1106,0	0,36183915734080396
1107,0	0,2846202170083615
1108,0	0,398642974551241
1109,0	0,3487685461438164
1110,0	0,310057166352237
1111,0	0,34772890673819284
1112,0	0,3632178445290942
1113,0	0,29934326015835777
1114,0	0,34083176647270413
1115,0	0,46543666831765285
1116,0	0,42503791402868685
1117,0	0,29307365087055187
1118,0	0,23526483228986456
1119,0	0,17599622851457275
1120,0	0,25269451158351636
1121,0	0,13156680938588125
1122,0	0,21814602359037716
1123,0	0,2535714401889876
1124,0	0,3318586260865746
1125,0	0,457758436462287
1126,0	0,3481434421252432
1127,0	0,28305502313061853
1128,0	0,3159290869168778
1129,0	0,5072606548043297
1130,0	0,4981556706780698
1131,0	0,4323567737599771
1132,0	0,48693956600865396
1133,0	0,46775754360631416
1134,0	0,4283411282104084
1135,0	0,4728308424131751
1136,0	0,38657659558943985
1137,0	0,46790068391973544
1138,0	0,42742133000331106
1139,0	0,34728443950898524
1140,0	0,34602854773035424
1141,0	0,3789026187182437
1142,0	0,32497990162939416
1143,0	0,3983874027060061
1144,0	0,39359380476802025
1145,0	0,307924172577199
1146,0	0,3206357160443275
1147,0	0,2456289837750188
1148,0	0,17736282932229666
1149,0	0,1636333901333226
1150,0	0,07029340742807602
1151,0	0,07257112847393701
1152,0	0,08189049151138258
1153,0	0,13473825617955834
1154,0	0,0747886344760318
1155,0	0,07184605656952063
1156,0	0,22165447200395105
1157,0	0,2175420792356922
1158,0	0,28733827853096544
1159,0	0,37182468574719757
1160,0	0,3618388032094058
1161,0	0,31887888258091374
1162,0	0,2866350224800614
1163,0	0,3149973335601548
1164,0	0,28881714957316806
1165,0	0,19312829364863643
1166,0	0,09441801713441839
1167,0	0,15527993805287876
1168,0	0,1429646439598498
1169,0	0,10903892036886595
1170,0	0,17213129310341468
1171,0	0,09783783044165244
1172,0	0,22029850898756584
1173,0	0,24250833657317264
1174,0	0,1064460139938342
1175,0	0,05162434352213652
1176,0	0,03809530988297522
1177,0	0,1413479071746444
1178,0	0,18084015572567308
1179,0	0,25219038773509933
1180,0	0,21784859508286655
1181,0	0,19353380825643215
1182,0	0,13040137635653648
1183,0	0,08158800665785293
1184,0	0,17777683225271906
1185,0	0,17168275950601755
1186,0	0,1706296945180332
1187,0	0,22464749497932512
1188,0	0,2645151983020487
1189,0	0,2921053219736354
1190,0	0,21570213638267097
1191,0	0,19397368998735928
1192,0	0,2620820773004787
1193,0	0,20272490097063925
1194,0	0,18438947890367002
1195,0	0,17466492624304078
1196,0	0,232066131993231
1197,0	0,21408084446860584
1198,0	0,26925432947030176
1199,0	0,18617844925713536
1200,0	0,12888899786541858
1201,0	0,10962058499916996
1202,0	0,1950744286190906
1203,0	0,269577735323135
1204,0	0,35466473988882985
1205,0	0,3626887478479587
1206,0	0,20865493375849306
1207,0	0,11856545680542402
1208,0	0,1509040487102852
1209,0	0,21430396256863157
1210,0	0,1589114897701432
1211,0	0,1103642820373614
1212,0	0,01953907703133289
1213,0	0,042250075556364605
1214,0	0,044803900892489944
1215,0	0,08347007861345573
1216,0	0,10822837552139355
1217,0	0,09076064826959139
1218,0	0,17516838938036472
1219,0	0,16386503671689423
1220,0	0,2313723146810905
1221,0	0,08849491689743463
1222,0	0,08207572507238986
1223,0	0,07330076154770215
1224,0	0,14498486423098014
1225,0	0,2791657967254568
1226,0	0,24236397754705852
1227,0	0,2935141513612705
1228,0	0,342362919781659
1229,0	0,3614630538264921
1230,0	0,2854433300066336
1231,0	0,24890899198831995
1232,0	0,19840478356832472
1233,0	0,18809437827657416
1234,0	0,3270689097107603
1235,0	0,3862985600069547
1236,0	0,4217903912505288
1237,0	0,27666808293947465
1238,0	0,30830943984983683
1239,0	0,21572940095917953
1240,0	0,2519582224906432
1241,0	0,20661390075801433
1242,0	0,14762576289180843
1243,0	0,17691837420593232
1244,0	0,13172751423348766
1245,0	0,10118749788418942
1246,0	0,21908158647931672
1247,0	0,10280961090691763
1248,0	0,0953457802856248
1249,0	0,28161099588031924
1250,0	0,2536488200445244
1251,0	0,3480591628652035
1252,0	0,3277445705246793
1253,0	0,23267550015209218
1254,0	0,3060013055294718
1255,0	0,2519686679083571
1256,0	0,1801140248171009
1257,0	0,27352299337972025
1258,0	0,4024213478056006
1259,0	0,4702365155301217
1260,0	0,4586798745714062
1261,0	0,4334006470897871
1262,0	0,3963619771137027
1263,0	0,41891274915189397
1264,0	0,42628788081103297
1265,0	0,41436411217587066
1266,0	0,3271752114658593
1267,0	0,3535699831716613
1268,0	0,44481737294641327
1269,0	0,3677986227753716
1270,0	0,4307238472206067
1271,0	0,41511956636959846
1272,0	0,34119874016979435
1273,0	0,24405041585295187
1274,0	0,30186301594346554
1275,0	0,360738559734548
1276,0	0,39040373557295366
1277,0	0,40608380264892824
1278,0	0,3979900972428549
1279,0	0,48529081485896264
1280,0	0,3142612323751454
1281,0	0,3041527482719
1282,0	0,31005135940716844
1283,0	0,31985696080701903
1284,0	0,1940036078389698
1285,0	0,047419606386825006
1286,0	0,061277641719281094
1287,0	0,04522313330415632
1288,0	0,014626261479036786
1289,0	0,07340500520139467
1290,0	0,052116318341332936
1291,0	0,027839724174555103
1292,0	0,10406303393322254
1293,0	0,07059331628992584
1294,0	0,1769830483372687
1295,0	0,25396167314190504
1296,0	0,29969993515189547
1297,0	0,3330489434198611
1298,0	0,28768013818434096
1299,0	0,29669844082076724
1300,0	0,16108237077096155
1301,0	0,03649955416432991
1302,0	0,06009549615748419
1303,0	0,05737183205464546
1304,0	0,05166977285712823
1305,0	0,14966556135370096
1306,0	0,251151232581173
1307,0	0,27212340120467626
1308,0	0,4413006267695781
1309,0	0,5058805481062312
1310,0	0,4923822912864532
1311,0	0,5054026035170825
1312,0	0,5116590172820003
1313,0	0,4933711373068309
1314,0	0,39340734151728707
1315,0	0,354213578228232
1316,0	0,37700433141222983
1317,0	0,32350202524841254
1318,0	0,23910797673020104
1319,0	0,20432998261817603
1320,0	0,2691953017858635
1321,0	0,21827695694774565
1322,0	0,21532167461966126
1323,0	0,20993190101211187
1324,0	0,19774512189596594
1325,0	0,11829481741690899
1326,0	0,23923459449856505
1327,0	0,3176264662623299
1328,0	0,22882805786647317
1329,0	0,18149684055712026
1330,0	0,06875415050774952
1331,0	0,03443897374230145
1332,0	0,2750460529505951
1333,0	0,29613871344710446
1334,0	0,23978789714675988
1335,0	0,0878466489787172
1336,0	0,16597042960963565
1337,0	0,19192479101168577
1338,0	0,0516190431851784
1339,0	0,06650056409156693
1340,0	0,18503633391606547
1341,0	0,1266806815254059
1342,0	0,1699583512532332
1343,0	0,09324413326388589
1344,0	0,1999222633699891
1345,0	0,062435033121786554
1346,0	0,1623248280227813
1347,0	0,29507316916334536
1348,0	0,17894796473070554
1349,0	0,13739859784856412
1350,0	0,26073137507784316
1351,0	0,17003457316455675
1352,0	0,2166632973856593
1353,0	0,1776802940882626
1354,0	0,15681261432554608
1355,0	0,2460811304761288
1356,0	0,20441496073418688
1357,0	0,25418605390093796
1358,0	0,30573097914098785
1359,0	0,07912560370785074
1360,0	0,03432527028652008
1361,0	0,09629090615329555
1362,0	0,11257547351967664
1363,0	0,17972169799541257
1364,0	0,1318441602672399
1365,0	0,12626277729543153
1366,0	0,21029106489912078
1367,0	0,21701758757439196
1368,0	0,12123526554119521
1369,0	0,14173436465718794
1370,0	0,097155611722043
1371,0	0,02546046685686308
1372,0	0,13150504886908268
1373,0	0,12403254975719157
1374,0	0,1523947379794212
1375,0	0,19475134020563142
1376,0	0,15842863126772144
1377,0	0,17450045805073092
1378,0	0,11682925494045462
1379,0	0,05207896704379307
1380,0	0,14366306575729257
1381,0	0,18621480878193902
1382,0	0,2408578522220892
1383,0	0,1446969271005071
1384,0	0,15711865886841553
1385,0	0,2245725702878486
1386,0	0,1956376293824507
1387,0	0,04651396750755984
1388,0	0,10766385524466975
1389,0	0,048107619811518926
1390,0	0,07672324024278555
1391,0	0,12056927036306148
1392,0	0,08391054231291134
1393,0	0,21395991526341035
1394,0	0,11095997085764565
1395,0	0,08188213227069237
1396,0	0,13490331215607218
1397,0	0,1590579438271447
1398,0	0,06447271659368671
1399,0	0,2551601985313566
1400,0	0,2744700550778753
1401,0	0,28259343364713624
1402,0	0,25638894903400106
1403,0	0,3301205668806769
1404,0	0,26904331471327275
1405,0	0,19261626924724054
1406,0	0,03621231819830963
1407,0	0,05977338675306655
1408,0	0,15328559716472917
1409,0	0,19685952036044
1410,0	0,10894452594090538
1411,0	0,08648950839736026
1412,0	0,04008336227975563
1413,0	0,051312982979024445
1414,0	0,0898348621344533
1415,0	0,1291423484421456
1416,0	0,15832338507523855
1417,0	0,2710100117612796
1418,0	0,3322296320088109
1419,0	0,3439207142807807
1420,0	0,37346009594827384
1421,0	0,3287156145663404
1422,0	0,3154067203476168
1423,0	0,25364425876582686
1424,0	0,29792349696702597
1425,0	0,2507480625508304
1426,0	0,2106138534358676
1427,0	0,2026526144898665
1428,0	0,21788222832879367
1429,0	0,11599398140775466
1430,0	0,15702915638812473
1431,0	0,2417027017364884
1432,0	0,2064890621579326
1433,0	0,20501930211714925
1434,0	0,1355980546436696
1435,0	0,21944408262183712
1436,0	0,22095059864539565
1437,0	0,260448980105255
1438,0	0,28046879359930554
1439,0	0,2326898241606507
1440,0	0,24692882218924486
1441,0	0,266573202734288
1442,0	0,24889598601639384
1443,0	0,2311182015498011
1444,0	0,3133613392358054
1445,0	0,2900816027876872
1446,0	0,2956367328379204
1447,0	0,2134648062964658
1448,0	0,26230349817224685
1449,0	0,14288020364238155
1450,0	0,1552744865994628
1451,0	0,17917824895691206
1452,0	0,23401985832931155
1453,0	0,12651832204125668
1454,0	0,14987392162237176
1455,0	0,1802861589711468
1456,0	0,18025721048568216
1457,0	0,13895820827254293
1458,0	0,2622823744828591
1459,0	0,24855715276107168
1460,0	0,2575167148662335
1461,0	0,21931892479883994
1462,0	0,20903011334728056
1463,0	0,2441429920413623
1464,0	0,18201148838720935
1465,0	0,16835464277319387
1466,0	0,20237264364898533
1467,0	0,1850955880831417
1468,0	0,18202587965340808
1469,0	0,06564559701684351
1470,0	0,07731509113695947
1471,0	0,0853949427960888
1472,0	0,09343902607994171
1473,0	0,1871359588608391
1474,0	0,3416446485618912
1475,0	0,24862466822249357
1476,0	0,1455858035427369
1477,0	0,12449199885786055
1478,0	0,10113344647964613
1479,0	0,031067823263941103
1480,0	0,12165128596420437
1481,0	0,10425740544020337
1482,0	0,24033253599427354
1483,0	0,2992976885067097
1484,0	0,2939024676066202
1485,0	0,2990092009363742
1486,0	0,3401786449108183
1487,0	0,33389409193227537
1488,0	0,34291777269478
1489,0	0,38429483406369835
1490,0	0,4942278603406775
1491,0	0,5937476922317727
1492,0	0,5740453149214966
1493,0	0,4998149333559064
1494,0	0,3966653373529913
1495,0	0,33712649800972116
1496,0	0,33445277986811983
1497,0	0,29794360908869116
1498,0	0,19915463879598744
1499,0	0,1428543075618211
1500,0	0,07675155705825733
1501,0	0,12784684750520475
1502,0	0,22202478676853085
1503,0	0,124160368500457
1504,0	0,2799235158641134
1505,0	0,1394370402530693
1506,0	0,13441969148335972
1507,0	0,09827023586131492
1508,0	0,2309369333216441
1509,0	0,23897389996495022
1510,0	0,1834311474065101
1511,0	0,14212883752037
1512,0	0,21452280412625255
1513,0	0,1149564139971639
1514,0	0,054609014737611754
1515,0	0,08277433967850398
1516,0	0,23740265547114897
1517,0	0,282823648203138
1518,0	0,3234694884757926
1519,0	0,4180674704040251
1520,0	0,4617938002459372
1521,0	0,3034631587199851
1522,0	0,23970861929568357
1523,0	0,1413041217069006
1524,0	0,1437243935860963
1525,0	0,20010240603417834
1526,0	0,25406501544831156
1527,0	0,15965137504286514
1528,0	0,2174549853204631
1529,0	0,20960666010863974
1530,0	0,18395155933848406
1531,0	0,06415283767934275
1532,0	0,11139231106479128
1533,0	0,12769994220629255
1534,0	0,14549338532232126
1535,0	0,18180921102651998
1536,0	0,20430274786101538
1537,0	0,1783292447076091
1538,0	0,2813637202027514
1539,0	0,19870795433125302
1540,0	0,20005184083995697
1541,0	0,2562243513871692
1542,0	0,35311606348998076
1543,0	0,2772714181774163
1544,0	0,25280869475194834
1545,0	0,20165674124352412
1546,0	0,21514280293916246
1547,0	0,16889058630683457
1548,0	0,10638525624529777
1549,0	0,13974687420419316
1550,0	0,20865341879111027
1551,0	0,17890770884005067
1552,0	0,1864612952114767
1553,0	0,13398414307135342
1554,0	0,1783389148870527
1555,0	0,19240386342539073
1556,0	0,1626569264953289
1557,0	0,23307157985019125
1558,0	0,11147976878995257
1559,0	0,23684409731689338
1560,0	0,3168341290487738
1561,0	0,2844123430108008
1562,0	0,3535201241651434
1563,0	0,3516947040708151
1564,0	0,31969658356683
1565,0	0,276313082966921
1566,0	0,029993313345312442
1567,0	0,09180977900593135
1568,0	0,12662713983840163
1569,0	0,226164154203618
1570,0	0,20747080117852976
1571,0	0,12581517996910027
1572,0	0,3748810834901913
1573,0	0,27703668218092153
1574,0	0,45048710389605545
1575,0	0,38481192372725304
1576,0	0,25137155741773287
1577,0	0,16701944231048385
1578,0	0,14976906514639585
1579,0	0,17343738084353302
1580,0	0,1749696220536204
1581,0	0,2252060645160287
1582,0	0,19241591529310736
1583,0	0,2294828327010974
1584,0	0,12451667673220387
1585,0	0,08964385152280917
1586,0	0,06218077131971373
1587,0	0,07405161551136366
1588,0	0,22066720791487157
1589,0	0,22169435782554564
1590,0	0,23882167245020133
1591,0	0,24920270187301785
1592,0	0,25592834200337145
1593,0	0,25852845292766424
1594,0	0,1943011950794241
1595,0	0,16632240032102227
1596,0	0,16463079276161946
1597,0	0,25318549945859253
1598,0	0,20779096712464193
1599,0	0,22237628786994
1600,0	0,1661736101425459
1601,0	0,1887859944577612
1602,0	0,19188178106408296
1603,0	0,2955207211615726
1604,0	0,2337350804490968
1605,0	0,16985135230057968
1606,0	0,2258221872622565
1607,0	0,1623445087784889
1608,0	0,12784157295746293
1609,0	0,27990702828489267
1610,0	0,22926418765470208
1611,0	0,23279856346008723
1612,0	0,3519665330500882
1613,0	0,3898219719418298
1614,0	0,3588022152865498
1615,0	0,2733625311576734
1616,0	0,2538239142041395
1617,0	0,3103968927514988
1618,0	0,2402754622642355
1619,0	0,3130373901110138
1620,0	0,2942725723670894
1621,0	0,23879313923081247
1622,0	0,211879236678518
1623,0	0,19466689078469204
1624,0	0,19425200811356821
1625,0	0,25548717635578133
1626,0	0,3676545674244656
1627,0	0,27061873301387485
1628,0	0,16175184220485078
1629,0	0,1744289040064275
1630,0	0,11041069734095112
1631,0	0,10913285483493
1632,0	0,02190166626480004
1633,0	0,06520058249795059
1634,0	0,09862210052225114
1635,0	0,19932569028125507
1636,0	0,23494792218162192
1637,0	0,16218609207477366
1638,0	0,1864915327952416
1639,0	0,2660650173690653
1640,0	0,39485892668159894
1641,0	0,41097791093347047
1642,0	0,49613563663116833
1643,0	0,5048781587717636
1644,0	0,5164809301321941
1645,0	0,46195304140255616
1646,0	0,4560705919200254
1647,0	0,41907048691931603
1648,0	0,4906305992698796
1649,0	0,43076447148423724
1650,0	0,46664481908730615
1651,0	0,4392949878270731
1652,0	0,47307463121585386
1653,0	0,40893675547154734
1654,0	0,4542918222104647
1655,0	0,4890247172008481
1656,0	0,4281550828724003
1657,0	0,5111400695899296
1658,0	0,4414074002921871
1659,0	0,5090366808961598
1660,0	0,5407359719529554
1661,0	0,6189818291654231
1662,0	0,517474841961283
1663,0	0,47440226260910784
1664,0	0,4728846756515795
1665,0	0,5192537214588607
1666,0	0,5154028395275617
1667,0	0,5161338073839012
1668,0	0,5316005308651128
1669,0	0,4820753726166405
1670,0	0,4872183545821934
1671,0	0,4713714737942284
1672,0	0,476066857124138
1673,0	0,577606334543532
1674,0	0,5166308031287475
1675,0	0,4486331465752291
1676,0	0,4995187209099109
1677,0	0,4664096434349929
1678,0	0,44895111154505246
1679,0	0,4396252699438039
1680,0	0,43063461223270444
1681,0	0,4474117303695023
1682,0	0,430082388449429
1683,0	0,37539802564783814
1684,0	0,30286703012830607
1685,0	0,28056961489858173
1686,0	0,13995681766402812
1687,0	0,19781577074692583
1688,0	0,244160305114571
1689,0	0,33078864090529586
1690,0	0,22840276739421436
1691,0	0,2888016108161871
1692,0	0,3583697309167833
1693,0	0,3599815733178639
1694,0	0,3903105282695396
1695,0	0,33185906544382837
1696,0	0,3288291275853628
1697,0	0,29508317337462386
1698,0	0,249700697108429
1699,0	0,21115101831074026
1700,0	0,23498635276507582
1701,0	0,2687021467525116
1702,0	0,2841330537627452
1703,0	0,335763965331629
1704,0	0,3662442938026789
1705,0	0,32696821006605015
1706,0	0,32804345034684684
1707,0	0,1913937651569611
1708,0	0,17392803543197646
1709,0	0,14055661760109048
1710,0	0,21488843618294648
1711,0	0,20831007995433604
1712,0	0,1830138143175208
1713,0	0,200547760617881
1714,0	0,2276688426529355
1715,0	0,3103459917444715
1716,0	0,2579106812971958
1717,0	0,17594542540049254
1718,0	0,12863697221831052
1719,0	0,1259189049175929
1720,0	0,11366550354862469
1721,0	0,22792981787188799
1722,0	0,21013553706737353
1723,0	0,32186051436145374
1724,0	0,22744025429196288
1725,0	0,2690033213023524
1726,0	0,20071973408499447
1727,0	0,2285835969619891
1728,0	0,250146656140186
1729,0	0,1813786258111736
1730,0	0,19288302443511335
1731,0	0,26857464816684584
1732,0	0,2956943400150368
1733,0	0,2262711908720339
1734,0	0,26531025707114053
1735,0	0,23916111149465868
1736,0	0,23336514916694942
1737,0	0,22161414753499814
1738,0	0,2596476760276352
1739,0	0,1681083121606214
1740,0	0,1386458858533564
1741,0	0,20850111782017658
1742,0	0,23321045535772988
1743,0	0,28136962950002603
1744,0	0,2872328566317202
1745,0	0,3858235011497523
1746,0	0,4398037058226562
1747,0	0,4778653710793768
1748,0	0,3923493642092175
1749,0	0,3899482314503057
1750,0	0,4054150564204089
1751,0	0,42194056940644675
1752,0	0,3187544682584591
1753,0	0,33910018709628165
1754,0	0,39793391891896696
1755,0	0,3661247902664056
1756,0	0,32945741038411164
1757,0	0,40148291101069056
1758,0	0,37247595142997814
1759,0	0,35496956637570826
1760,0	0,2858178153086271
1761,0	0,1866946104432277
1762,0	0,2471168319056477
1763,0	0,257600675558766
1764,0	0,2899499563263739
1765,0	0,24211102119228037
1766,0	0,21503074689164714
1767,0	0,2586765014524615
1768,0	0,3604564009869291
1769,0	0,24566199645680495
1770,0	0,08256442247992159
1771,0	0,12086444423716329
1772,0	0,12061490767785657
1773,0	0,16145961562012662
1774,0	0,18009876597038593
1775,0	0,30843831562520857
1776,0	0,1746354983650996
1777,0	0,08196934310646967
1778,0	0,14258609392314317
1779,0	0,06003122637761669
1780,0	0,25645369799751394
1781,0	0,26026091627532344
1782,0	0,27398196343673326
1783,0	0,14157735042822045
1784,0	0,15456226312921056
1785,0	0,1431084143275035
1786,0	0,2296298556930241
1787,0	0,20592855157843137
1788,0	0,17146858553578406
1789,0	0,1674102586182757
1790,0	0,2717017757729787
1791,0	0,24363570190030884
1792,0	0,14920582910824837
1793,0	0,17321717949525012
1794,0	0,14163533114487933
1795,0	0,05642588928227135
1796,0	0,11773060854132167
1797,0	0,153379759699192
1798,0	0,26431868681272996
1799,0	0,24438950157986755
1800,0	0,26671868081836486
1801,0	0,21861854787456367
1802,0	0,23857912256434738
1803,0	0,20450577592101216
1804,0	0,28201059820999885
1805,0	0,3246351977016717
1806,0	0,3412493287530966
1807,0	0,3504967750559088
1808,0	0,413230865533688
1809,0	0,37285148992905626
1810,0	0,29162218504561666
1811,0	0,2981143498196119
1812,0	0,28309994932904764
1813,0	0,2616226243221292
1814,0	0,27401793458239987
1815,0	0,36774361608917633
1816,0	0,3418002612711234
1817,0	0,3344804181510927
1818,0	0,34069879360990374
1819,0	0,3038816894579295
1820,0	0,3686964084392536
1821,0	0,30685325612335507
1822,0	0,4094051422298947
1823,0	0,293968917679413
1824,0	0,22709467727649807
1825,0	0,0912923843037137
1826,0	0,21696216211077637
1827,0	0,318855320084985
1828,0	0,3206486422491996
1829,0	0,373595548217312
1830,0	0,3076407565744932
1831,0	0,3997816950580289
1832,0	0,4744565806538256
1833,0	0,4364235968158604
1834,0	0,37760512220985604
1835,0	0,4741468029665052
1836,0	0,3935369073613169
1837,0	0,4818193414831113
1838,0	0,4109292262227812
1839,0	0,34038944068224186
1840,0	0,34980056816145905
1841,0	0,23573695175089057
1842,0	0,2964093544442977
1843,0	0,3235529897487857
1844,0	0,23839549670612697
1845,0	0,2787554549783302
1846,0	0,28274628529355955
1847,0	0,28840801492541634
1848,0	0,3380464786106429
1849,0	0,32263517882200315
1850,0	0,3185599288524015
1851,0	0,24916560011490266
1852,0	0,31174107692067515
1853,0	0,3202650965933689
1854,0	0,34473764881941826
1855,0	0,32290761895052267
1856,0	0,36197292363433303
1857,0	0,2368517984487793
1858,0	0,1931544089062139
1859,0	0,15708999085987094
1860,0	0,15996661031654233
1861,0	0,10344469313581213
1862,0	0,1376856653891373
1863,0	0,20319555973117753
1864,0	0,24622045428735023
1865,0	0,254446487506713
1866,0	0,23786139511361515
1867,0	0,14059498179982638
1868,0	0,1132040065243247
1869,0	0,18113758157919405
1870,0	0,2437036301170017
1871,0	0,20686428045503968
1872,0	0,25080851140270893
1873,0	0,3543761716190525
1874,0	0,32975163061294926
1875,0	0,3679951748181284
1876,0	0,29479739942032945
1877,0	0,23942683205204893
1878,0	0,21863572200313966
1879,0	0,1355413260336195
1880,0	0,11328154130950166
1881,0	0,1111206788912512
1882,0	0,24047719185710023
1883,0	0,1892153997533748
1884,0	0,20958590305396677
1885,0	0,24749580152994255
1886,0	0,17638382918361373
1887,0	0,19698065769485298
1888,0	0,22445185714386057
1889,0	0,37683981116963206
1890,0	0,36894097648532637
1891,0	0,3870741462654858
1892,0	0,40389446952250224
1893,0	0,2568937175045263
1894,0	0,3866979353914394
1895,0	0,38056229894813615
1896,0	0,43482856607470216
1897,0	0,5312939491276538
1898,0	0,4722264557208996
1899,0	0,5102783556840428
1900,0	0,49876304666889815
1901,0	0,4702706836808331
1902,0	0,42655006574677035
1903,0	0,4096029670057665
1904,0	0,4562178004515279
1905,0	0,3699146255548691
1906,0	0,4222095323446013
1907,0	0,43788998157786857
1908,0	0,4526996484402909
1909,0	0,3247300304138024
1910,0	0,44468765386343123
1911,0	0,3973741829304192
1912,0	0,39609465097240515
1913,0	0,3521964738129656
1914,0	0,3302409017459663
1915,0	0,21492962994582035
1916,0	0,3234134233708153
1917,0	0,3096417798659312
1918,0	0,30863320435034236
1919,0	0,37085946127126707
1920,0	0,4586034608922249
1921,0	0,40713785080651077
1922,0	0,5434500992205543
1923,0	0,5369302285691046
1924,0	0,42376538336598296
1925,0	0,4490581723956349
1926,0	0,4282023304540979
1927,0	0,42552769112629585
1928,0	0,3668584910055107
1929,0	0,34816226060815053
1930,0	0,2912505290885903
1931,0	0,256106254932662
1932,0	0,35827342332435574
1933,0	0,2778859689148563
1934,0	0,20323857983056615
1935,0	0,2868929966377379
1936,0	0,19767209914476455
1937,0	0,2352108331185449
1938,0	0,20694047324339707
1939,0	0,28849796988306725
1940,0	0,23843366933479118
1941,0	0,17460025748673355
1942,0	0,13373980567075405
1943,0	0,1942535682096742
1944,0	0,13398782091375727
1945,0	0,218446494498742
1946,0	0,17423324491171607
1947,0	0,19480320424652933
1948,0	0,3138197155663708
1949,0	0,44140466566641035
1950,0	0,3729877353273244
1951,0	0,3750130495712684
1952,0	0,28382242256212803
1953,0	0,22810416332221886
1954,0	0,24367498389773656
1955,0	0,2658632084115523
1956,0	0,23309750209668467
1957,0	0,25511046743529997
1958,0	0,30564904945258514
1959,0	0,32558681258957345
1960,0	0,41567078510997085
1961,0	0,4040636298892443
1962,0	0,4339103630978419
1963,0	0,3656782103917585
1964,0	0,3361685571037531
1965,0	0,44905338612572115
1966,0	0,3628862293755214
1967,0	0,42468690705413686
1968,0	0,4093758988578468
1969,0	0,4254046369800372
1970,0	0,42271444124724566
1971,0	0,41880172013123457
1972,0	0,39342921624978305
1973,0	0,42000268445231315
1974,0	0,3457801061828617
1975,0	0,26910103479741354
1976,0	0,17389915853349605
1977,0	0,12876530907934655
1978,0	0,18124078697529974
1979,0	0,17139739601231782
1980,0	0,09801606609377704
1981,0	0,1084742304471218
1982,0	0,052304944400780325
1983,0	0,10441515993146772
1984,0	0,2395048658126076
1985,0	0,13419077212249553
1986,0	0,06521517646834073
1987,0	0,10888597863090578
1988,0	0,03623435757746914
1989,0	0,22766413694443338
1990,0	0,2334964102118763
1991,0	0,2359889056211312
1992,0	0,15083451419409608
1993,0	0,16150225083569666
1994,0	0,2056490180031994
1995,0	0,3196111957260656
1996,0	0,24967235633536686
1997,0	0,3114327498876943
1998,0	0,3454295508704047
1999,0	0,4365800517737238
2000,0	0,3965575817921544
