N: 100,0	L: 	Density:0,16	Noise: 1,6
Time	 Va	
0,0	0,12636195655239296
1,0	0,1623371122996614
2,0	0,10645203934561491
3,0	0,14034070276540464
4,0	0,16922753688212017
5,0	0,2049818573535213
6,0	0,2124636502496107
7,0	0,12321934031443287
8,0	0,12972384387444202
9,0	0,08006772734215148
10,0	0,13477906467472214
11,0	0,07966811086897294
12,0	0,10462166582749607
13,0	0,14372515005742414
14,0	0,08302498855014566
15,0	0,08610948223745395
16,0	0,11227574439642365
17,0	0,1911322967419532
18,0	0,20166465619463878
19,0	0,21434865317360324
20,0	0,24920226483509236
21,0	0,2844584340610463
22,0	0,36657318091756547
23,0	0,3927087493886529
24,0	0,4023751464620149
25,0	0,41201741796685865
26,0	0,4035309270481827
27,0	0,33253593232515083
28,0	0,3434592516049453
29,0	0,4113667707530522
30,0	0,3600334618362138
31,0	0,34730663525121774
32,0	0,396719147207054
33,0	0,4394572707175259
34,0	0,34880337185927274
35,0	0,3594594498992585
36,0	0,45723700160704656
37,0	0,47752739452585397
38,0	0,42926131330058404
39,0	0,49475429453405423
40,0	0,4815304378781637
41,0	0,48256302463296025
42,0	0,48358510408196126
43,0	0,5350177819425764
44,0	0,5277221689947508
45,0	0,5370546231116406
46,0	0,5212428525801572
47,0	0,4926813590768942
48,0	0,4912362047022165
49,0	0,48528506122738363
50,0	0,4163015912032412
51,0	0,40229910529595453
52,0	0,3752961800252133
53,0	0,42010129756668274
54,0	0,4319413740138615
55,0	0,42010471731182264
56,0	0,34719359322816173
57,0	0,3531772379669027
58,0	0,3190947091886315
59,0	0,3247396775046162
60,0	0,397837594613264
61,0	0,44246833742950464
62,0	0,33274799970034635
63,0	0,34182936487186005
64,0	0,3253711060351168
65,0	0,32884887249044686
66,0	0,3857518952536451
67,0	0,31980947553885064
68,0	0,3398970611302458
69,0	0,38696216540787476
70,0	0,3722277273403472
71,0	0,3025274450538588
72,0	0,39368780036363055
73,0	0,4240928071613619
74,0	0,3777434941152427
75,0	0,29289564431297843
76,0	0,24880406806707306
77,0	0,2757635989645466
78,0	0,25198742283708453
79,0	0,29172832115460967
80,0	0,22980322523037813
81,0	0,16637393021689023
82,0	0,19947149012396848
83,0	0,15065653416289437
84,0	0,15388471442989973
85,0	0,12175980902153478
86,0	0,036757621224468365
87,0	0,04037736674748603
88,0	0,028617758919160775
89,0	0,05785822721052362
90,0	0,0633136025410279
91,0	0,04928778687878304
92,0	0,04626012883431425
93,0	0,1039122554542011
94,0	0,06554578230066813
95,0	0,04617157223331311
96,0	0,03473723208314637
97,0	0,07012389778916944
98,0	0,08718435717438686
99,0	0,09159903770178422
100,0	0,12802308437443496
101,0	0,09510782048485295
102,0	0,14499018913576336
103,0	0,1709720209389437
104,0	0,18281764084234528
105,0	0,16711372742205707
106,0	0,1965566166935781
107,0	0,2231761386303083
108,0	0,19676140345998094
109,0	0,2448870792357751
110,0	0,3013938267023575
111,0	0,3255032226396214
112,0	0,3440737796268739
113,0	0,35620771907703175
114,0	0,3192620863055881
115,0	0,2437602807595274
116,0	0,29851211025476754
117,0	0,2797343520645491
118,0	0,2987294170973906
119,0	0,2774432635637699
120,0	0,3038203688117518
121,0	0,23984748563502659
122,0	0,2651031045786124
123,0	0,18833624426410447
124,0	0,1669274624820726
125,0	0,1652125355148865
126,0	0,14517812578505426
127,0	0,23749777311471698
128,0	0,23629983579737443
129,0	0,2409217586972123
130,0	0,2505756904616896
131,0	0,2565057500035807
132,0	0,29349868243795185
133,0	0,30051720672893956
134,0	0,29572842998485227
135,0	0,2798593642291667
136,0	0,21351334900320051
137,0	0,2395533251698625
138,0	0,34473206134151696
139,0	0,2760807877342993
140,0	0,21111852793777344
141,0	0,1720558139559808
142,0	0,197033541068138
143,0	0,21120696656403826
144,0	0,26662658877106166
145,0	0,3346593870866025
146,0	0,39214952782651996
147,0	0,38047241103391194
148,0	0,4330253663586802
149,0	0,39104805215398314
150,0	0,35896620824351505
151,0	0,3666409496909175
152,0	0,33338964086326056
153,0	0,26210981823823626
154,0	0,2786775556766882
155,0	0,28861141690527514
156,0	0,29254896038436323
157,0	0,3409235623967654
158,0	0,28247650670168406
159,0	0,36500304266566935
160,0	0,38336680071256757
161,0	0,3336204930073044
162,0	0,2627166350807663
163,0	0,14866013236474732
164,0	0,17620137922256232
165,0	0,14279413283710105
166,0	0,0740764127582144
167,0	0,09146620160190769
168,0	0,18794029687537783
169,0	0,23170786746212207
170,0	0,1740101798199058
171,0	0,14112978331791037
172,0	0,1842210284313826
173,0	0,1761323567366368
174,0	0,2486211691828596
175,0	0,21790203730707175
176,0	0,16587644990530406
177,0	0,2950130556071173
178,0	0,344589167638837
179,0	0,3050972356843573
180,0	0,32809954122193763
181,0	0,29027910584265887
182,0	0,24088283596332494
183,0	0,25940388878171305
184,0	0,23389432565644105
185,0	0,2571120261096661
186,0	0,3168934366503123
187,0	0,33109880596068825
188,0	0,36032845970622346
189,0	0,3769496605138815
190,0	0,39445903723674325
191,0	0,4515565873720334
192,0	0,49940959914339855
193,0	0,4928171686615392
194,0	0,48872112753608116
195,0	0,49487950722975016
196,0	0,46581210350879126
197,0	0,4531342589050249
198,0	0,45859601680889106
199,0	0,41846236357823674
200,0	0,4353178293428483
201,0	0,49897207212571476
202,0	0,5011562922519954
203,0	0,5237812609100667
204,0	0,537848108691835
205,0	0,5380394938457533
206,0	0,5288353273764788
207,0	0,46804037176446023
208,0	0,4734646293549278
209,0	0,44201175386790037
210,0	0,4365673849180335
211,0	0,45746203607593455
212,0	0,48218460261443624
213,0	0,45139055901547903
214,0	0,4871896572298911
215,0	0,47098884121116785
216,0	0,36987900942156055
217,0	0,3788658687015155
218,0	0,41620108843930764
219,0	0,4033435581533553
220,0	0,44727082310295
221,0	0,4001153521312768
222,0	0,3338496065034654
223,0	0,39838161338465006
224,0	0,4611661686459504
225,0	0,4441155379049367
226,0	0,446342668715176
227,0	0,4334606482312426
228,0	0,49453466544328595
229,0	0,5177818954757653
230,0	0,5991274762620429
231,0	0,6446392735138201
232,0	0,5604580723729057
233,0	0,4685520353973188
234,0	0,5227882093392757
235,0	0,49725500440862597
236,0	0,4656809430032413
237,0	0,46960076613957835
238,0	0,5041297693184831
239,0	0,5526800619723181
240,0	0,5679520991331093
241,0	0,6372097397668429
242,0	0,5959286175124263
243,0	0,6228039583769628
244,0	0,5998593403623951
245,0	0,5302404335218166
246,0	0,5884350643921012
247,0	0,5520319080411881
248,0	0,5472488743697751
249,0	0,5458831410324924
250,0	0,5089884550470372
251,0	0,551781399732477
252,0	0,5156630644820023
253,0	0,4471747691291574
254,0	0,4142704374037607
255,0	0,4311812480510447
256,0	0,4365601745277467
257,0	0,45001998288922707
258,0	0,44721682754389375
259,0	0,4022132149979493
260,0	0,3950511271595432
261,0	0,38479581615655534
262,0	0,3446375172146453
263,0	0,2073227168889277
264,0	0,09929023051796128
265,0	0,154052189214518
266,0	0,15285605623792145
267,0	0,13857932308253806
268,0	0,17690423439818168
269,0	0,1924105218143471
270,0	0,23504509896197937
271,0	0,25984538351259784
272,0	0,19539825500944416
273,0	0,2602714229006986
274,0	0,2775530450537811
275,0	0,30750397908792554
276,0	0,32073219074259995
277,0	0,2509577939242754
278,0	0,20870683085392921
279,0	0,16926680856294332
280,0	0,14147445159998961
281,0	0,13677541909736443
282,0	0,1488489592961047
283,0	0,12807741227000788
284,0	0,09677416380969771
285,0	0,145337024611014
286,0	0,23680155916695403
287,0	0,26052731201000295
288,0	0,21793854889754133
289,0	0,37041691473503735
290,0	0,235986165359606
291,0	0,19946928814753034
292,0	0,23251068662928595
293,0	0,24017974965479105
294,0	0,19659995092897947
295,0	0,17954335383262007
296,0	0,17282579693501085
297,0	0,183690581097883
298,0	0,10702374509650983
299,0	0,08088574077016822
300,0	0,009255051901128951
301,0	0,027371511420726784
302,0	0,03543806224744693
303,0	0,07873795332866283
304,0	0,08071168772156116
305,0	0,057555113928686515
306,0	0,02961866276366686
307,0	0,019621442393249828
308,0	0,03709288622245159
309,0	0,052545522800489436
310,0	0,06914995964806968
311,0	0,15304594664748836
312,0	0,15828728280395216
313,0	0,1601874664195775
314,0	0,21040726057188291
315,0	0,2777242777187607
316,0	0,21487938377207103
317,0	0,2240368098029159
318,0	0,22660325038474516
319,0	0,22013882047213854
320,0	0,17836492625404896
321,0	0,18107805521583814
322,0	0,24068348295876302
323,0	0,16422156122546425
324,0	0,07707787054041625
325,0	0,10926849043413252
326,0	0,11262492323410374
327,0	0,11483497624079027
328,0	0,09397938207932997
329,0	0,05439918514920743
330,0	0,09985880004027606
331,0	0,11377027866744882
332,0	0,14288039770179278
333,0	0,18421633453247838
334,0	0,16379280907772645
335,0	0,1675304822287365
336,0	0,22619981727805055
337,0	0,24185852850760156
338,0	0,17576582899943907
339,0	0,2124145454266368
340,0	0,22950244330021746
341,0	0,25470589975218066
342,0	0,21681253520926239
343,0	0,22141662726189093
344,0	0,2002357574177077
345,0	0,18998530913939074
346,0	0,17639347123351412
347,0	0,08640813068900698
348,0	0,22240928865077533
349,0	0,22285413885244348
350,0	0,2634226224795691
351,0	0,21241151559452484
352,0	0,1616893129267278
353,0	0,1609522172251857
354,0	0,16445799809031922
355,0	0,04472789908703172
356,0	0,010253467677147741
357,0	0,09505869928639851
358,0	0,03782484319882913
359,0	0,008642839017138833
360,0	0,09181170999823231
361,0	0,1218494919275213
362,0	0,15482266984649348
363,0	0,09737469292596665
364,0	0,10965069310647173
365,0	0,1574777919807908
366,0	0,1459671962951358
367,0	0,18725304570465104
368,0	0,21719335407910867
369,0	0,16697560997038258
370,0	0,2292975929163025
371,0	0,2596981832688241
372,0	0,30447715080874577
373,0	0,2767621086716608
374,0	0,22302520347268048
375,0	0,2764673982052033
376,0	0,2829351277323072
377,0	0,35647525212167375
378,0	0,3372364675992218
379,0	0,4219508704770049
380,0	0,3389573896164551
381,0	0,34151302020938057
382,0	0,354417675058131
383,0	0,32030511279905954
384,0	0,3327510491276092
385,0	0,37365000057935055
386,0	0,47125536406563223
387,0	0,4966347043806984
388,0	0,49879365309472057
389,0	0,4823395081035313
390,0	0,501064861885773
391,0	0,5172417489983401
392,0	0,5112556809571506
393,0	0,4504770019950261
394,0	0,41942960204016655
395,0	0,38804835573952384
396,0	0,35389902616235075
397,0	0,40911386334393274
398,0	0,39629024496289067
399,0	0,3561763162527777
400,0	0,3508757817538842
401,0	0,40435562932238445
402,0	0,43459424769866917
403,0	0,39422604174814385
404,0	0,381827876768841
405,0	0,2940936599189895
406,0	0,3446165608900236
407,0	0,3033199165629817
408,0	0,3107637748083493
409,0	0,26299975815590054
410,0	0,2639378605272644
411,0	0,2548971270340066
412,0	0,23402775400668746
413,0	0,21226004687386837
414,0	0,25697611425536665
415,0	0,23797429122881703
416,0	0,2367656339731297
417,0	0,22728154942471437
418,0	0,26224734606469907
419,0	0,2917026899766775
420,0	0,2871531267208881
421,0	0,35051512893953957
422,0	0,3870378523259038
423,0	0,37114698357998444
424,0	0,37958357727083697
425,0	0,3925226185732925
426,0	0,3701197933941907
427,0	0,36360731186557566
428,0	0,34537727678784813
429,0	0,28118046587496753
430,0	0,3029977228555934
431,0	0,33518368378782293
432,0	0,34919011045692955
433,0	0,280930664002337
434,0	0,274984002673939
435,0	0,19579593591276673
436,0	0,1362586667175188
437,0	0,18324771124467248
438,0	0,22429440302340406
439,0	0,20483069715869168
440,0	0,20985408477448655
441,0	0,20742526077357037
442,0	0,19125417390985203
443,0	0,16394917675948584
444,0	0,11978223555742469
445,0	0,07987918265415273
446,0	0,08844673389555872
447,0	0,16154442032026506
448,0	0,27603699931324394
449,0	0,28347934417268217
450,0	0,3065352218977509
451,0	0,3299416719055445
452,0	0,27108039803755635
453,0	0,27443847866784543
454,0	0,24245030663712044
455,0	0,21924912633740654
456,0	0,24815121828850606
457,0	0,22292798585664167
458,0	0,2542694512543458
459,0	0,25318260537921444
460,0	0,26423609908575474
461,0	0,20333163400022675
462,0	0,20728114661305863
463,0	0,20180242356731876
464,0	0,2156921021774569
465,0	0,20400012937832346
466,0	0,17228187957939145
467,0	0,14243812420884974
468,0	0,08678604737651147
469,0	0,1908565779064526
470,0	0,19792908585496574
471,0	0,25876324093819786
472,0	0,32938311717926916
473,0	0,3405532818912173
474,0	0,3656727430982997
475,0	0,34319975585800433
476,0	0,46879868140025577
477,0	0,4592408468080948
478,0	0,5492161007926115
479,0	0,5724459610143598
480,0	0,6202949490008322
481,0	0,5748509524966013
482,0	0,5787082179071842
483,0	0,5296735288017996
484,0	0,4689756828789133
485,0	0,4332902935158074
486,0	0,46525932847908613
487,0	0,49558915739546133
488,0	0,5887939500261408
489,0	0,656340459681942
490,0	0,7017340567621468
491,0	0,7290637546028225
492,0	0,6936220992723475
493,0	0,7007576881559808
494,0	0,7064227590870052
495,0	0,7065614932347571
496,0	0,7286426911090397
497,0	0,776646391642609
498,0	0,6964763303992461
499,0	0,7046247357436033
500,0	0,7430928801582398
501,0	0,7404675144975308
502,0	0,6974314253544844
503,0	0,712191685073264
504,0	0,6810450061951432
505,0	0,6787397150774435
506,0	0,6317779597390507
507,0	0,5752198321949874
508,0	0,5601722984190362
509,0	0,5511185716215757
510,0	0,5798021012664323
511,0	0,6171314185814776
512,0	0,6022052049095155
513,0	0,550384546673413
514,0	0,567696686042877
515,0	0,5208750023299952
516,0	0,4821283289062163
517,0	0,49493069367256487
518,0	0,49416452171435366
519,0	0,5690548912461378
520,0	0,5991365674948959
521,0	0,5719662156415691
522,0	0,6002932151113769
523,0	0,6449406714912411
524,0	0,6300356717289315
525,0	0,6429819691897041
526,0	0,6391184157362731
527,0	0,6604562045140323
528,0	0,6372875198366017
529,0	0,69897031501761
530,0	0,7143472449115004
531,0	0,7548161408147581
532,0	0,6826071341423674
533,0	0,7039566888304803
534,0	0,6911258182301054
535,0	0,6218740773806749
536,0	0,6605940272650994
537,0	0,652896126361939
538,0	0,6130892600324725
539,0	0,6108543500495588
540,0	0,6145576425092736
541,0	0,6300827442115036
542,0	0,6566011442925966
543,0	0,6335375282778152
544,0	0,5920488968158364
545,0	0,5999391790652654
546,0	0,6250214582052869
547,0	0,5861363333263625
548,0	0,6266591823058929
549,0	0,5945021407130624
550,0	0,6027036824255408
551,0	0,5763138560498924
552,0	0,5518903876353332
553,0	0,5212955836975743
554,0	0,4805138328793717
555,0	0,524261174836567
556,0	0,48937942768149234
557,0	0,5032795005798699
558,0	0,5101779662797455
559,0	0,5090496577120136
560,0	0,5678449245871862
561,0	0,5949145822872117
562,0	0,6135347819370559
563,0	0,6107559621726913
564,0	0,5776395340394147
565,0	0,5389116316395518
566,0	0,5554329548223202
567,0	0,5326003249603712
568,0	0,5116754599906633
569,0	0,5215602432677596
570,0	0,599130120706739
571,0	0,5275707348483071
572,0	0,5462238597658182
573,0	0,5063751007446304
574,0	0,5293322899366177
575,0	0,5470455652164004
576,0	0,5288643401722184
577,0	0,5419514162113669
578,0	0,5626208048492612
579,0	0,4833742765395781
580,0	0,4571543163852651
581,0	0,4944244387076333
582,0	0,5453122070935759
583,0	0,5932811348748444
584,0	0,6155273606516333
585,0	0,6161533014585401
586,0	0,5814720380547843
587,0	0,5336675127051032
588,0	0,5366659610150443
589,0	0,5618952211318458
590,0	0,5368153213230802
591,0	0,521415677198843
592,0	0,5691669799651932
593,0	0,6300421105482155
594,0	0,6071407203394735
595,0	0,5977425430944959
596,0	0,6290393723879063
597,0	0,5850168907178551
598,0	0,5944186170556318
599,0	0,4945020002291411
600,0	0,40943789910881556
601,0	0,43264197571590646
602,0	0,4427288272974707
603,0	0,42141191450212917
604,0	0,3774260681850751
605,0	0,4219474781010504
606,0	0,4257931287350146
607,0	0,3546005455101825
608,0	0,34938379853902596
609,0	0,31162046438267327
610,0	0,3400250463149373
611,0	0,3698457761186825
612,0	0,46361264697986754
613,0	0,4304396883928678
614,0	0,42493319957844133
615,0	0,42695811830793884
616,0	0,33278762273433987
617,0	0,24382657599909915
618,0	0,26988485884363606
619,0	0,2783299062225381
620,0	0,2877238048702503
621,0	0,2310060267245931
622,0	0,2629773797416367
623,0	0,20066419695118204
624,0	0,22173984173521571
625,0	0,20802435284736126
626,0	0,18948246761752285
627,0	0,1194440196116076
628,0	0,18275267794763708
629,0	0,12246411174329817
630,0	0,05501120947529278
631,0	0,06605198486283671
632,0	0,16988668247576946
633,0	0,14141218225837238
634,0	0,04470950381899848
635,0	0,08740399363100422
636,0	0,1486041068510633
637,0	0,1482680934822439
638,0	0,20348242671694708
639,0	0,27563503037144205
640,0	0,3144829598766259
641,0	0,19670630408033374
642,0	0,20999091865640904
643,0	0,27062416929833155
644,0	0,3085621050718822
645,0	0,3316377006300666
646,0	0,31233429387857076
647,0	0,32383242080489755
648,0	0,30162986319817436
649,0	0,33109819205244695
650,0	0,3203052559300012
651,0	0,3230788485384582
652,0	0,33753487705647933
653,0	0,3948954153968421
654,0	0,43956248953819077
655,0	0,44171109092295535
656,0	0,4573874339634913
657,0	0,35475056584329834
658,0	0,3035067328367369
659,0	0,33889867876063334
660,0	0,362440724360297
661,0	0,3879568972280221
662,0	0,43354941238603506
663,0	0,4578116244004681
664,0	0,4473580505005798
665,0	0,5105881069655857
666,0	0,4807228826260564
667,0	0,4826707887202868
668,0	0,4459982429048968
669,0	0,5124937175648044
670,0	0,5556076858391894
671,0	0,6180746799441528
672,0	0,6366704394540538
673,0	0,5729258490991761
674,0	0,5538354156464496
675,0	0,5360043325241458
676,0	0,5396149390052436
677,0	0,5849887433224549
678,0	0,5929731038964853
679,0	0,6135490167243279
680,0	0,5438950623024449
681,0	0,5304232623941076
682,0	0,5475013016822888
683,0	0,5250574082196866
684,0	0,5243267169873386
685,0	0,5093317745717495
686,0	0,5045996798059009
687,0	0,45558222863626396
688,0	0,3878064142128767
689,0	0,4431159070438164
690,0	0,4223633537991113
691,0	0,4960312890437863
692,0	0,4381818843559246
693,0	0,3989167902644279
694,0	0,4660922540481748
695,0	0,4940078308810108
696,0	0,5614738449804392
697,0	0,5134882762406469
698,0	0,4986663060959316
699,0	0,4906246635254752
700,0	0,46777602996671863
701,0	0,4273809757278899
702,0	0,4275666741115328
703,0	0,41761424816754716
704,0	0,33894715880083326
705,0	0,2830837751051475
706,0	0,2749406427961755
707,0	0,19201722709980854
708,0	0,11238843120669197
709,0	0,17935002920304965
710,0	0,2492301227817216
711,0	0,2790481450123288
712,0	0,2924032726925321
713,0	0,24917823342162287
714,0	0,19210461997100714
715,0	0,2217704397811891
716,0	0,24983872997192008
717,0	0,3641621065216368
718,0	0,25913810727907527
719,0	0,28752618098672944
720,0	0,2998166131417988
721,0	0,27156349470555685
722,0	0,26609100468013275
723,0	0,16792030314810713
724,0	0,19189481397994052
725,0	0,1306031907850086
726,0	0,14558420724448043
727,0	0,10599283674096939
728,0	0,16339938761047484
729,0	0,11114134937923636
730,0	0,17134596522379741
731,0	0,18972651232415808
732,0	0,1859069763069646
733,0	0,17648887354649553
734,0	0,11216695332308244
735,0	0,16162809970311384
736,0	0,19805774683352897
737,0	0,20424493311539454
738,0	0,17464127553210954
739,0	0,10871760218900313
740,0	0,0613400783385828
741,0	0,11596932546046747
742,0	0,19028186213448614
743,0	0,1789869505752333
744,0	0,11106791709038201
745,0	0,12794761872844077
746,0	0,1303863378242642
747,0	0,07955764609703106
748,0	0,12990885540383623
749,0	0,15862205649159836
750,0	0,19870324009019572
751,0	0,1518634152197693
752,0	0,23849987505746156
753,0	0,1873503648354618
754,0	0,18043153960554312
755,0	0,16339655151286087
756,0	0,20273317016288897
757,0	0,1586940358013681
758,0	0,17684394030608844
759,0	0,10886440985260779
760,0	0,1449394893795844
761,0	0,1693497937626286
762,0	0,2847153650613964
763,0	0,40411361408571445
764,0	0,45480426665104917
765,0	0,4726824539483557
766,0	0,46422743451309517
767,0	0,46715781520183974
768,0	0,48587041665933367
769,0	0,5049504975953951
770,0	0,463675120921981
771,0	0,5192903460545274
772,0	0,5312211428623279
773,0	0,49329067629575785
774,0	0,46228810759379185
775,0	0,41289158048266844
776,0	0,4282686788632498
777,0	0,40354171356391827
778,0	0,39916749138980406
779,0	0,4007404238630059
780,0	0,37697965235433606
781,0	0,30915882315956167
782,0	0,3366425306832112
783,0	0,3245897217081685
784,0	0,3449112262933085
785,0	0,30889681189308854
786,0	0,3240641002989466
787,0	0,3396776922843228
788,0	0,31130088370893877
789,0	0,33203319610514387
790,0	0,3115912682175675
791,0	0,334442854254353
792,0	0,3953096125160638
793,0	0,39005706690075836
794,0	0,4337189278938616
795,0	0,40696031307880237
796,0	0,4530997312709771
797,0	0,4790698164350621
798,0	0,5349893679318557
799,0	0,5573500272114915
800,0	0,5557296304589506
801,0	0,616823527590892
802,0	0,5270629110703989
803,0	0,432158235891471
804,0	0,5328991936840131
805,0	0,5094170509556201
806,0	0,5219031187323201
807,0	0,5192951932698333
808,0	0,4978405968852485
809,0	0,48018949433916713
810,0	0,5308580236456139
811,0	0,5048935183331502
812,0	0,4857243446116581
813,0	0,5288345156629994
814,0	0,535256928897973
815,0	0,4958296007466337
816,0	0,4929434454384633
817,0	0,4249537093322141
818,0	0,49288890618996345
819,0	0,5430130948264221
820,0	0,551275962043011
821,0	0,5363972716392581
822,0	0,5367824613169692
823,0	0,4922289851239568
824,0	0,46849691800557386
825,0	0,49855811482840434
826,0	0,5288498562742376
827,0	0,5424951430419883
828,0	0,5582082039053095
829,0	0,5225036755321397
830,0	0,5400113879610327
831,0	0,49944262088939667
832,0	0,5275894192955616
833,0	0,46941941678278787
834,0	0,45689275664867496
835,0	0,4816508042720564
836,0	0,5330971738570869
837,0	0,5296688949521212
838,0	0,45210629535468866
839,0	0,3785928495729414
840,0	0,3789635742402341
841,0	0,3864310347575835
842,0	0,3742301999845152
843,0	0,3585942165605038
844,0	0,390306864268761
845,0	0,340009375116291
846,0	0,35863319292143386
847,0	0,3605208916579555
848,0	0,3208630263353635
849,0	0,4011731744544288
850,0	0,40897726204696244
851,0	0,3667325196010688
852,0	0,3107019760836263
853,0	0,2901407335493669
854,0	0,20056082417944038
855,0	0,1827167650716119
856,0	0,21680638006082728
857,0	0,2514586621335756
858,0	0,3037599412369601
859,0	0,4444308131144191
860,0	0,44763383339470564
861,0	0,44975677736022135
862,0	0,5122301418307094
863,0	0,5902907756226227
864,0	0,62748345081202
865,0	0,615514192384351
866,0	0,5903569808395067
867,0	0,5575058502922132
868,0	0,5650841219965046
869,0	0,6678444789729111
870,0	0,6795443915716463
871,0	0,663193126608085
872,0	0,6701208737885912
873,0	0,6968969927552311
874,0	0,7100836455283994
875,0	0,7248063937621981
876,0	0,7094059346713074
877,0	0,6173479104435436
878,0	0,5953442429131676
879,0	0,589873056620794
880,0	0,5370131639609783
881,0	0,5991455374694367
882,0	0,6294426918455464
883,0	0,609574079268801
884,0	0,602794416574316
885,0	0,6142857682457384
886,0	0,5640999778950849
887,0	0,6049564679983033
888,0	0,5994351558180514
889,0	0,5621841668231776
890,0	0,6169617250012682
891,0	0,5681828912384563
892,0	0,5979279082047827
893,0	0,642225105138444
894,0	0,614256537347757
895,0	0,6042301424727334
896,0	0,6027802673002756
897,0	0,5818261069773824
898,0	0,6110214275456162
899,0	0,6034032039169221
900,0	0,6313094171385994
901,0	0,6399681848229488
902,0	0,6189491260668409
903,0	0,6493307124644271
904,0	0,6536528246967513
905,0	0,6412855566974144
906,0	0,5986333875566653
907,0	0,5879997442992541
908,0	0,5255669428045417
909,0	0,5418013586647483
910,0	0,48148424126869205
911,0	0,5595790284721818
912,0	0,5548002893742013
913,0	0,5799182984937253
914,0	0,5858012501426269
915,0	0,5714722023483024
916,0	0,620405207607161
917,0	0,6713064282122495
918,0	0,6363329855826502
919,0	0,525814719402449
920,0	0,49969848588250687
921,0	0,47244531215801455
922,0	0,4824372947070446
923,0	0,46930045241450286
924,0	0,5550380401799284
925,0	0,5574452748983753
926,0	0,5571280930336294
927,0	0,532612105794207
928,0	0,5725694009906894
929,0	0,5137055803700359
930,0	0,5354806071224297
931,0	0,5766781004842552
932,0	0,559620742927286
933,0	0,5519802434455152
934,0	0,5326213078472375
935,0	0,53643807592259
936,0	0,5352036764435222
937,0	0,5677898177216824
938,0	0,5311013355402928
939,0	0,5430536380031968
940,0	0,5278305757655926
941,0	0,5599661294578924
942,0	0,5305477469277574
943,0	0,5134063871345632
944,0	0,5069722875164028
945,0	0,4964764442810959
946,0	0,5118196987891205
947,0	0,5397793169699433
948,0	0,5620771548049839
949,0	0,6157930594303574
950,0	0,5706478423282435
951,0	0,5281216544916861
952,0	0,5247793927120377
953,0	0,4979489492070452
954,0	0,5267501800791348
955,0	0,44403744461313693
956,0	0,44721654853079806
957,0	0,4864459889465768
958,0	0,4938296653314576
959,0	0,4811030897333283
960,0	0,46795084697550854
961,0	0,5196595958293424
962,0	0,4731649941946827
963,0	0,471562272004686
964,0	0,4481034467518897
965,0	0,4509958746441464
966,0	0,49820168444107943
967,0	0,5175530354004582
968,0	0,5140070769756653
969,0	0,5641428968019631
970,0	0,5216882491370278
971,0	0,54798893411766
972,0	0,5210707639335765
973,0	0,5936042636897702
974,0	0,6281054343386114
975,0	0,5968784484239709
976,0	0,5915611072532907
977,0	0,6030259651134479
978,0	0,6256031537549361
979,0	0,6187955765082825
980,0	0,6266768771971026
981,0	0,6253383019555876
982,0	0,5964692568208936
983,0	0,5760299066818951
984,0	0,5359339818719213
985,0	0,5567736131259794
986,0	0,5460138083383254
987,0	0,5437222629814612
988,0	0,5476805062312059
989,0	0,5059007680139992
990,0	0,5285389958282563
991,0	0,4834867864371169
992,0	0,5144449066467797
993,0	0,4803327205744937
994,0	0,5015959146959631
995,0	0,5345835673682255
996,0	0,5610596583660257
997,0	0,5784446890764389
998,0	0,528620544067941
999,0	0,5486522396364182
1000,0	0,6094314267880172
1001,0	0,5982050299830582
1002,0	0,6163939139112803
1003,0	0,6494971467804506
1004,0	0,6414055078938575
1005,0	0,5982867202365888
1006,0	0,57370140667882
1007,0	0,5640211256821832
1008,0	0,5580965016438637
1009,0	0,5571268825155471
1010,0	0,5587346929449714
1011,0	0,47455566801679516
1012,0	0,5124040314238277
1013,0	0,47070379200000184
1014,0	0,443111316415198
1015,0	0,4364710059378633
1016,0	0,4448788878026588
1017,0	0,3723493122683611
1018,0	0,3586357236862802
1019,0	0,39833411641541
1020,0	0,44424201936013735
1021,0	0,36522450477039814
1022,0	0,4042150011695632
1023,0	0,3938537123253852
1024,0	0,3963765215222758
1025,0	0,44297275837320566
1026,0	0,326016959931594
1027,0	0,29847709828534325
1028,0	0,284268271762891
1029,0	0,26476192949152555
1030,0	0,26770374441990685
1031,0	0,29875564631198986
1032,0	0,2866396914004511
1033,0	0,3558058684552249
1034,0	0,33527527600671386
1035,0	0,3122217650822448
1036,0	0,3570289051524746
1037,0	0,3473205535082553
1038,0	0,3793684514453874
1039,0	0,3846541457672537
1040,0	0,4231362096103075
1041,0	0,3713235300771665
1042,0	0,4173581478725942
1043,0	0,37884912078178645
1044,0	0,36046602730976157
1045,0	0,3600627504336779
1046,0	0,4354772994602442
1047,0	0,3970892152357098
1048,0	0,4311427493101389
1049,0	0,4866545873704793
1050,0	0,5029689870083435
1051,0	0,4799077597261089
1052,0	0,48794555472844153
1053,0	0,5398140589954683
1054,0	0,5942381210254969
1055,0	0,6546799651941939
1056,0	0,6502300456200818
1057,0	0,7500711356038858
1058,0	0,7084161058321514
1059,0	0,6429710008216835
1060,0	0,64023338558485
1061,0	0,6629728407096728
1062,0	0,6762423807251098
1063,0	0,6608565898165903
1064,0	0,5944839054693207
1065,0	0,5504742389569875
1066,0	0,5587098223707351
1067,0	0,5533219386710291
1068,0	0,5205855086101382
1069,0	0,5403390007458097
1070,0	0,5544924863947129
1071,0	0,5663639935448117
1072,0	0,5811510711488029
1073,0	0,5327649028145388
1074,0	0,4384760584221978
1075,0	0,4227006425030229
1076,0	0,4298298264600493
1077,0	0,377865116929493
1078,0	0,3870019325550836
1079,0	0,3802921489205447
1080,0	0,24330477381354865
1081,0	0,2646782833360678
1082,0	0,2926838842640603
1083,0	0,35708604534742455
1084,0	0,37454344848889604
1085,0	0,40835802053559844
1086,0	0,3627321007425313
1087,0	0,34175273274872475
1088,0	0,37724169971626353
1089,0	0,37686584327972505
1090,0	0,40137665878937595
1091,0	0,3711053957769144
1092,0	0,4696221471062139
1093,0	0,4520604314880205
1094,0	0,4618595893661333
1095,0	0,45857609422018225
1096,0	0,4506726341597905
1097,0	0,486289630717586
1098,0	0,49730411205746744
1099,0	0,47316624253703804
1100,0	0,479958997234036
1101,0	0,5006415079710915
1102,0	0,45066050823990017
1103,0	0,4261758675165193
1104,0	0,47454298486476343
1105,0	0,4975968200383771
1106,0	0,5309723758582464
1107,0	0,459968108564411
1108,0	0,4416673667953238
1109,0	0,47264123355988896
1110,0	0,450061336215302
1111,0	0,4343815406561024
1112,0	0,4334294403218799
1113,0	0,42428379494592505
1114,0	0,4334949281740236
1115,0	0,4463760416516751
1116,0	0,47981816078247164
1117,0	0,4653037613192962
1118,0	0,430505451231163
1119,0	0,429166953063645
1120,0	0,4868426545192454
1121,0	0,5073505898471747
1122,0	0,4630075014495052
1123,0	0,43976567871852285
1124,0	0,5271057429600688
1125,0	0,5844498784478847
1126,0	0,6625930822591428
1127,0	0,6653704077207993
1128,0	0,6265117371852672
1129,0	0,6004637642500613
1130,0	0,5875805231977281
1131,0	0,6076330208423802
1132,0	0,6389976842558014
1133,0	0,6449227678928025
1134,0	0,6688503312464821
1135,0	0,7059202614241941
1136,0	0,6860612130361652
1137,0	0,6841494339554053
1138,0	0,6459774563583546
1139,0	0,650300595550819
1140,0	0,6602815046313342
1141,0	0,6394018746627613
1142,0	0,6148304201560892
1143,0	0,6134859423223706
1144,0	0,6295621270948163
1145,0	0,6488756003150358
1146,0	0,6536329002931869
1147,0	0,6264425918372161
1148,0	0,6577989143531648
1149,0	0,6580434305033707
1150,0	0,6418403550255588
1151,0	0,5668054661319795
1152,0	0,6090073496418889
1153,0	0,587809623244287
1154,0	0,544312942289796
1155,0	0,5650930390635934
1156,0	0,517028577409475
1157,0	0,5624496904389369
1158,0	0,5718032340641235
1159,0	0,5440899107533724
1160,0	0,5194741706469966
1161,0	0,49566413430520834
1162,0	0,4802310971059417
1163,0	0,5353846583704339
1164,0	0,5541213279217235
1165,0	0,5636897441561131
1166,0	0,5233146983357764
1167,0	0,5404244950032517
1168,0	0,5293980484097343
1169,0	0,4985371552897252
1170,0	0,4792724811983896
1171,0	0,4759569821634611
1172,0	0,48019693336432845
1173,0	0,5049890607526729
1174,0	0,5469929581093856
1175,0	0,565987880806454
1176,0	0,6109743241234097
1177,0	0,6005941856281289
1178,0	0,5986787465831416
1179,0	0,5953219974644745
1180,0	0,6237853458294983
1181,0	0,6010697885971265
1182,0	0,6216895205750497
1183,0	0,6141207760877128
1184,0	0,5659473441765637
1185,0	0,6089917597121121
1186,0	0,5648707779343228
1187,0	0,5605589228273694
1188,0	0,5848109271273533
1189,0	0,6226369866758366
1190,0	0,5995296855943676
1191,0	0,584824707544368
1192,0	0,5542299748957703
1193,0	0,5110475369320071
1194,0	0,503188087485553
1195,0	0,44007088913976306
1196,0	0,47389615675477065
1197,0	0,44311586072927484
1198,0	0,4050625442145949
1199,0	0,4629845462383328
1200,0	0,5212939490592094
1201,0	0,5078164808924336
1202,0	0,4822056581933419
1203,0	0,5242371931222245
1204,0	0,5393501481636078
1205,0	0,5135866801478453
1206,0	0,42556835307985225
1207,0	0,49625732482702156
1208,0	0,5403339776250395
1209,0	0,5357677862241264
1210,0	0,4872189383864213
1211,0	0,5302895650761112
1212,0	0,5458795587005796
1213,0	0,5201347249484035
1214,0	0,4456461156552517
1215,0	0,45164143358148684
1216,0	0,48487712805564165
1217,0	0,4653215091247923
1218,0	0,5160375641992273
1219,0	0,4985361579093688
1220,0	0,5068635003359103
1221,0	0,4578522240487356
1222,0	0,5431209506597942
1223,0	0,6330477640939166
1224,0	0,6834547282787324
1225,0	0,6385851834337479
1226,0	0,6168081705856693
1227,0	0,5760256980607746
1228,0	0,5555999645923599
1229,0	0,5366764902711816
1230,0	0,5148091373725929
1231,0	0,48868853303050636
1232,0	0,5539875279718486
1233,0	0,5976927688607513
1234,0	0,568860754458783
1235,0	0,6045776520323415
1236,0	0,6247112218720189
1237,0	0,6231577281554872
1238,0	0,6332206692892416
1239,0	0,6229805433663057
1240,0	0,6093928392534355
1241,0	0,6242494708411229
1242,0	0,6507041579703859
1243,0	0,5965672507922278
1244,0	0,5539488953491197
1245,0	0,4831769379516052
1246,0	0,5002592634062266
1247,0	0,5277804009471075
1248,0	0,5090692899730579
1249,0	0,47041496752433787
1250,0	0,4899824525328494
1251,0	0,5270899155193581
1252,0	0,4250200412875902
1253,0	0,46540270781464427
1254,0	0,4342083220177369
1255,0	0,41433326718767527
1256,0	0,3550612199064629
1257,0	0,3827891388725311
1258,0	0,40500660915162623
1259,0	0,4075798367806985
1260,0	0,3873878142191606
1261,0	0,4264778480961736
1262,0	0,44730656785780165
1263,0	0,5138150684999628
1264,0	0,49277833549765065
1265,0	0,4252268191247043
1266,0	0,4151947657607399
1267,0	0,40578628035749487
1268,0	0,4738952009441517
1269,0	0,47718408761169306
1270,0	0,4670869984230895
1271,0	0,4693346936381505
1272,0	0,4736215500502946
1273,0	0,43475809442840474
1274,0	0,4658049863170233
1275,0	0,47300867472122926
1276,0	0,48618734131473396
1277,0	0,5017534272389346
1278,0	0,5367695473723537
1279,0	0,5299642683806924
1280,0	0,4994949954606899
1281,0	0,5259344482055689
1282,0	0,48726978348157984
1283,0	0,4636761929302191
1284,0	0,5406720909470099
1285,0	0,5540926717391509
1286,0	0,588538892738787
1287,0	0,6112518690324138
1288,0	0,5479538539121778
1289,0	0,5891717819066369
1290,0	0,6189926590685269
1291,0	0,6556482038157527
1292,0	0,6568891542086343
1293,0	0,6264740808301937
1294,0	0,6230118728935504
1295,0	0,6023692833794195
1296,0	0,5259463704043351
1297,0	0,5777248604461422
1298,0	0,5488957298382106
1299,0	0,5591486101394633
1300,0	0,581410633513103
1301,0	0,5522056353179149
1302,0	0,5884634738042525
1303,0	0,5516500809227425
1304,0	0,48325361103475095
1305,0	0,4427208917470055
1306,0	0,4948639652575365
1307,0	0,5325439350614937
1308,0	0,5725292877683045
1309,0	0,5945544416032701
1310,0	0,5834133779906033
1311,0	0,5659089791788162
1312,0	0,5364017445677742
1313,0	0,5446621822755038
1314,0	0,5074563464688567
1315,0	0,4459742015259382
1316,0	0,4257259881891944
1317,0	0,4080272187382447
1318,0	0,4544199134443018
1319,0	0,46254770454263994
1320,0	0,4903166762997046
1321,0	0,5444985495471651
1322,0	0,5571551958833052
1323,0	0,5753827088842811
1324,0	0,5757551901212081
1325,0	0,5276473430510432
1326,0	0,534672172425754
1327,0	0,5388787148923431
1328,0	0,49727508604092563
1329,0	0,4542179119328627
1330,0	0,4862957740807788
1331,0	0,4345161599149211
1332,0	0,4322802134926519
1333,0	0,44366412263399335
1334,0	0,4304962092047715
1335,0	0,4275402629694624
1336,0	0,46950240743973565
1337,0	0,45451078744987494
1338,0	0,45633330005041656
1339,0	0,4805998219845243
1340,0	0,5016931956846475
1341,0	0,44190256808637574
1342,0	0,4796731536076593
1343,0	0,4412037719005796
1344,0	0,44652362145037455
1345,0	0,42462028853290995
1346,0	0,4417868331698485
1347,0	0,43185830593745655
1348,0	0,3949436550157518
1349,0	0,35596298030048257
1350,0	0,3621087579540637
1351,0	0,45818782082753007
1352,0	0,5130849040266953
1353,0	0,4774070301647298
1354,0	0,5471343508093159
1355,0	0,5759677357205821
1356,0	0,5468514574402649
1357,0	0,5207869919796526
1358,0	0,4965360232504885
1359,0	0,44662165460737424
1360,0	0,4141998043953865
1361,0	0,39783882549109495
1362,0	0,4192407149705929
1363,0	0,44849544396002977
1364,0	0,3976529086522419
1365,0	0,4153777860777225
1366,0	0,44627706911151815
1367,0	0,36725053723313794
1368,0	0,39075048584304173
1369,0	0,3855552959831069
1370,0	0,4444336991551615
1371,0	0,3902221725449655
1372,0	0,3877888874112102
1373,0	0,38375281273002426
1374,0	0,3753810150269333
1375,0	0,32190390555883946
1376,0	0,345309352489079
1377,0	0,4120024712168167
1378,0	0,36817292304086285
1379,0	0,4254758724690254
1380,0	0,44945912996678433
1381,0	0,3800768251214875
1382,0	0,43901837869332844
1383,0	0,4425903057325708
1384,0	0,488360824048262
1385,0	0,4651903563748077
1386,0	0,4508238270536132
1387,0	0,487806288251117
1388,0	0,44310528991136994
1389,0	0,3885480659275576
1390,0	0,4302633126462227
1391,0	0,4345940355201152
1392,0	0,43976187033363584
1393,0	0,42473689557700217
1394,0	0,4624611760008422
1395,0	0,4091953910300084
1396,0	0,43047539826900405
1397,0	0,47848108630377595
1398,0	0,44604800827960744
1399,0	0,4295719965763864
1400,0	0,4621929009122597
1401,0	0,41033896742949894
1402,0	0,37078433071433403
1403,0	0,33455173504027613
1404,0	0,3365498914734114
1405,0	0,22759511378016836
1406,0	0,2579196955841093
1407,0	0,28276903759582606
1408,0	0,24222426415243764
1409,0	0,18906365844171452
1410,0	0,2212477882775369
1411,0	0,174662054674838
1412,0	0,2076900433405653
1413,0	0,27746906704538715
1414,0	0,24690180439729964
1415,0	0,25052050644366525
1416,0	0,24756300442752935
1417,0	0,17166308988975293
1418,0	0,2855178485518743
1419,0	0,2795854686564113
1420,0	0,26545108699636893
1421,0	0,2766684525083422
1422,0	0,28787433320496914
1423,0	0,28140157526183235
1424,0	0,20235955764382868
1425,0	0,1927310487843289
1426,0	0,21022481505199037
1427,0	0,17907278012098088
1428,0	0,20155038044991475
1429,0	0,2649900155412532
1430,0	0,2858442989611497
1431,0	0,2486101799142884
1432,0	0,23105757981902242
1433,0	0,22151816067235092
1434,0	0,21331681575608988
1435,0	0,23221630930539838
1436,0	0,24009523893407309
1437,0	0,10326492850226045
1438,0	0,12140920019992006
1439,0	0,2386822959946355
1440,0	0,29251405263003244
1441,0	0,2833671166749744
1442,0	0,2588830821000311
1443,0	0,19864514528699717
1444,0	0,0969844729214058
1445,0	0,11923671394387649
1446,0	0,11308332073693897
1447,0	0,11438604904407126
1448,0	0,08709236213749258
1449,0	0,0724163831102041
1450,0	0,07045740812310922
1451,0	0,08790128081543808
1452,0	0,03363329984260297
1453,0	0,009858635826313055
1454,0	0,07893858358222797
1455,0	0,022950432843032862
1456,0	0,05654084563694415
1457,0	0,06350720320629513
1458,0	0,14635601571716367
1459,0	0,07305306146546084
1460,0	0,02241976457304464
1461,0	0,12321908020058488
1462,0	0,13599641572612745
1463,0	0,22617872335096767
1464,0	0,1589942378083172
1465,0	0,09483199376635888
1466,0	0,17983189351073928
1467,0	0,17609239110528088
1468,0	0,17042889554138632
1469,0	0,21892493538095226
1470,0	0,09479267362287017
1471,0	0,1181355270872635
1472,0	0,15331772574948277
1473,0	0,14867759321343815
1474,0	0,1808630974690338
1475,0	0,21709836562066448
1476,0	0,15866079286209178
1477,0	0,20304988758532883
1478,0	0,17704999247861114
1479,0	0,23692271840567544
1480,0	0,2508176882553527
1481,0	0,21578607948930412
1482,0	0,1577728347446952
1483,0	0,17787670678754644
1484,0	0,1285990192802807
1485,0	0,17469520239188946
1486,0	0,12996766233279225
1487,0	0,14854128833852487
1488,0	0,07037633785909707
1489,0	0,12922590209335635
1490,0	0,20080142128176603
1491,0	0,18045716093382688
1492,0	0,16158237094537398
1493,0	0,2477626058584707
1494,0	0,32484803276662827
1495,0	0,389996816557464
1496,0	0,4462867341296004
1497,0	0,48071490056509264
1498,0	0,477670769582326
1499,0	0,39444078537809824
1500,0	0,42325616974164876
1501,0	0,3653059208906925
1502,0	0,43159028503023683
1503,0	0,47341602621844486
1504,0	0,4323550950119578
1505,0	0,3789750141126021
1506,0	0,42270687116109207
1507,0	0,4576224483171555
1508,0	0,4877653339726133
1509,0	0,45634471221565753
1510,0	0,4261421294204704
1511,0	0,44009070398511063
1512,0	0,3717637884924517
1513,0	0,399783803219985
1514,0	0,3910674477623912
1515,0	0,35167524574735104
1516,0	0,4060334857694671
1517,0	0,41071619546398563
1518,0	0,3475128564188386
1519,0	0,27713392081737076
1520,0	0,3189537183410751
1521,0	0,31302211021717047
1522,0	0,3266503868811522
1523,0	0,3257266258760909
1524,0	0,31335048418929845
1525,0	0,28489425724673917
1526,0	0,24267456449535238
1527,0	0,17168537986694493
1528,0	0,1978756504927919
1529,0	0,14400194705879657
1530,0	0,19146333790372144
1531,0	0,2868542563798392
1532,0	0,38022657576272767
1533,0	0,3445980439205745
1534,0	0,4120273510044664
1535,0	0,42893398805102423
1536,0	0,47989876000417675
1537,0	0,5128989978574491
1538,0	0,5474702600576273
1539,0	0,44550032674105816
1540,0	0,43141736667900926
1541,0	0,3823532000715449
1542,0	0,37420086540808395
1543,0	0,3513832130052407
1544,0	0,471534904985873
1545,0	0,47505733461236993
1546,0	0,41265634996931094
1547,0	0,4235766450206188
1548,0	0,3633331516894362
1549,0	0,3655514188668127
1550,0	0,42952438577447555
1551,0	0,4389218597757088
1552,0	0,4811758247691123
1553,0	0,45624461814875145
1554,0	0,4625552224332207
1555,0	0,44007090590751996
1556,0	0,43570673623381795
1557,0	0,4466271467801075
1558,0	0,429786145208978
1559,0	0,4458453188527352
1560,0	0,4512102622311161
1561,0	0,43844551189008885
1562,0	0,3807894349782094
1563,0	0,3819400529425322
1564,0	0,3665976083823546
1565,0	0,4321966188386588
1566,0	0,3783879197221249
1567,0	0,4019646286229228
1568,0	0,36422260036173937
1569,0	0,33471595929733955
1570,0	0,31239963276512406
1571,0	0,30376284284091803
1572,0	0,36840829093204946
1573,0	0,34323416111063254
1574,0	0,3194614254568696
1575,0	0,26004026520464785
1576,0	0,21375717042215364
1577,0	0,2963828083874585
1578,0	0,28701527002441174
1579,0	0,3127885299414766
1580,0	0,3508494708620543
1581,0	0,3104540997057009
1582,0	0,3637094235698182
1583,0	0,40823785586370637
1584,0	0,4848664453596777
1585,0	0,44785129569943166
1586,0	0,4098310247838269
1587,0	0,43534092268292085
1588,0	0,4120059862723504
1589,0	0,3990949168910382
1590,0	0,38217163579929
1591,0	0,3919211090851694
1592,0	0,3459196099427039
1593,0	0,33606178930435415
1594,0	0,35692756954544946
1595,0	0,3109708338347784
1596,0	0,22381750962572633
1597,0	0,24826060632745725
1598,0	0,24152468552484513
1599,0	0,2847492692007439
1600,0	0,380229584589347
1601,0	0,42699770541751125
1602,0	0,41108432362738234
1603,0	0,4203397851900822
1604,0	0,4172175352041692
1605,0	0,3908413000038432
1606,0	0,3974807230402147
1607,0	0,36308520161770497
1608,0	0,36313678968676494
1609,0	0,3191789820927953
1610,0	0,3290605155566364
1611,0	0,3270194534177096
1612,0	0,36088355863989846
1613,0	0,3208428221621338
1614,0	0,2944660409242366
1615,0	0,27296498646201095
1616,0	0,2537676866381455
1617,0	0,2918281298267656
1618,0	0,33466707099028686
1619,0	0,40305844758744147
1620,0	0,43821647025010707
1621,0	0,41401500548548914
1622,0	0,3793388939516025
1623,0	0,42565499720758865
1624,0	0,4203611728152546
1625,0	0,42538446129382257
1626,0	0,4164080477909505
1627,0	0,4081464810349818
1628,0	0,43540597945707
1629,0	0,4948217362228598
1630,0	0,6281325304426424
1631,0	0,7555953257059559
1632,0	0,7562616763543801
1633,0	0,7192882661420796
1634,0	0,6276202608145014
1635,0	0,6441190648710949
1636,0	0,6358702460412194
1637,0	0,5983687654542055
1638,0	0,656472261885358
1639,0	0,6237955341708706
1640,0	0,6035773481507466
1641,0	0,5577231366358949
1642,0	0,5242663709919484
1643,0	0,47768529666210224
1644,0	0,5286791613198124
1645,0	0,5032005335146499
1646,0	0,4907131619165484
1647,0	0,44786404838838473
1648,0	0,42689232559176277
1649,0	0,4501476451412749
1650,0	0,42162254492259604
1651,0	0,4276499531135968
1652,0	0,43574655430856424
1653,0	0,43071349720176527
1654,0	0,3970717243056894
1655,0	0,3913872199846114
1656,0	0,4148590562234907
1657,0	0,38071587897577724
1658,0	0,37722484794150424
1659,0	0,39954749016092583
1660,0	0,37531653852298164
1661,0	0,41001136521741394
1662,0	0,3996911278680391
1663,0	0,3732483320308304
1664,0	0,4375996897892737
1665,0	0,5244660914340502
1666,0	0,5841459842338362
1667,0	0,5861339957316128
1668,0	0,6035150925732078
1669,0	0,5853206761207767
1670,0	0,5345521334746267
1671,0	0,5162690060237912
1672,0	0,5064665225079583
1673,0	0,5521118751086028
1674,0	0,5545027651428241
1675,0	0,5219938553606265
1676,0	0,5264526610312031
1677,0	0,500100684656142
1678,0	0,4570984191926895
1679,0	0,3921598956892869
1680,0	0,35730404508256647
1681,0	0,3330845337732601
1682,0	0,23576429969535348
1683,0	0,19460958673638895
1684,0	0,11859968472679425
1685,0	0,16186638977267226
1686,0	0,1896655524352299
1687,0	0,2682288537664491
1688,0	0,25237207522357247
1689,0	0,26267635010451457
1690,0	0,34224385548813896
1691,0	0,3306998318327823
1692,0	0,29270692128855885
1693,0	0,2389206704805874
1694,0	0,25846349906364746
1695,0	0,32804577160169074
1696,0	0,32983561643988296
1697,0	0,35504793834604226
1698,0	0,33728667988233474
1699,0	0,33994573845551773
1700,0	0,3737499169968207
1701,0	0,3547281301821258
1702,0	0,34751015087737464
1703,0	0,30513303544556863
1704,0	0,2973471854923936
1705,0	0,3095498036097555
1706,0	0,40489387360162143
1707,0	0,5225611153057661
1708,0	0,5819886416399691
1709,0	0,6343609444549874
1710,0	0,5997257770249048
1711,0	0,5925181916144242
1712,0	0,6469330449908974
1713,0	0,6455302848498456
1714,0	0,6247232430216185
1715,0	0,6146305677718545
1716,0	0,5496140526961781
1717,0	0,5290490061130788
1718,0	0,5402418332094095
1719,0	0,5080337458885512
1720,0	0,5308874092546412
1721,0	0,5671024079145515
1722,0	0,5663959825522548
1723,0	0,5664000611990516
1724,0	0,5932473639617688
1725,0	0,5554954129769236
1726,0	0,5890438955665391
1727,0	0,6135974510371446
1728,0	0,6115872858736046
1729,0	0,6202517180446493
1730,0	0,5709568178274097
1731,0	0,6364806677959403
1732,0	0,6236918528755538
1733,0	0,6050548389730553
1734,0	0,6078700018170593
1735,0	0,5950985101964632
1736,0	0,6267942555181486
1737,0	0,6381829403012654
1738,0	0,6139466422974826
1739,0	0,6229445526612805
1740,0	0,5883220460809157
1741,0	0,5790972982293378
1742,0	0,49761919828666096
1743,0	0,47111740203724906
1744,0	0,452022520732633
1745,0	0,48513110226381173
1746,0	0,5118879226729782
1747,0	0,5237572031566171
1748,0	0,5299742728089003
1749,0	0,554634885540128
1750,0	0,5744659670100365
1751,0	0,5650255623517804
1752,0	0,557520488005748
1753,0	0,5446025914475549
1754,0	0,5645408991284675
1755,0	0,5650634908797136
1756,0	0,5234314566036414
1757,0	0,4637175775699476
1758,0	0,4727754726161443
1759,0	0,44789376043425155
1760,0	0,4325215301343391
1761,0	0,4335775889345798
1762,0	0,388437123002965
1763,0	0,3639916111017604
1764,0	0,34089329310990873
1765,0	0,41082293809475995
1766,0	0,4243483150713655
1767,0	0,38958651433122105
1768,0	0,43640313573583595
1769,0	0,42937055028369936
1770,0	0,4460405007774236
1771,0	0,4446658398152916
1772,0	0,4105134244766516
1773,0	0,36924646655375337
1774,0	0,3103708811207564
1775,0	0,3223366966832464
1776,0	0,3291775941624451
1777,0	0,30606061600202644
1778,0	0,3191596244732151
1779,0	0,40756679732642503
1780,0	0,4347452081100068
1781,0	0,4388935628203054
1782,0	0,4583249542840531
1783,0	0,48343906856124735
1784,0	0,4655823082665551
1785,0	0,5326387958467608
1786,0	0,5769543043169222
1787,0	0,5912303549663775
1788,0	0,518935098859765
1789,0	0,5328683845678356
1790,0	0,5181081422193604
1791,0	0,5047658577850213
1792,0	0,512340002188653
1793,0	0,4988846621232721
1794,0	0,48454987052376153
1795,0	0,4169023753140672
1796,0	0,3740063437416556
1797,0	0,38241286715766437
1798,0	0,4018719170024105
1799,0	0,356578373606102
1800,0	0,42673199462172917
1801,0	0,38438340378973807
1802,0	0,3696988030790817
1803,0	0,4303975792449875
1804,0	0,4474196516612397
1805,0	0,3844345505249254
1806,0	0,4215009125697539
1807,0	0,4424014369065414
1808,0	0,492982148305553
1809,0	0,5632541742549492
1810,0	0,618200378261646
1811,0	0,6311016074214497
1812,0	0,674761991170728
1813,0	0,7191379456731205
1814,0	0,7557991526808059
1815,0	0,7567520090499318
1816,0	0,7456637336636788
1817,0	0,7195131403096134
1818,0	0,6891747702030714
1819,0	0,6590865701411697
1820,0	0,6160941394943283
1821,0	0,5952020402064782
1822,0	0,5329758932689275
1823,0	0,5142188636132854
1824,0	0,49533322731807755
1825,0	0,4434321405885113
1826,0	0,3958085527678949
1827,0	0,42212130704905426
1828,0	0,44617981868147666
1829,0	0,4689276104926296
1830,0	0,4293138446222826
1831,0	0,45561145075876885
1832,0	0,4866779626110658
1833,0	0,46451184960315894
1834,0	0,4696417277292513
1835,0	0,4117106623322149
1836,0	0,3353749944779132
1837,0	0,2551253448440462
1838,0	0,2427007394235993
1839,0	0,3493357561460862
1840,0	0,35895147856195975
1841,0	0,3882826724845636
1842,0	0,3492849252586107
1843,0	0,322444439158053
1844,0	0,33372971786244976
1845,0	0,35734325943497086
1846,0	0,37228891520545715
1847,0	0,3734616034950588
1848,0	0,37754497198528636
1849,0	0,357899861090975
1850,0	0,39447069773073734
1851,0	0,4163726587600845
1852,0	0,4625517943269466
1853,0	0,4602565605862584
1854,0	0,446560770214718
1855,0	0,4787343597818349
1856,0	0,5988893868223052
1857,0	0,677365784294538
1858,0	0,669082987631641
1859,0	0,6787768062913073
1860,0	0,6363116789690759
1861,0	0,6149722636475796
1862,0	0,6125761081147724
1863,0	0,5694833131002865
1864,0	0,5547746770582525
1865,0	0,4422011787009246
1866,0	0,3862099136845264
1867,0	0,38779283836899253
1868,0	0,3985567605307469
1869,0	0,45417999389783914
1870,0	0,4471844120707659
1871,0	0,5103891508504788
1872,0	0,45219014364601745
1873,0	0,4969203176925462
1874,0	0,50766468689219
1875,0	0,5218516601657507
1876,0	0,5366294909127778
1877,0	0,5751113806104723
1878,0	0,5876735169775364
1879,0	0,5256377887616384
1880,0	0,4970323332486844
1881,0	0,5664636322791041
1882,0	0,5516867382629851
1883,0	0,5895566629863775
1884,0	0,6091659705934158
1885,0	0,5409124937064789
1886,0	0,5449992756012864
1887,0	0,5867873533329798
1888,0	0,529143989635457
1889,0	0,5778555797405985
1890,0	0,5275769676166615
1891,0	0,5557412709720416
1892,0	0,5624095828662828
1893,0	0,5082313372092188
1894,0	0,47605904926182263
1895,0	0,4927977645881031
1896,0	0,5163938788482256
1897,0	0,593220632081377
1898,0	0,6024842219989105
1899,0	0,582112177425675
1900,0	0,6182656851647903
1901,0	0,5668636325682613
1902,0	0,5793922379077452
1903,0	0,5802619328298846
1904,0	0,5847537860624096
1905,0	0,5426052630863348
1906,0	0,5082778434518538
1907,0	0,5683539344142753
1908,0	0,5387270310646229
1909,0	0,5258889026565421
1910,0	0,5235925416631223
1911,0	0,5426665743877032
1912,0	0,5236249624173043
1913,0	0,5350968369803232
1914,0	0,5768361701679605
1915,0	0,5564985332403672
1916,0	0,45893445182616044
1917,0	0,4716775253137589
1918,0	0,40750127326490637
1919,0	0,41787885440604594
1920,0	0,41682085098060523
1921,0	0,4316142636308505
1922,0	0,43006663984173366
1923,0	0,42392279131521055
1924,0	0,37187779389397624
1925,0	0,34321740353252234
1926,0	0,24482121116410657
1927,0	0,19372899866311374
1928,0	0,15361507860994464
1929,0	0,14713719534237266
1930,0	0,17991843286533807
1931,0	0,21734000129471054
1932,0	0,2370149414689587
1933,0	0,2876955273719084
1934,0	0,3954177806050678
1935,0	0,4101177726076707
1936,0	0,45393070715931877
1937,0	0,42667583744530896
1938,0	0,35346245078261984
1939,0	0,3350429689896525
1940,0	0,3519681808294629
1941,0	0,36111365264688133
1942,0	0,3536662697926196
1943,0	0,33315134788871853
1944,0	0,36970684345488825
1945,0	0,3205739602433963
1946,0	0,22673656681884513
1947,0	0,27286260409387747
1948,0	0,21624940046572794
1949,0	0,17120087216164198
1950,0	0,20881864257376892
1951,0	0,2709490460032484
1952,0	0,24167922032107
1953,0	0,2308257896057979
1954,0	0,29454389791379154
1955,0	0,23216764531770506
1956,0	0,2766001306648539
1957,0	0,3452644859355171
1958,0	0,333837938856886
1959,0	0,3128478864123646
1960,0	0,2986213701826594
1961,0	0,30508846827373337
1962,0	0,36264682339070753
1963,0	0,43074874219189485
1964,0	0,4161080750367801
1965,0	0,4178583309712393
1966,0	0,4103446743741872
1967,0	0,3568054202339058
1968,0	0,2999442455780478
1969,0	0,3285336406418447
1970,0	0,32332008866799955
1971,0	0,2716686709509905
1972,0	0,22732906083409596
1973,0	0,20987494293919481
1974,0	0,17950870654274123
1975,0	0,21982438382875133
1976,0	0,21422584001549805
1977,0	0,2569676836547838
1978,0	0,29932297146161546
1979,0	0,3290606592501563
1980,0	0,3588759353682649
1981,0	0,3474857250491813
1982,0	0,34210655188974987
1983,0	0,2887317998298941
1984,0	0,22948602162302664
1985,0	0,1997313002492769
1986,0	0,22169045577615457
1987,0	0,14555011938121334
1988,0	0,12107398494629304
1989,0	0,15450254705427283
1990,0	0,20554985020363462
1991,0	0,26635830992263954
1992,0	0,28414910986529784
1993,0	0,2906329928407188
1994,0	0,2171062849298106
1995,0	0,20769094815384032
1996,0	0,22227129602210305
1997,0	0,19787657479343407
1998,0	0,22873429932390948
1999,0	0,22822992541972711
2000,0	0,18931213050404308
