N: 100,0	L: 25,0	Density:0,16	Noise: 2,0
Time	 Va	
0,0	0,09825025175328522
1,0	0,08918212740112184
2,0	0,09008509795857235
3,0	0,07025619312217499
4,0	0,09410787021091108
5,0	0,10561272447521945
6,0	0,11556751925552713
7,0	0,10724157088195324
8,0	0,14339121978532351
9,0	0,14997908655268688
10,0	0,18779057038771432
11,0	0,2606943593077738
12,0	0,2941858175929414
13,0	0,24103491816014247
14,0	0,28193308198497835
15,0	0,24795704788678377
16,0	0,20363843018586572
17,0	0,2145215588998238
18,0	0,21048028970274987
19,0	0,10805356411801977
20,0	0,1983528271917217
21,0	0,10632109105947359
22,0	0,11556971507420667
23,0	0,15765329875298878
24,0	0,18819906641422054
25,0	0,1918183186178897
26,0	0,176542920472131
27,0	0,1476156284825399
28,0	0,1797377549952948
29,0	0,11163208603573191
30,0	0,09664136817232868
31,0	0,07019205152985648
32,0	0,04721261844509852
33,0	0,13666667281034528
34,0	0,13872567641357866
35,0	0,08589080854526758
36,0	0,055312885173264444
37,0	0,16994654449463248
38,0	0,17445732442891787
39,0	0,2126307634619782
40,0	0,22656021751055075
41,0	0,29466922290908365
42,0	0,30195640616725355
43,0	0,36056550140400356
44,0	0,3632612214394664
45,0	0,3714518703847399
46,0	0,35162543187746176
47,0	0,396919525292871
48,0	0,35153143405143017
49,0	0,42133767948080986
50,0	0,37640424819962437
51,0	0,4047125509946093
52,0	0,40205357639601175
53,0	0,3524340839251862
54,0	0,318189933317542
55,0	0,3126299025281853
56,0	0,2862017381249396
57,0	0,3356772677236272
58,0	0,36580873885964965
59,0	0,33715353349958405
60,0	0,26399693688592857
61,0	0,25984431061145813
62,0	0,20342298276960755
63,0	0,2553022713673284
64,0	0,2587344970513446
65,0	0,19436429223512977
66,0	0,18932889030049438
67,0	0,13074211023559903
68,0	0,17546808508300174
69,0	0,19401346244020393
70,0	0,15654950868489054
71,0	0,11196458861335956
72,0	0,08125805204981357
73,0	0,11282009017767149
74,0	0,16744490910189694
75,0	0,19799462677416246
76,0	0,19851851770179935
77,0	0,12457119098747832
78,0	0,20654204704178394
79,0	0,21131721229851233
80,0	0,2140520438384047
81,0	0,16357149600364015
82,0	0,09422478769314951
83,0	0,11862166010881162
84,0	0,18107876164293438
85,0	0,30133134157307945
86,0	0,2940401194180456
87,0	0,21153524632677018
88,0	0,192887069819534
89,0	0,23043768971733566
90,0	0,23156115133610802
91,0	0,19640843205896547
92,0	0,1127623195529209
93,0	0,17975093803525627
94,0	0,23536815205448364
95,0	0,20320373125363372
96,0	0,2511740148903802
97,0	0,27578079648135356
98,0	0,3745212466786186
99,0	0,2973966509209218
100,0	0,2133981583122358
101,0	0,219517154934226
102,0	0,09208514077971709
103,0	0,15633914029197518
104,0	0,10503326751285344
105,0	0,06807625165549254
106,0	0,04978700467509795
107,0	0,0257370867297964
108,0	0,04877072802149244
109,0	0,09937173734010835
110,0	0,044861898438549666
111,0	0,10330964629828103
112,0	0,23001498086389122
113,0	0,34201789204115957
114,0	0,3019514500553527
115,0	0,31135693260559966
116,0	0,31874464254895774
117,0	0,30915785704848187
118,0	0,3849710540390175
119,0	0,4089411715796525
120,0	0,36004613615134723
121,0	0,3900231770414886
122,0	0,3198109357639385
123,0	0,3779197845009375
124,0	0,4255726943811676
125,0	0,3626696942277003
126,0	0,276954303237958
127,0	0,25965368420300045
128,0	0,21586105720540066
129,0	0,21026198419440437
130,0	0,14188988022216112
131,0	0,18617739184404222
132,0	0,14803225476899087
133,0	0,0821991472999958
134,0	0,1555437730207086
135,0	0,14139798861010497
136,0	0,17412276005211763
137,0	0,20037241113544382
138,0	0,1332612815869927
139,0	0,12490076019458711
140,0	0,15058873276150406
141,0	0,1285388105395682
142,0	0,18463434846170845
143,0	0,20293698889298753
144,0	0,17046424351280753
145,0	0,062241017306837995
146,0	0,016516118484231745
147,0	0,09359672413125485
148,0	0,037075505231564804
149,0	0,0825118918216102
150,0	0,08532965810857482
151,0	0,08580454790397038
152,0	0,18937510918766604
153,0	0,28461003432216203
154,0	0,19412070614129065
155,0	0,23611269840367127
156,0	0,17059635273245763
157,0	0,22330279032658573
158,0	0,1831500428898006
159,0	0,15173245527036588
160,0	0,2173824419471775
161,0	0,17416958146256342
162,0	0,2136431558659498
163,0	0,22858735317383827
164,0	0,1492066325242654
165,0	0,1300506228641803
166,0	0,12557593475960943
167,0	0,1683172535827401
168,0	0,1458508993009485
169,0	0,1672685143167255
170,0	0,09813569576514494
171,0	0,05457546933358318
172,0	0,06622777304140644
173,0	0,07028400698507313
174,0	0,10678044568988916
175,0	0,11931272627025094
176,0	0,11901346913925746
177,0	0,07523617812338616
178,0	0,14226629544809033
179,0	0,20872449364286158
180,0	0,26361827773268665
181,0	0,15326752152154072
182,0	0,2902530395753618
183,0	0,24442156428689576
184,0	0,16922572737557898
185,0	0,3026341089251525
186,0	0,29357315347278035
187,0	0,3244875550316893
188,0	0,3349569456243168
189,0	0,32377795236562545
190,0	0,3326480569559323
191,0	0,28665453982401135
192,0	0,35904411171369227
193,0	0,3646629910736262
194,0	0,283423331665606
195,0	0,37365139718963847
196,0	0,31212847203218164
197,0	0,2780325311725344
198,0	0,30050589416599915
199,0	0,2627764639304008
200,0	0,2734139965791045
201,0	0,3646951836590759
202,0	0,4853054065568317
203,0	0,463990655147687
204,0	0,4888729676762316
205,0	0,3954238666635532
206,0	0,43998194873060753
207,0	0,44840084449136
208,0	0,36350704941205125
209,0	0,3665930181178574
210,0	0,4024594152763871
211,0	0,45655160703538933
212,0	0,3745452936360805
213,0	0,3213041472732493
214,0	0,25820843037443064
215,0	0,21958899976399346
216,0	0,22497109302738666
217,0	0,23075744540816182
218,0	0,2539550815045155
219,0	0,2502940340371006
220,0	0,22049375998206358
221,0	0,28365484965889487
222,0	0,35974482541203545
223,0	0,3119896080712802
224,0	0,3814042529304274
225,0	0,3535412014324208
226,0	0,3659851111154067
227,0	0,3053892842465019
228,0	0,3791075569457558
229,0	0,44720413547991095
230,0	0,4799063847412956
231,0	0,4456157373434639
232,0	0,4296671038555371
233,0	0,36760214396488095
234,0	0,3688642916735488
235,0	0,3664660407141
236,0	0,40127160514000987
237,0	0,31895806682151834
238,0	0,3069508002260629
239,0	0,27480358412531253
240,0	0,35533835691102333
241,0	0,33814730114313524
242,0	0,31916976113257883
243,0	0,36711388173884274
244,0	0,3653658247459068
245,0	0,34570929209552725
246,0	0,3658815420920038
247,0	0,4124109963769895
248,0	0,40007334013360296
249,0	0,3698210258735469
250,0	0,36571731546848274
251,0	0,4062643487517431
252,0	0,4515094112027366
253,0	0,44160775995719287
254,0	0,45037460720543104
255,0	0,452825811252577
256,0	0,4069193084190685
257,0	0,4267896111085789
258,0	0,4918757764751879
259,0	0,4116903191309848
260,0	0,4120123581793072
261,0	0,38096301315035497
262,0	0,4084857059151886
263,0	0,4488368394100007
264,0	0,4768149980040484
265,0	0,43327691141032465
266,0	0,43480237020356033
267,0	0,3911603131691617
268,0	0,37095182028641244
269,0	0,39963208838747494
270,0	0,4072432494855305
271,0	0,33821474451993433
272,0	0,31680555265718463
273,0	0,4169351875360149
274,0	0,3764118112068862
275,0	0,3907839302670002
276,0	0,3638171042059637
277,0	0,4223382514389726
278,0	0,4818142645360579
279,0	0,44636551609675357
280,0	0,44437130809824854
281,0	0,4534569589405589
282,0	0,41174940709488766
283,0	0,32034264460151524
284,0	0,2752039493943367
285,0	0,13599848310497853
286,0	0,18368507884293897
287,0	0,09515424355731103
288,0	0,05244823273668602
289,0	0,1096281116903458
290,0	0,20218347038513365
291,0	0,2597783097247045
292,0	0,2843859806515608
293,0	0,2280851839947807
294,0	0,38405506383809485
295,0	0,42943452576731544
296,0	0,3625077110177343
297,0	0,4277656629427454
298,0	0,4036413939717299
299,0	0,36405538284025546
300,0	0,37218245619040946
301,0	0,3620470592420928
302,0	0,3512934869193904
303,0	0,4016259734338481
304,0	0,40090125702755935
305,0	0,3979603040077854
306,0	0,4622516394815202
307,0	0,43006780118762483
308,0	0,3423399041705174
309,0	0,37770486748410553
310,0	0,32343119807815424
311,0	0,3284263154508034
312,0	0,21564885349376867
313,0	0,17598246123993339
314,0	0,09374835374998974
315,0	0,15795638845188384
316,0	0,24153129566899356
317,0	0,3066499342063476
318,0	0,2751534517102772
319,0	0,2993440817478402
320,0	0,26711588427427013
321,0	0,240125786924676
322,0	0,2375021233611153
323,0	0,22516807359770727
324,0	0,1362640738027935
325,0	0,2559003714742781
326,0	0,25723703853975105
327,0	0,19839479036784896
328,0	0,22146001881247396
329,0	0,2203583725163982
330,0	0,19615497729172884
331,0	0,20913143594078526
332,0	0,2160514965983265
333,0	0,27239992538277646
334,0	0,28179467677390657
335,0	0,3094442844533869
336,0	0,25547452710993174
337,0	0,26469534814703344
338,0	0,26261065960041263
339,0	0,23989842370753758
340,0	0,26014824648274426
341,0	0,22150103456144474
342,0	0,10719652596030502
343,0	0,038125274657996436
344,0	0,1334441589363869
345,0	0,10739337427849785
346,0	0,1332330758244549
347,0	0,19977217117850815
348,0	0,27406389035664813
349,0	0,30521984936143326
350,0	0,3375891354334734
351,0	0,3600223084345727
352,0	0,357373462805496
353,0	0,30241385710086544
354,0	0,19908756706403888
355,0	0,17277280193298067
356,0	0,23258134697095798
357,0	0,16335169164182553
358,0	0,20167133270308346
359,0	0,23952353084669342
360,0	0,19783314744317282
361,0	0,19330803228220417
362,0	0,16580755531702865
363,0	0,2160014767982843
364,0	0,27077921443123804
365,0	0,2783820206755461
366,0	0,2507037511237091
367,0	0,2629051067573775
368,0	0,29584472626104935
369,0	0,29838286191763697
370,0	0,3158027709580361
371,0	0,3695483112516442
372,0	0,42141604623150447
373,0	0,475860908368822
374,0	0,42720403273364016
375,0	0,4667770746377027
376,0	0,4788150117577081
377,0	0,48131037634284746
378,0	0,4582089711165501
379,0	0,521658220416598
380,0	0,48928671965185794
381,0	0,42526735673399485
382,0	0,35615601095882066
383,0	0,34865528839599413
384,0	0,3268401182274408
385,0	0,30209961430220245
386,0	0,26186923596718015
387,0	0,24424046650697281
388,0	0,1551452927098792
389,0	0,13036371573282565
390,0	0,08983941370182189
391,0	0,1237295240152581
392,0	0,19278189270101587
393,0	0,06878500466577094
394,0	0,05130716640122173
395,0	0,050272032453848106
396,0	0,02197581239119885
397,0	0,07816068516033702
398,0	0,09116730145589778
399,0	0,10138049363433359
400,0	0,12420592078783096
401,0	0,2072983342081188
402,0	0,15386566397733772
403,0	0,14291550518263543
404,0	0,17481587360149026
405,0	0,19298314324792212
406,0	0,26980640253833066
407,0	0,2509839604108779
408,0	0,29973805769763834
409,0	0,2513132456672288
410,0	0,24986659230129188
411,0	0,27115246460356895
412,0	0,3443925079952122
413,0	0,5210334206303447
414,0	0,4223323299669008
415,0	0,40338268400662586
416,0	0,48588858533549234
417,0	0,42037727570105615
418,0	0,37661288687000205
419,0	0,38215574416886094
420,0	0,37187381280836795
421,0	0,37373065072501704
422,0	0,39145492607789356
423,0	0,32328253559849174
424,0	0,39238838394729875
425,0	0,3867840182289945
426,0	0,2997823393398356
427,0	0,32719789970004987
428,0	0,32973810080543065
429,0	0,28158814434646995
430,0	0,2160483354656359
431,0	0,12263580277714504
432,0	0,16295192484778293
433,0	0,28771158905658845
434,0	0,3403104233733712
435,0	0,34141513086340564
436,0	0,16690047305514663
437,0	0,14495774621592405
438,0	0,1965176620711242
439,0	0,18662563719513742
440,0	0,1532169252977318
441,0	0,16293687146833244
442,0	0,2683854958224912
443,0	0,26929816897610304
444,0	0,252289970150623
445,0	0,28396056289553634
446,0	0,2723005785643496
447,0	0,2897301209778567
448,0	0,2724078839257371
449,0	0,32339833136922214
450,0	0,2304994445898551
451,0	0,12188491331150106
452,0	0,1146591295045243
453,0	0,03107422880804008
454,0	0,0381720574468917
455,0	0,04091625326837203
456,0	0,1419017265362691
457,0	0,1466867837548854
458,0	0,08424779115565637
459,0	0,12817094956202746
460,0	0,15742214674451324
461,0	0,19368605033122732
462,0	0,12928573106864308
463,0	0,195972596388773
464,0	0,21941948902243022
465,0	0,20485831169318675
466,0	0,1341856240232708
467,0	0,21248239819039963
468,0	0,1610963342658495
469,0	0,1426878910454224
470,0	0,21347446217483104
471,0	0,2126881349063137
472,0	0,16752373112395108
473,0	0,21375612941769964
474,0	0,2587589700356373
475,0	0,21138151762063329
476,0	0,03704322682881072
477,0	0,07830099656806765
478,0	0,061115569744622594
479,0	0,05472644703863475
480,0	0,09899837901287614
481,0	0,1960740355202601
482,0	0,11344139237164517
483,0	0,08316337322971293
484,0	0,11232035733010229
485,0	0,20339905042557108
486,0	0,2248538386415935
487,0	0,2615283512831008
488,0	0,22992569719448808
489,0	0,3115951154174439
490,0	0,34215494272667735
491,0	0,38290638253263154
492,0	0,3340713157858561
493,0	0,3324314789791458
494,0	0,2868171226644291
495,0	0,2713553601913111
496,0	0,2539563074516289
497,0	0,19164758653536165
498,0	0,22765601885872844
499,0	0,2129406261431392
500,0	0,1974958675462487
501,0	0,1716332560530129
502,0	0,134242218400026
503,0	0,1803494123705843
504,0	0,2076663755886732
505,0	0,3026166633436338
506,0	0,346686742716804
507,0	0,3647115572164646
508,0	0,3281217180891913
509,0	0,31283053427110036
510,0	0,2641566050670851
511,0	0,1732039314285117
512,0	0,13483088758857384
513,0	0,1693837664996433
514,0	0,24052889210513329
515,0	0,283099177219179
516,0	0,24756473212708244
517,0	0,1864317980294022
518,0	0,188417324629824
519,0	0,27721120980556685
520,0	0,30677038478604707
521,0	0,2588098335398114
522,0	0,2472982693749706
523,0	0,24821071427788777
524,0	0,19984477349215732
525,0	0,14689404758590857
526,0	0,1463690211919684
527,0	0,23620692904658086
528,0	0,2437684013806266
529,0	0,16005952746585625
530,0	0,1872200856533878
531,0	0,18485843203511199
532,0	0,1634851261282207
533,0	0,26463575932186767
534,0	0,1875412679063813
535,0	0,1247046053625748
536,0	0,12731628742025247
537,0	0,02526511939684315
538,0	0,06557475482315334
539,0	0,06650013421850079
540,0	0,03809444301581724
541,0	0,10154575800217264
542,0	0,11168343436315221
543,0	0,151854272078669
544,0	0,07161730928888448
545,0	0,06118057590505477
546,0	0,06061618518231977
547,0	0,08256517930583694
548,0	0,028789072797014294
549,0	0,09340313352980932
550,0	0,13865998432205542
551,0	0,15918317298584295
552,0	0,1260576231184187
553,0	0,10806194522601412
554,0	0,16481521428561666
555,0	0,06172027348938226
556,0	0,10328076968782143
557,0	0,2509181691936773
558,0	0,27994426467198125
559,0	0,23341839578705828
560,0	0,2621031566102494
561,0	0,261237555177995
562,0	0,20795298065064866
563,0	0,22577212505988156
564,0	0,18545969690841985
565,0	0,10582472027346278
566,0	0,11093155551308934
567,0	0,10362806631425442
568,0	0,08046563941130516
569,0	0,088193406945462
570,0	0,10621260854963821
571,0	0,1464905314831124
572,0	0,11879890987745674
573,0	0,20942324963578507
574,0	0,17990924068164388
575,0	0,21027205129252927
576,0	0,20087221435217256
577,0	0,2894391228555787
578,0	0,36515001075610404
579,0	0,286979084043629
580,0	0,2622745865220476
581,0	0,17100261983089085
582,0	0,21668246811343278
583,0	0,2082476357518859
584,0	0,21245104553339347
585,0	0,12833357664059894
586,0	0,09363699168602414
587,0	0,09975313922003994
588,0	0,1816466195244148
589,0	0,12826872829131236
590,0	0,21132668803169052
591,0	0,2898028906814327
592,0	0,28024395885359715
593,0	0,2463947874348428
594,0	0,20484548932373695
595,0	0,2962610531648769
596,0	0,298608844857244
597,0	0,22762828511850683
598,0	0,14421646002487323
599,0	0,15850272706879148
600,0	0,19813005823839333
601,0	0,28612541799621866
602,0	0,2490122470999226
603,0	0,25059733765305126
604,0	0,24046967456049648
605,0	0,30027311154816094
606,0	0,23094946243955894
607,0	0,2192683286449831
608,0	0,26583939646771443
609,0	0,24242506456256788
610,0	0,26194376162082417
611,0	0,2691216040021488
612,0	0,23394156829825255
613,0	0,17731221825178506
614,0	0,29173793260829434
615,0	0,32585819196693133
616,0	0,31750570109727616
617,0	0,32402585757397706
618,0	0,3186995048670812
619,0	0,32557253839310385
620,0	0,3706074148413092
621,0	0,3951069201162815
622,0	0,40906915818345174
623,0	0,4783005831905321
624,0	0,5680820153211817
625,0	0,5657236687698803
626,0	0,542366429649317
627,0	0,4579356915771362
628,0	0,41986854012374786
629,0	0,40031258657913427
630,0	0,42878326641594866
631,0	0,4474951186659671
632,0	0,5053907821932189
633,0	0,5570965905143959
634,0	0,5284998869428728
635,0	0,4641981356113308
636,0	0,46925296883343043
637,0	0,502152821982009
638,0	0,4595670525924
639,0	0,453347333986592
640,0	0,4646105074472365
641,0	0,36829515840131877
642,0	0,3994351709658907
643,0	0,3173830175988171
644,0	0,38440540358701036
645,0	0,2995821490182791
646,0	0,25974809709401636
647,0	0,43107377187595913
648,0	0,399395337237133
649,0	0,40826208604500924
650,0	0,44635480966996804
651,0	0,4871589607223549
652,0	0,4362845459250598
653,0	0,3469177950939822
654,0	0,25317823539453027
655,0	0,2858979414822912
656,0	0,3241047010405905
657,0	0,3017829587243499
658,0	0,23358429977022457
659,0	0,1802402227318842
660,0	0,17531563302252573
661,0	0,21056189298554348
662,0	0,2126366777668594
663,0	0,23665682722611364
664,0	0,3072103456119419
665,0	0,274044727898774
666,0	0,23628038708956345
667,0	0,2582911297931959
668,0	0,1743538500756559
669,0	0,07050971660659791
670,0	0,040327519996162686
671,0	0,1641858035377957
672,0	0,2667650408232071
673,0	0,21870918576788395
674,0	0,20410754675537202
675,0	0,2283019775367766
676,0	0,15722168476834675
677,0	0,07875636225492903
678,0	0,09043650661432938
679,0	0,12093457578119399
680,0	0,10318325349122402
681,0	0,04696101912381637
682,0	0,051456460330208925
683,0	0,08205492164670886
684,0	0,07544557534166006
685,0	0,07830739908427063
686,0	0,05678886777658884
687,0	0,10168233955963263
688,0	0,12420254154384149
689,0	0,18562788747121567
690,0	0,19137588601415703
691,0	0,1983061371716925
692,0	0,1988727304983339
693,0	0,1837911541288986
694,0	0,14821390895196013
695,0	0,13300535294806065
696,0	0,22114500778999913
697,0	0,28828001920239005
698,0	0,2514157535328192
699,0	0,2916903537192356
700,0	0,31360523822411096
701,0	0,24934270498379704
702,0	0,16846824636323537
703,0	0,2024526071521487
704,0	0,2481858027484655
705,0	0,25092089971596676
706,0	0,24858799205429405
707,0	0,2791279648053482
708,0	0,2729022539714831
709,0	0,3391671793589588
710,0	0,3459800939493676
711,0	0,25946212054201545
712,0	0,24426848951700944
713,0	0,28988611141237836
714,0	0,2268628428836013
715,0	0,2569608520584754
716,0	0,28246727605878924
717,0	0,3437526513506545
718,0	0,41034244675244425
719,0	0,41751556211757135
720,0	0,40318903381524135
721,0	0,43923326470199014
722,0	0,43612817312112157
723,0	0,48348876857591916
724,0	0,46797410722548805
725,0	0,48485906647431565
726,0	0,49791567260763936
727,0	0,45932406098854917
728,0	0,4039624656930584
729,0	0,3718962205434249
730,0	0,4349860790712865
731,0	0,47333054977439865
732,0	0,5408604485148277
733,0	0,5100247206083991
734,0	0,5485665378563201
735,0	0,5114835526873975
736,0	0,43499911636776023
737,0	0,4235108690487092
738,0	0,44577347354417846
739,0	0,49737803513527806
740,0	0,46815270151616717
741,0	0,48891718435746956
742,0	0,4700195160025325
743,0	0,41729477360459744
744,0	0,3202057780978442
745,0	0,33133207139080567
746,0	0,272803204393636
747,0	0,31121097111898594
748,0	0,38453972791943153
749,0	0,3650255711579355
750,0	0,35754967629734663
751,0	0,34155832989976354
752,0	0,4223607854652078
753,0	0,3749053502613201
754,0	0,37053694417229754
755,0	0,3761342554525754
756,0	0,39245076895575143
757,0	0,4264144725300448
758,0	0,549749498404746
759,0	0,5266417899704156
760,0	0,4975780977306311
761,0	0,4632757544356967
762,0	0,5119640076108902
763,0	0,4350271808690817
764,0	0,49869020653617196
765,0	0,4609872139637703
766,0	0,43098789319061037
767,0	0,49961136460720823
768,0	0,47672815434633986
769,0	0,3775518166951682
770,0	0,3215670141851168
771,0	0,3272606957521632
772,0	0,2292011015368433
773,0	0,2074250965702487
774,0	0,2085794880484525
775,0	0,22056954399237055
776,0	0,23259886254932868
777,0	0,23849197816029197
778,0	0,29346867984175484
779,0	0,21242709243710634
780,0	0,15898202371184353
781,0	0,24973250260929866
782,0	0,17939078796875538
783,0	0,2437648591560146
784,0	0,2697103231512913
785,0	0,2859013478995285
786,0	0,3079639651709657
787,0	0,2972808900930024
788,0	0,31452963922907456
789,0	0,24426466163015334
790,0	0,1502226424032855
791,0	0,2150530251468608
792,0	0,14685453052125785
793,0	0,25050248644210055
794,0	0,331880226835567
795,0	0,24658573632960554
796,0	0,3078286429975129
797,0	0,3595070239201831
798,0	0,4204364836160888
799,0	0,4327790641627524
800,0	0,4598352771024331
801,0	0,5740782078452659
802,0	0,5941877740809713
803,0	0,5116617498835176
804,0	0,4941068443834708
805,0	0,47462283377490716
806,0	0,4045701528528261
807,0	0,3683131156755104
808,0	0,4090728225315219
809,0	0,42299552616701563
810,0	0,4427368043793663
811,0	0,4598347666264003
812,0	0,4631944021414954
813,0	0,43383452031043374
814,0	0,47818299365584804
815,0	0,5062983978976049
816,0	0,49068943958119715
817,0	0,4127211780776265
818,0	0,3585325491896052
819,0	0,3939999399667746
820,0	0,37013610079750037
821,0	0,3446548336571016
822,0	0,3294559590250523
823,0	0,35890088855830476
824,0	0,4358915712856501
825,0	0,37322412165768576
826,0	0,262970256530803
827,0	0,2573397192931162
828,0	0,2939109908699201
829,0	0,36414297389595934
830,0	0,32724316412406734
831,0	0,3124840466903184
832,0	0,24110449787282695
833,0	0,2033145049781302
834,0	0,17499952162231022
835,0	0,22246435983429488
836,0	0,1654444460643913
837,0	0,1644939080037214
838,0	0,061144446547619476
839,0	0,10367614443578124
840,0	0,050936702170312646
841,0	0,15465632140263247
842,0	0,24088355772068312
843,0	0,20391165489179125
844,0	0,17845952600850004
845,0	0,1645418760194745
846,0	0,15699725501009537
847,0	0,12912901080339295
848,0	0,2212896110930686
849,0	0,22030354255527673
850,0	0,23900019481258897
851,0	0,2463256260918569
852,0	0,19311302360421523
853,0	0,2066929694683732
854,0	0,16758363034038806
855,0	0,14588683936944544
856,0	0,1728196509480512
857,0	0,13301849728289933
858,0	0,13404906245779583
859,0	0,05673297320813249
860,0	0,10966270823467349
861,0	0,04934170967276823
862,0	0,018482904030568206
863,0	0,09145196987441935
864,0	0,18829585465854495
865,0	0,14471681405627862
866,0	0,13314130818076933
867,0	0,17203355290633368
868,0	0,159952995278076
869,0	0,21473674758070635
870,0	0,17890459766605402
871,0	0,0877373876750463
872,0	0,22473955439354387
873,0	0,17623775983797973
874,0	0,19804836755373337
875,0	0,14483115916439998
876,0	0,13547898647618814
877,0	0,07585954500446022
878,0	0,02767106102402808
879,0	0,11793825145916531
880,0	0,12551412264356784
881,0	0,10957285357045204
882,0	0,07438211024981574
883,0	0,12993266366195064
884,0	0,16450712908758008
885,0	0,12398730917833958
886,0	0,10842309082852934
887,0	0,09299422241942003
888,0	0,17243077836862544
889,0	0,1700993864134897
890,0	0,2725461627627865
891,0	0,28580732891367244
892,0	0,27741623638131296
893,0	0,18413754890430403
894,0	0,1423485798517641
895,0	0,12423549258206358
896,0	0,11505070051538953
897,0	0,024667671301206125
898,0	0,090001289365085
899,0	0,04167884911182383
900,0	0,11115674522862488
901,0	0,17495998632996
902,0	0,24589728855486664
903,0	0,20253633523860562
904,0	0,298000850025428
905,0	0,27278544881169486
906,0	0,2878966083786338
907,0	0,19466229326927736
908,0	0,19125852646638672
909,0	0,14335441341536176
910,0	0,1467054266878128
911,0	0,19278521615685318
912,0	0,1876115049208347
913,0	0,3281202657365379
914,0	0,30580304384625906
915,0	0,3041059194349869
916,0	0,33519054656595926
917,0	0,3757664927523348
918,0	0,38430167011928973
919,0	0,36575022319981415
920,0	0,4353118682060527
921,0	0,38297483568475843
922,0	0,34458209890211505
923,0	0,3706902605092533
924,0	0,32623491414976774
925,0	0,39017442253699375
926,0	0,46475768676917817
927,0	0,36203086365918463
928,0	0,323123637260726
929,0	0,3241079281429911
930,0	0,349509835050742
931,0	0,3091381733436036
932,0	0,3674328112553786
933,0	0,3432635111283838
934,0	0,33367682268881954
935,0	0,35524096491667073
936,0	0,31112844064661543
937,0	0,2533685535327699
938,0	0,18739098682697825
939,0	0,18248204445064095
940,0	0,128644344451625
941,0	0,06114400416667795
942,0	0,10700301245111123
943,0	0,2595629387534307
944,0	0,31242279287487346
945,0	0,3404004908678929
946,0	0,2795927943400978
947,0	0,2529275817407368
948,0	0,3317900374771219
949,0	0,33040269766132935
950,0	0,3241522613112546
951,0	0,29065348330613605
952,0	0,3402924847132863
953,0	0,2691888262031172
954,0	0,289216877537498
955,0	0,22057158949654518
956,0	0,21902051459723715
957,0	0,21235075198464312
958,0	0,18498214714264846
959,0	0,19320659924950281
960,0	0,14105291018506927
961,0	0,11354918405560631
962,0	0,10107985349025579
963,0	0,09024393772510969
964,0	0,12319319805843709
965,0	0,09885847728516013
966,0	0,1381203892554182
967,0	0,14498937097729112
968,0	0,10010979866480199
969,0	0,09144306145264963
970,0	0,18762537155847658
971,0	0,15144876804858368
972,0	0,18780958332347888
973,0	0,20328183310601491
974,0	0,14034747809395956
975,0	0,08802680800359713
976,0	0,0635757513432986
977,0	0,09968191445856643
978,0	0,20712287793534453
979,0	0,2721230523285174
980,0	0,2800597423072721
981,0	0,2736256999998877
982,0	0,2322628711381812
983,0	0,22380707096342697
984,0	0,17085682509735634
985,0	0,18050628566192692
986,0	0,13832051755417868
987,0	0,12474285215905166
988,0	0,11702406308947966
989,0	0,1780847744999882
990,0	0,27425829211242075
991,0	0,2907224647235362
992,0	0,22458584776586202
993,0	0,22795466995381847
994,0	0,3002203622414894
995,0	0,3035857762456228
996,0	0,27217736880013016
997,0	0,2390445472928528
998,0	0,09296594404683677
999,0	0,04253125408717749
1000,0	0,13078405597476123
1001,0	0,20556161605119463
1002,0	0,1568848969375993
1003,0	0,2153213760039293
1004,0	0,27149043423539965
1005,0	0,27322421239021133
1006,0	0,20761535383426827
1007,0	0,1259557936705986
1008,0	0,1088294696881019
1009,0	0,039548320753698914
1010,0	0,05805873647268932
1011,0	0,06900052917819631
1012,0	0,1713893025622571
1013,0	0,1847259599659127
1014,0	0,2012029528551628
1015,0	0,22610115278365273
1016,0	0,1705163317089608
1017,0	0,21457770617679775
1018,0	0,28634686811418536
1019,0	0,33946680564338133
1020,0	0,2878877838043494
1021,0	0,39610036157332185
1022,0	0,38625704332858335
1023,0	0,39006031709257677
1024,0	0,40153600818674345
1025,0	0,295473813499874
1026,0	0,2217339419604869
1027,0	0,21676449426398517
1028,0	0,2447946081449207
1029,0	0,25097948152174915
1030,0	0,305990203744326
1031,0	0,3632316280507658
1032,0	0,48039975066197727
1033,0	0,4432904705736858
1034,0	0,5354621759940574
1035,0	0,5885018715428392
1036,0	0,6009607029975006
1037,0	0,5810957762042219
1038,0	0,5446008903821267
1039,0	0,5399711647434038
1040,0	0,5408038101421648
1041,0	0,5239535227217692
1042,0	0,5364236259144952
1043,0	0,5494839504645997
1044,0	0,5845641975919028
1045,0	0,5085239166546164
1046,0	0,4262761143562723
1047,0	0,36612107121609916
1048,0	0,3966597688509482
1049,0	0,31341898566308335
1050,0	0,43686179446218026
1051,0	0,5012456890950933
1052,0	0,5362630538207235
1053,0	0,5689410254694984
1054,0	0,5603128012303485
1055,0	0,5347021851788727
1056,0	0,4905643539898788
1057,0	0,5491567633630368
1058,0	0,4848401535132943
1059,0	0,3425240999568843
1060,0	0,2747600249947725
1061,0	0,33624649112199567
1062,0	0,3017490502165744
1063,0	0,3202100757502038
1064,0	0,30330138470925316
1065,0	0,21470280674433567
1066,0	0,18435588021053706
1067,0	0,2489040605484149
1068,0	0,3063838747986656
1069,0	0,2544844618422934
1070,0	0,3202126087264795
1071,0	0,29701415836348016
1072,0	0,30973458103050694
1073,0	0,3201192532558424
1074,0	0,304306112816148
1075,0	0,3147403231468295
1076,0	0,306530320276055
1077,0	0,32751425543940565
1078,0	0,3156620933854818
1079,0	0,4520302672975592
1080,0	0,45095212548628927
1081,0	0,35726494315502
1082,0	0,2706174567849181
1083,0	0,24031661113406105
1084,0	0,347478212172479
1085,0	0,29675344368915757
1086,0	0,24057974322426998
1087,0	0,25072314864266043
1088,0	0,22904378570431766
1089,0	0,1442955889148811
1090,0	0,12438878380905805
1091,0	0,10773276245248013
1092,0	0,1857796924713094
1093,0	0,19025127965607608
1094,0	0,33378454797597656
1095,0	0,47749614391771533
1096,0	0,5755520419286289
1097,0	0,5645449794103218
1098,0	0,599176739554959
1099,0	0,5777697235276698
1100,0	0,5661078919538427
1101,0	0,5686454784080475
1102,0	0,5680528662714965
1103,0	0,557961400679592
1104,0	0,5327258887806431
1105,0	0,5156892597160644
1106,0	0,5181309726099721
1107,0	0,4759230602654481
1108,0	0,49827055953500576
1109,0	0,509491830426952
1110,0	0,5482448601012467
1111,0	0,5591039711612124
1112,0	0,5830234016836796
1113,0	0,5002098974023976
1114,0	0,481695312078472
1115,0	0,4051081460303735
1116,0	0,4570175131742393
1117,0	0,3635183114535753
1118,0	0,38892155214752006
1119,0	0,38570860101610965
1120,0	0,36953610459187264
1121,0	0,31471364479095065
1122,0	0,37007574748987504
1123,0	0,38347768689466355
1124,0	0,3584474858587676
1125,0	0,38574450002166255
1126,0	0,40067714458467135
1127,0	0,4096806591181969
1128,0	0,40640167223556417
1129,0	0,38718919122386425
1130,0	0,41074705722887833
1131,0	0,44999816417570976
1132,0	0,49866797561691595
1133,0	0,5287123243906973
1134,0	0,49360602551242544
1135,0	0,5254245326496847
1136,0	0,49898618825143953
1137,0	0,5400586534039548
1138,0	0,5440161377051144
1139,0	0,4683185048781497
1140,0	0,47946072603783213
1141,0	0,4424036901233775
1142,0	0,38009926659264154
1143,0	0,3907333172674842
1144,0	0,369350137500427
1145,0	0,45592526665315347
1146,0	0,34417084097164996
1147,0	0,34155738193199076
1148,0	0,30994038126944295
1149,0	0,29161369680127797
1150,0	0,27575154213575453
1151,0	0,25221484454088905
1152,0	0,23629126030173142
1153,0	0,2531682881873576
1154,0	0,24052859429242435
1155,0	0,2657834629875258
1156,0	0,18991741088294392
1157,0	0,24091844523370567
1158,0	0,2810961499186165
1159,0	0,3288797004539419
1160,0	0,34412491091834724
1161,0	0,36722679099149624
1162,0	0,34258404992782693
1163,0	0,33191264560752304
1164,0	0,42917719752051886
1165,0	0,42897978093663686
1166,0	0,4523304182883073
1167,0	0,4856030160513907
1168,0	0,5317524187547426
1169,0	0,5665794315430335
1170,0	0,5561815645726875
1171,0	0,486987269233979
1172,0	0,5262872536626235
1173,0	0,5117267034508637
1174,0	0,5740364536300997
1175,0	0,5034758825177156
1176,0	0,6282212562516727
1177,0	0,5723444442131146
1178,0	0,6105638194130463
1179,0	0,6053486504762081
1180,0	0,6159203804254092
1181,0	0,628467784773341
1182,0	0,6046243414610682
1183,0	0,5600680703959715
1184,0	0,533019687871936
1185,0	0,5468133924243249
1186,0	0,5409663399741224
1187,0	0,5937710908794747
1188,0	0,5620309299934243
1189,0	0,5733883862126469
1190,0	0,5330246382080989
1191,0	0,5140599157773986
1192,0	0,45944274397843576
1193,0	0,37823314301162864
1194,0	0,38868678706872245
1195,0	0,39702616215922043
1196,0	0,3723501084121388
1197,0	0,2846973994791942
1198,0	0,3032594564812848
1199,0	0,4172687595381708
1200,0	0,3286303914176545
1201,0	0,2843120012266934
1202,0	0,28299549188861506
1203,0	0,3243442497286743
1204,0	0,33287870360724453
1205,0	0,32423992651096545
1206,0	0,28051048444988447
1207,0	0,3312383926840397
1208,0	0,2845008443903297
1209,0	0,35426785561711255
1210,0	0,38125816033905935
1211,0	0,38605371581083847
1212,0	0,32050619966439514
1213,0	0,32338817717970547
1214,0	0,3237392937025335
1215,0	0,3177077500553422
1216,0	0,3294544683599734
1217,0	0,3494090482370822
1218,0	0,4398947932708124
1219,0	0,3667756594370328
1220,0	0,3104310409611953
1221,0	0,17881905086147507
1222,0	0,2196761377018871
1223,0	0,19648296121351608
1224,0	0,1259858107702939
1225,0	0,21059278823020397
1226,0	0,254427396734794
1227,0	0,33729605744211283
1228,0	0,41321593089392367
1229,0	0,36268078546405536
1230,0	0,34610832846341283
1231,0	0,19662796874152644
1232,0	0,2690482077194384
1233,0	0,26188744635846173
1234,0	0,2581593614393407
1235,0	0,22627260579396166
1236,0	0,25567903045568413
1237,0	0,2901658417604056
1238,0	0,2880680342022199
1239,0	0,2569541687841908
1240,0	0,27560575482709404
1241,0	0,2693108711606334
1242,0	0,2261808594406149
1243,0	0,2583549864898729
1244,0	0,3457473331465604
1245,0	0,40861638428345454
1246,0	0,46381044013492556
1247,0	0,4591985541048623
1248,0	0,44001265358688657
1249,0	0,43831601470259524
1250,0	0,4249533544918364
1251,0	0,4327152981904252
1252,0	0,4681608703061878
1253,0	0,413214577531696
1254,0	0,31597307833152566
1255,0	0,3183745411159883
1256,0	0,3178284918563542
1257,0	0,3253236500840083
1258,0	0,37078715489428665
1259,0	0,3677243909287558
1260,0	0,37373217978188406
1261,0	0,297974818900151
1262,0	0,3359412213063125
1263,0	0,3645287064303583
1264,0	0,3336463627763653
1265,0	0,3372059573487825
1266,0	0,27140486597587926
1267,0	0,28408065498950713
1268,0	0,268721593373212
1269,0	0,24193504971713606
1270,0	0,19555536180280983
1271,0	0,21777667805443884
1272,0	0,1500213822700546
1273,0	0,1552144322477104
1274,0	0,17581809544206786
1275,0	0,13254714477923282
1276,0	0,12228724574921748
1277,0	0,11938486399050868
1278,0	0,06840219296460365
1279,0	0,011652157598734595
1280,0	0,058708186317949655
1281,0	0,025372155790977645
1282,0	0,04740754582224027
1283,0	0,09577308428186065
1284,0	0,16122298975133947
1285,0	0,2130770856525554
1286,0	0,19066921648345808
1287,0	0,17176496839958183
1288,0	0,1402496858053239
1289,0	0,06294220246131929
1290,0	0,061986079381198995
1291,0	0,11259236996080958
1292,0	0,14336139147737026
1293,0	0,18611207930398352
1294,0	0,19252106832630442
1295,0	0,20139698129421782
1296,0	0,2006557263933088
1297,0	0,19794209564931117
1298,0	0,18519115522167295
1299,0	0,1343302536408086
1300,0	0,15118485336920048
1301,0	0,09544473617225914
1302,0	0,10901507740602812
1303,0	0,10760620748847029
1304,0	0,09892930729556912
1305,0	0,13590112065156734
1306,0	0,12997025840334386
1307,0	0,23883298939993067
1308,0	0,18661228480840794
1309,0	0,18637566187472798
1310,0	0,24784052566405687
1311,0	0,21397302202639915
1312,0	0,11508258847702796
1313,0	0,06771381233003432
1314,0	0,11160480073630837
1315,0	0,07473255787264212
1316,0	0,11196984437847392
1317,0	0,18155178998899354
1318,0	0,216223702513216
1319,0	0,16013238589761603
1320,0	0,10336331759891174
1321,0	0,17093110648258847
1322,0	0,12992651576298453
1323,0	0,1179848582196286
1324,0	0,18158859605048908
1325,0	0,21487782409522702
1326,0	0,1832228825966605
1327,0	0,15484228213105233
1328,0	0,1788366753979975
1329,0	0,2587810937272525
1330,0	0,19734185886558223
1331,0	0,15244113872960183
1332,0	0,24973614220709342
1333,0	0,2206301866614623
1334,0	0,19003707018390772
1335,0	0,1578771679799332
1336,0	0,1150206335648861
1337,0	0,1339961904903224
1338,0	0,17115713155021298
1339,0	0,27360163479869964
1340,0	0,2628844510880624
1341,0	0,26452609297481905
1342,0	0,3295730526887761
1343,0	0,38019315180983865
1344,0	0,35807097319745324
1345,0	0,38721864272876744
1346,0	0,4334031923100143
1347,0	0,4142794670196072
1348,0	0,38489890734579535
1349,0	0,4174948356812792
1350,0	0,33526166158497384
1351,0	0,23488828382308805
1352,0	0,11474420854214225
1353,0	0,059156344317043405
1354,0	0,19429141434624783
1355,0	0,1388455381511334
1356,0	0,07760649562350379
1357,0	0,049549537087014275
1358,0	0,04120252341299138
1359,0	0,17639432107458208
1360,0	0,20093432684366
1361,0	0,2384280727364281
1362,0	0,22924797231023045
1363,0	0,33147238076971874
1364,0	0,3724057464777913
1365,0	0,3664894725252948
1366,0	0,47301967287972846
1367,0	0,4267600986684417
1368,0	0,43802765823156264
1369,0	0,41626647990022203
1370,0	0,4447802945818248
1371,0	0,3663525416487497
1372,0	0,32393536234389325
1373,0	0,22314077028717702
1374,0	0,24745911170054938
1375,0	0,2942177590856515
1376,0	0,32948426831426947
1377,0	0,32834787133485754
1378,0	0,3091520406095617
1379,0	0,24194960898827528
1380,0	0,2588242389836177
1381,0	0,1859419594405946
1382,0	0,21389411066124514
1383,0	0,21851111467677362
1384,0	0,16658439539659603
1385,0	0,18257647446246017
1386,0	0,21098572967597765
1387,0	0,197269396649051
1388,0	0,2288198709125632
1389,0	0,26939994755822216
1390,0	0,17566172968851668
1391,0	0,19547140548957864
1392,0	0,27173905973983625
1393,0	0,3057249086860775
1394,0	0,29581073014527376
1395,0	0,3294245371338844
1396,0	0,37251564475319654
1397,0	0,3542915192124265
1398,0	0,38427601689170354
1399,0	0,4278939729782625
1400,0	0,3939750575670148
1401,0	0,4006467167514787
1402,0	0,3375342605192861
1403,0	0,24349332530195392
1404,0	0,1423617446641113
1405,0	0,16113026217519116
1406,0	0,07849602815119423
1407,0	0,15302338744434205
1408,0	0,19471171100466414
1409,0	0,2612693464566279
1410,0	0,26424449168261693
1411,0	0,2733735520200279
1412,0	0,25407513020261563
1413,0	0,2811904099637978
1414,0	0,2397870257214245
1415,0	0,2233090709531621
1416,0	0,2645693087105388
1417,0	0,2481709263400747
1418,0	0,2143683979229397
1419,0	0,18353431698150974
1420,0	0,2541886427356585
1421,0	0,23750750585657296
1422,0	0,24749669174650035
1423,0	0,26337032042555186
1424,0	0,25287007836370884
1425,0	0,2804182042060911
1426,0	0,3427271657854344
1427,0	0,34076654431568887
1428,0	0,3525126557984531
1429,0	0,4737383657504534
1430,0	0,46151156760010437
1431,0	0,4430804656495139
1432,0	0,3992323720606436
1433,0	0,4038167792490301
1434,0	0,44681369498926216
1435,0	0,39859148133904654
1436,0	0,4433366232587289
1437,0	0,41453084113600347
1438,0	0,4204850242242963
1439,0	0,4377385287927332
1440,0	0,44088301215983094
1441,0	0,36772828131402835
1442,0	0,30438089340752233
1443,0	0,42462848647133494
1444,0	0,5217038010916353
1445,0	0,49243636401569774
1446,0	0,4795963401165155
1447,0	0,48550216208894426
1448,0	0,41261768452966263
1449,0	0,45336417289602016
1450,0	0,45590842447429164
1451,0	0,4643009149014077
1452,0	0,45770699976347706
1453,0	0,35528694201318894
1454,0	0,34531617074431586
1455,0	0,44158759499813965
1456,0	0,4287795925159889
1457,0	0,4118106502794457
1458,0	0,4717120305196734
1459,0	0,42214527793746676
1460,0	0,4027759543950658
1461,0	0,4031985696042068
1462,0	0,4162719446756476
1463,0	0,48471526827793193
1464,0	0,5130659230162647
1465,0	0,4536100971757064
1466,0	0,3788793011334726
1467,0	0,43130531243127007
1468,0	0,44134519848550613
1469,0	0,5065278846520365
1470,0	0,39132003466586124
1471,0	0,4584628100252038
1472,0	0,4841054947059068
1473,0	0,47377608470337845
1474,0	0,4910781764323369
1475,0	0,4871592246028363
1476,0	0,47522197409341466
1477,0	0,5079687794287554
1478,0	0,47748778705925743
1479,0	0,4442176988829273
1480,0	0,4260070908349924
1481,0	0,3793335724266732
1482,0	0,3364238117782899
1483,0	0,3475336265595518
1484,0	0,2749831359031425
1485,0	0,32176209505891773
1486,0	0,3158948545247589
1487,0	0,35251418973176124
1488,0	0,38909493807206325
1489,0	0,4437156373001448
1490,0	0,38997188475222533
1491,0	0,43588131347049885
1492,0	0,537366595892544
1493,0	0,5055467364842274
1494,0	0,4408822879654248
1495,0	0,5681982216283731
1496,0	0,6022113194627647
1497,0	0,5789914044681371
1498,0	0,5487242193001969
1499,0	0,5335536984468404
1500,0	0,5002719729779631
1501,0	0,48106179796070475
1502,0	0,4626435418030306
1503,0	0,4734758343453636
1504,0	0,5244038050434426
1505,0	0,47495534180626975
1506,0	0,3850847158905671
1507,0	0,3295968756146369
1508,0	0,371552506502487
1509,0	0,3844549002434993
1510,0	0,40098496217445107
1511,0	0,37066871457565526
1512,0	0,4471108719109486
1513,0	0,4539524740794069
1514,0	0,43139030028497505
1515,0	0,43542981419318794
1516,0	0,49756214291940903
1517,0	0,5387191070175076
1518,0	0,5442274498075491
1519,0	0,4741284913660478
1520,0	0,4580495177438671
1521,0	0,4650623604869396
1522,0	0,45187647686276283
1523,0	0,48455911903267784
1524,0	0,47199660786169606
1525,0	0,4454662883867586
1526,0	0,45661796861434834
1527,0	0,39116716757410425
1528,0	0,4355502698038852
1529,0	0,4150972763642177
1530,0	0,4065190724286581
1531,0	0,45411204127757293
1532,0	0,5119697011397409
1533,0	0,5290933505152886
1534,0	0,4921607290421935
1535,0	0,5039000981185481
1536,0	0,4760980688619044
1537,0	0,48687106978450173
1538,0	0,44123322147022004
1539,0	0,47693491712903885
1540,0	0,5221445792553102
1541,0	0,45184341358566354
1542,0	0,3944573185707287
1543,0	0,41139747843892965
1544,0	0,4362930417839756
1545,0	0,42487438400909977
1546,0	0,3603200899167763
1547,0	0,32528938798078744
1548,0	0,3630146762768066
1549,0	0,39971652034187893
1550,0	0,4423242788977816
1551,0	0,44063159492463577
1552,0	0,5392870048334422
1553,0	0,5069254360003934
1554,0	0,5343551686954864
1555,0	0,5088463749692115
1556,0	0,5644176791418948
1557,0	0,47249539384336325
1558,0	0,4152476402840017
1559,0	0,43632601436267054
1560,0	0,49120143373857345
1561,0	0,5174530036370664
1562,0	0,5145475247101716
1563,0	0,44724273320278907
1564,0	0,40764919954019485
1565,0	0,41949382718521294
1566,0	0,4090387592128607
1567,0	0,3134226853316928
1568,0	0,3306712381256939
1569,0	0,3375311613742998
1570,0	0,2585249579803908
1571,0	0,28959448552848194
1572,0	0,3048279468491225
1573,0	0,3459550951034445
1574,0	0,44087673684514056
1575,0	0,3737827091239537
1576,0	0,47099118302774035
1577,0	0,39324406263583217
1578,0	0,35953768874393977
1579,0	0,40691716989717913
1580,0	0,4071754444280181
1581,0	0,41029883944601936
1582,0	0,39166074633494924
1583,0	0,37853807570203607
1584,0	0,33379999346518613
1585,0	0,2742501685980957
1586,0	0,3296222786886554
1587,0	0,35583343063753503
1588,0	0,366984106904215
1589,0	0,3739504415119911
1590,0	0,37178847426607003
1591,0	0,32050594129132576
1592,0	0,30374708441773923
1593,0	0,28609963166332475
1594,0	0,23237378830927868
1595,0	0,15472770677750677
1596,0	0,2217183754168776
1597,0	0,22782519264413478
1598,0	0,2308811191403049
1599,0	0,1961700788609856
1600,0	0,29974249708147743
1601,0	0,28847668362588424
1602,0	0,2098152872633486
1603,0	0,299231737762243
1604,0	0,2778549372823009
1605,0	0,21794392342470126
1606,0	0,3132294869419442
1607,0	0,25657228295326395
1608,0	0,26046766472727173
1609,0	0,19042887199745095
1610,0	0,1071819171931017
1611,0	0,148494830698686
1612,0	0,13799101983666046
1613,0	0,10294760839585664
1614,0	0,20496470297074046
1615,0	0,1551539197653952
1616,0	0,15439942870206588
1617,0	0,17214835320750377
1618,0	0,16971903939027644
1619,0	0,16272602968000482
1620,0	0,17802613966251146
1621,0	0,1569213778791899
1622,0	0,18691841070306767
1623,0	0,13829549417126608
1624,0	0,14373217366313826
1625,0	0,1582652365849078
1626,0	0,1585851649101663
1627,0	0,11576337763862068
1628,0	0,06094558931682537
1629,0	0,08345087556717402
1630,0	0,09633419588410638
1631,0	0,11452959083300729
1632,0	0,1577584013473677
1633,0	0,15021685393892487
1634,0	0,13997073458070713
1635,0	0,13643929716356895
1636,0	0,13543372151419086
1637,0	0,15310047206022087
1638,0	0,14979057617177244
1639,0	0,1407549607105746
1640,0	0,11597223616167657
1641,0	0,17508367658876633
1642,0	0,13597260259268543
1643,0	0,18608049849637348
1644,0	0,24354076819108803
1645,0	0,2320539805038203
1646,0	0,25532183006933123
1647,0	0,2958034223356339
1648,0	0,315552474451486
1649,0	0,2659567862523589
1650,0	0,29502721304217844
1651,0	0,31539884438592497
1652,0	0,19239608899437075
1653,0	0,20898935858500892
1654,0	0,2612867960235819
1655,0	0,35341326052457106
1656,0	0,2735013618912596
1657,0	0,25895245136416134
1658,0	0,2495370463686367
1659,0	0,18850601424157307
1660,0	0,16340268827182575
1661,0	0,13352705637307713
1662,0	0,20075439148961094
1663,0	0,2198777724012419
1664,0	0,23437715751244034
1665,0	0,14412162158770822
1666,0	0,15943336473747705
1667,0	0,2075545495230024
1668,0	0,2013393331079811
1669,0	0,24675097393119097
1670,0	0,2665029922941135
1671,0	0,276254880063396
1672,0	0,22769476820546516
1673,0	0,2573162579911936
1674,0	0,19394398895481862
1675,0	0,22143943480660688
1676,0	0,19150226746189486
1677,0	0,30277319544969455
1678,0	0,24113799153717155
1679,0	0,2493366879924135
1680,0	0,23756660241117247
1681,0	0,2562650525867874
1682,0	0,355212289477148
1683,0	0,2466386603182324
1684,0	0,1970431966888158
1685,0	0,17913831186414422
1686,0	0,1941250392418342
1687,0	0,24097472016188376
1688,0	0,2908470852772812
1689,0	0,26812954850895276
1690,0	0,1667629645961812
1691,0	0,28402880611701364
1692,0	0,3089384257801882
1693,0	0,2975978394489602
1694,0	0,34272299802989703
1695,0	0,2645859925078081
1696,0	0,3156227761964561
1697,0	0,2911700643718426
1698,0	0,29942707630230014
1699,0	0,23065788362077236
1700,0	0,296321956629989
1701,0	0,2823559632567238
1702,0	0,2916548177006133
1703,0	0,31898367441191294
1704,0	0,3212392842972299
1705,0	0,2973659138343585
1706,0	0,34869605695889727
1707,0	0,32833390138271823
1708,0	0,2830846920521615
1709,0	0,27433757178118817
1710,0	0,28409000467940293
1711,0	0,2533150139374134
1712,0	0,2375686042299479
1713,0	0,21166037764470078
1714,0	0,24571823953678423
1715,0	0,21647224507781296
1716,0	0,3275653407855232
1717,0	0,34949633239486594
1718,0	0,3514229919781682
1719,0	0,39772100303214514
1720,0	0,43164227625221935
1721,0	0,44675549663424907
1722,0	0,4307355229693795
1723,0	0,43035859345940225
1724,0	0,3962870452159086
1725,0	0,3548062593606111
1726,0	0,31708806328797406
1727,0	0,2886499389209688
1728,0	0,2808652930547153
1729,0	0,2852090144078643
1730,0	0,19799563693594166
1731,0	0,22634978909179987
1732,0	0,2918636322876132
1733,0	0,2493099997837826
1734,0	0,21687044107622144
1735,0	0,2414725001520356
1736,0	0,3114240274172957
1737,0	0,23564595071598113
1738,0	0,24634225533322615
1739,0	0,2472020501854577
1740,0	0,24298649807264894
1741,0	0,18557942555730564
1742,0	0,1920193544707005
1743,0	0,230508798668489
1744,0	0,27410530288333074
1745,0	0,2719092008579926
1746,0	0,2740210436764574
1747,0	0,28846640834881937
1748,0	0,24366654985353747
1749,0	0,2520911105971192
1750,0	0,2014342183317185
1751,0	0,13583139326297122
1752,0	0,24149984287888684
1753,0	0,22669385742303955
1754,0	0,294339615270127
1755,0	0,24952423468668344
1756,0	0,20907896487697156
1757,0	0,13910228810176511
1758,0	0,19496138282624048
1759,0	0,158105539134382
1760,0	0,17116546634914223
1761,0	0,18286853715974188
1762,0	0,1308006384500445
1763,0	0,09394319911566247
1764,0	0,13268570828048418
1765,0	0,07174777415743597
1766,0	0,06944136844843304
1767,0	0,0195906746232863
1768,0	0,051848696899104214
1769,0	0,0630175076594143
1770,0	0,032127363061209786
1771,0	0,06294408953119789
1772,0	0,08076972637768373
1773,0	0,05273455418748999
1774,0	0,0966740519376727
1775,0	0,06013165968115289
1776,0	0,08326863760604265
1777,0	0,05338593365236644
1778,0	0,0708436482603257
1779,0	0,11540052603665978
1780,0	0,18154762801059118
1781,0	0,06849020874366388
1782,0	0,10748938470815768
1783,0	0,15864486632440877
1784,0	0,23296310670659234
1785,0	0,2561618985675642
1786,0	0,13603784896490626
1787,0	0,15768812464571655
1788,0	0,11444190788769608
1789,0	0,09804695748953553
1790,0	0,0997780524473711
1791,0	0,1981047724105748
1792,0	0,16758281640639955
1793,0	0,15777192248741564
1794,0	0,21216427868231263
1795,0	0,22611544941895437
1796,0	0,252447788176582
1797,0	0,29956139267279736
1798,0	0,2328226958969815
1799,0	0,23422712673635493
1800,0	0,19167605501702012
1801,0	0,17789703406455565
1802,0	0,17344586056106023
1803,0	0,19704901037533293
1804,0	0,16888821804289525
1805,0	0,1986844365269929
1806,0	0,18132222687218463
1807,0	0,1674548660201558
1808,0	0,11114336354007623
1809,0	0,0862057197183061
1810,0	0,0625053234982539
1811,0	0,06198572454872991
1812,0	0,07524794676852999
1813,0	0,05111698815755523
1814,0	0,14684863360129471
1815,0	0,18890540614829662
1816,0	0,17998463970360354
1817,0	0,269912962113341
1818,0	0,21539174101781164
1819,0	0,2570909990225197
1820,0	0,2664906779709686
1821,0	0,28709098021912316
1822,0	0,2445895786688635
1823,0	0,20763025972574506
1824,0	0,16577878651197
1825,0	0,12560576286872124
1826,0	0,18975191472555195
1827,0	0,1227283664440065
1828,0	0,12566502684015
1829,0	0,16973630641658705
1830,0	0,0696671301812577
1831,0	0,07391689365989904
1832,0	0,17950421690789176
1833,0	0,11676821626370391
1834,0	0,050881899670070264
1835,0	0,05236402480880443
1836,0	0,027917704249531806
1837,0	0,04440147224031197
1838,0	0,06468136051178161
1839,0	0,04827035916996531
1840,0	0,033019088497362764
1841,0	0,08050618922952436
1842,0	0,17976542786926697
1843,0	0,12170564881034067
1844,0	0,009780565250666317
1845,0	0,017621712435135543
1846,0	0,09741471627426838
1847,0	0,07492887343383194
1848,0	0,09340259513514428
1849,0	0,1139213361233216
1850,0	0,08908007612993957
1851,0	0,06885130246633955
1852,0	0,04471732322230373
1853,0	0,03237876890855834
1854,0	0,08301031308325428
1855,0	0,13717262254767232
1856,0	0,11581219304139377
1857,0	0,08893504872679123
1858,0	0,13002926455253808
1859,0	0,06952893983193187
1860,0	0,038106113200767
1861,0	0,07399702192691639
1862,0	0,048258763934278165
1863,0	0,11659424725788607
1864,0	0,11612466248575652
1865,0	0,10431140502732189
1866,0	0,08772500674976172
1867,0	0,10138284395707282
1868,0	0,07871862135435488
1869,0	0,05207820635473301
1870,0	0,10885435429074714
1871,0	0,11480869442215733
1872,0	0,09283434732408939
1873,0	0,11102356889177555
1874,0	0,08607659149417149
1875,0	0,14280965360152845
1876,0	0,23089353024871442
1877,0	0,20852599536341002
1878,0	0,16484339484777402
1879,0	0,2577969390201579
1880,0	0,3131587973151477
1881,0	0,31526216759226694
1882,0	0,32227549115453047
1883,0	0,38476697377964325
1884,0	0,37765898222211874
1885,0	0,3811958993703791
1886,0	0,2570138604709247
1887,0	0,2547764380023051
1888,0	0,23107513392605358
1889,0	0,10351498526049412
1890,0	0,08157196532336886
1891,0	0,07209874848538757
1892,0	0,067464554740843
1893,0	0,16861368188396245
1894,0	0,3120392334089521
1895,0	0,31535288471081396
1896,0	0,4417029189513904
1897,0	0,4492115917512116
1898,0	0,5106300214111
1899,0	0,5310637425749658
1900,0	0,37217380124189375
1901,0	0,2913569310508892
1902,0	0,276557888491349
1903,0	0,19887496846241473
1904,0	0,11260549321325633
1905,0	0,11953255887740379
1906,0	0,17847700318920684
1907,0	0,20656673303520148
1908,0	0,17942440903476528
1909,0	0,16841333200383313
1910,0	0,17549825510743963
1911,0	0,050056671776158655
1912,0	0,010277491343940586
1913,0	0,09111297229258941
1914,0	0,1528634103053307
1915,0	0,24208641268106007
1916,0	0,28453875045101173
1917,0	0,3230792414524482
1918,0	0,3136089156267851
1919,0	0,33634024389029366
1920,0	0,24334697564896038
1921,0	0,25881559573410806
1922,0	0,2415105923103953
1923,0	0,22891069159174515
1924,0	0,17834267538861165
1925,0	0,21136968776987702
1926,0	0,1555829362086665
1927,0	0,16761077471880462
1928,0	0,19534652901580923
1929,0	0,2953703331466765
1930,0	0,2815393993557936
1931,0	0,30861734567537463
1932,0	0,2633271896084276
1933,0	0,2606801830711413
1934,0	0,2569961443286765
1935,0	0,32401698864525363
1936,0	0,3489667390944815
1937,0	0,4344526148341659
1938,0	0,4114599180592062
1939,0	0,32683213839048925
1940,0	0,4093390100359807
1941,0	0,3988402894655261
1942,0	0,3817995866707606
1943,0	0,3419872033173702
1944,0	0,3814259239523334
1945,0	0,40445766480516077
1946,0	0,4021335398307792
1947,0	0,3754211539229445
1948,0	0,36677018515826865
1949,0	0,3646974530153955
1950,0	0,3623280343037345
1951,0	0,3901802611262635
1952,0	0,29874965233501727
1953,0	0,23134418506284007
1954,0	0,23109509096436623
1955,0	0,29164822077898395
1956,0	0,23510186198511726
1957,0	0,21372012144489302
1958,0	0,3035111089146242
1959,0	0,2825663728829505
1960,0	0,28123305987352626
1961,0	0,20603107673097443
1962,0	0,2756415464226487
1963,0	0,3930430053492223
1964,0	0,4082143198359563
1965,0	0,43980067253922167
1966,0	0,5119766268064362
1967,0	0,5384070225190911
1968,0	0,5359470583331938
1969,0	0,48386860008213506
1970,0	0,458219091181653
1971,0	0,5020188538611761
1972,0	0,48694418884158097
1973,0	0,5367443356184499
1974,0	0,5891768152590637
1975,0	0,5025391940481505
1976,0	0,47127659396900723
1977,0	0,5101475459730735
1978,0	0,4587485464925384
1979,0	0,45818359541259485
1980,0	0,4381239849753446
1981,0	0,4365884082603545
1982,0	0,3537646295905395
1983,0	0,34328953037663124
1984,0	0,34395044529286495
1985,0	0,3203842060793357
1986,0	0,33355816929042253
1987,0	0,324906283154388
1988,0	0,3689149961816198
1989,0	0,3849341335354214
1990,0	0,3832736975897912
1991,0	0,3936435823108754
1992,0	0,3526512204742611
1993,0	0,35543117025610516
1994,0	0,36371278845670924
1995,0	0,4367705499966339
1996,0	0,410566378817922
1997,0	0,48406794221230975
1998,0	0,4690372480068117
1999,0	0,5102976402873306
2000,0	0,5329034943039698
