N: 100,0	L: 	Density:0,16	Noise: 2,6
Time	 Va	
0,0	0,12636195655239296
1,0	0,07061371924578792
2,0	0,05357163274609925
3,0	0,07713660173182356
4,0	0,05445021573848771
5,0	0,0733495535615694
6,0	0,021039118758331372
7,0	0,0678666789786563
8,0	0,04600202746066787
9,0	0,0954230361951581
10,0	0,06458920329415864
11,0	0,07136926823206265
12,0	0,09223297230230527
13,0	0,05250023291402558
14,0	0,03761701389896642
15,0	0,10949434167542063
16,0	0,22997458178643154
17,0	0,217179076866221
18,0	0,28052442202573297
19,0	0,24931735493522186
20,0	0,2887013856590626
21,0	0,2751410888972776
22,0	0,25083463438967907
23,0	0,2634461606049157
24,0	0,25954201260445087
25,0	0,24712281901356162
26,0	0,15767688112905381
27,0	0,1878147401422835
28,0	0,14527736743835637
29,0	0,055533412919842505
30,0	0,0826618326774903
31,0	0,13988186478654568
32,0	0,2324434137370523
33,0	0,2065304471509367
34,0	0,19069441030421366
35,0	0,15059400077869275
36,0	0,169852952766796
37,0	0,16930662681548467
38,0	0,15209575907788955
39,0	0,09880728272629087
40,0	0,08115540219267854
41,0	0,04899995139406452
42,0	0,12363461150302135
43,0	0,08131759870832479
44,0	0,14239491330733825
45,0	0,14695779873456888
46,0	0,11157607716958264
47,0	0,2586173523460313
48,0	0,2780107742967048
49,0	0,19572552095246476
50,0	0,15096916648946543
51,0	0,1275632961456258
52,0	0,12749682147286973
53,0	0,17977890029032456
54,0	0,1285011280265289
55,0	0,05104294845321776
56,0	0,10841524830827914
57,0	0,02620693487803412
58,0	0,1064547062989624
59,0	0,021950718930926445
60,0	0,038167027604871076
61,0	0,14066045689452628
62,0	0,1438929235039633
63,0	0,12232917398053661
64,0	0,12000794310305286
65,0	0,08321487116953641
66,0	0,04494036846661025
67,0	0,06698238483074606
68,0	0,12995768160530133
69,0	0,2513196618397443
70,0	0,22497154833949018
71,0	0,20314353925675058
72,0	0,12370595440303014
73,0	0,1697479398192553
74,0	0,11306075364741686
75,0	0,03721909316111115
76,0	0,04473054193143756
77,0	0,03386417834757256
78,0	0,067368330165534
79,0	0,151255256176917
80,0	0,05000605955861515
81,0	0,07507263061980969
82,0	0,0870333635332914
83,0	0,098029548406481
84,0	0,04985837538600508
85,0	0,08315315373404737
86,0	0,08467281954692281
87,0	0,07957541447776877
88,0	0,05544435691668474
89,0	0,30970714835839913
90,0	0,45841148557361283
91,0	0,45621236146192395
92,0	0,40630271620520675
93,0	0,2686948459912618
94,0	0,12843167491393617
95,0	0,1688954241042046
96,0	0,16536137790130556
97,0	0,19141920065741597
98,0	0,20032266890698233
99,0	0,3152217474193583
100,0	0,2753163065623356
101,0	0,29019444134466355
102,0	0,28228741208151165
103,0	0,27547783073809273
104,0	0,2593230981621954
105,0	0,19555967188912385
106,0	0,13197948782423238
107,0	0,10627137970038152
108,0	0,05213272517482457
109,0	0,06586449008243354
110,0	0,08868093089074272
111,0	0,0525348316478678
112,0	0,043519095455744956
113,0	0,14196715280956834
114,0	0,06067614405110244
115,0	0,10632896167202607
116,0	0,07916127879550298
117,0	0,07065036687506313
118,0	0,0679204694419377
119,0	0,12108835305638767
120,0	0,23157609163334122
121,0	0,30731347215573374
122,0	0,2925169273843064
123,0	0,2104248930022513
124,0	0,27587036612942256
125,0	0,21832234264729053
126,0	0,15241350510831628
127,0	0,23451512845946895
128,0	0,18009513084266646
129,0	0,19557221353855153
130,0	0,2812910395613459
131,0	0,26168442597076447
132,0	0,25600151513413477
133,0	0,15705421942317832
134,0	0,1624646777433762
135,0	0,10897761082952732
136,0	0,17079796146020906
137,0	0,20575025870856187
138,0	0,04685085319602114
139,0	0,030203213569552755
140,0	0,09602465878942626
141,0	0,05544155961642225
142,0	0,06568281563709565
143,0	0,09086649590618795
144,0	0,19146685018838733
145,0	0,11457704311490503
146,0	0,09598908709318367
147,0	0,11607397475294831
148,0	0,1522060284619398
149,0	0,14670487738154972
150,0	0,08747238234606038
151,0	0,11889871391431693
152,0	0,08775080581176838
153,0	0,1389535624669844
154,0	0,21007796120391894
155,0	0,10663383573937094
156,0	0,07330283908774834
157,0	0,12086615093238426
158,0	0,09241580321365488
159,0	0,0894574893623926
160,0	0,16925309437131647
161,0	0,17081587261258208
162,0	0,18889590718987323
163,0	0,02464899549002496
164,0	0,0433901660838723
165,0	0,025610596278117275
166,0	0,05929650552983783
167,0	0,05984165786776733
168,0	0,2541071079292521
169,0	0,18980413410279479
170,0	0,22654110691094118
171,0	0,1965601938188953
172,0	0,1687349526100306
173,0	0,20954746376445393
174,0	0,18280894572102244
175,0	0,1013890555769216
176,0	0,2075863559179228
177,0	0,22133772872300655
178,0	0,16912391973421817
179,0	0,06460276858063652
180,0	0,1417319231184844
181,0	0,13131091310047913
182,0	0,05684478472571903
183,0	0,08557341897312143
184,0	0,1702721212870068
185,0	0,13213804225073872
186,0	0,267056915531548
187,0	0,20746121346544882
188,0	0,17580296342676102
189,0	0,11135610533951845
190,0	0,17312678627912934
191,0	0,09064982796641993
192,0	0,11744961584559922
193,0	0,10702598435053086
194,0	0,03568239313239844
195,0	0,14561521676220973
196,0	0,07698018710339274
197,0	0,07123092031611537
198,0	0,10345610089071598
199,0	0,13240940425053296
200,0	0,09269833019721735
201,0	0,21069183281861917
202,0	0,2432739312221773
203,0	0,27563903398031664
204,0	0,37430744863840043
205,0	0,3502285845990452
206,0	0,34040123869212185
207,0	0,34645132905386694
208,0	0,24067298235588389
209,0	0,21129883877837333
210,0	0,19142255145074122
211,0	0,1769010249631092
212,0	0,1868811792220216
213,0	0,2701872113801658
214,0	0,20857124333734697
215,0	0,2613752101488534
216,0	0,20417339581505176
217,0	0,24618589850600164
218,0	0,3603961029309268
219,0	0,28735297384296404
220,0	0,2415636978572881
221,0	0,259879147111535
222,0	0,2294894451501379
223,0	0,12972212860249893
224,0	0,041722096265799945
225,0	0,08429178665593272
226,0	0,010697770716293862
227,0	0,08593887427330586
228,0	0,09365450564809175
229,0	0,06878352746989161
230,0	0,10042254678157164
231,0	0,16969395301295143
232,0	0,13173997183724653
233,0	0,20659779367795925
234,0	0,24433211602953758
235,0	0,32396756405613125
236,0	0,22237614039619627
237,0	0,3208608965569436
238,0	0,2174646323437121
239,0	0,25255944771700617
240,0	0,15309927980906493
241,0	0,16302031379083445
242,0	0,21884770505034548
243,0	0,2779403373083755
244,0	0,2709152029435081
245,0	0,11595519783310662
246,0	0,05173117017573701
247,0	0,1754038083764432
248,0	0,11093142346949016
249,0	0,1241730540052346
250,0	0,10522649319303708
251,0	0,05937024193115324
252,0	0,16477552640509005
253,0	0,13603344883320367
254,0	0,05706432209408146
255,0	0,05471297180638688
256,0	0,07584415942868916
257,0	0,177241656589999
258,0	0,23012010279410547
259,0	0,255934090933311
260,0	0,2296301127948001
261,0	0,27548355229111554
262,0	0,23382375378514936
263,0	0,18850648192579675
264,0	0,2133118874583646
265,0	0,2597296991174033
266,0	0,25266033930004944
267,0	0,24160095445541435
268,0	0,24482906055158463
269,0	0,2890634128870225
270,0	0,3472287738273383
271,0	0,40033374333198507
272,0	0,35725853508591926
273,0	0,22859363084923792
274,0	0,1284765392868879
275,0	0,10946143296206683
276,0	0,12786740213390024
277,0	0,029583859530602035
278,0	0,053876000665700835
279,0	0,08234601137714605
280,0	0,05128123958170109
281,0	0,2388410330021335
282,0	0,23447580806768806
283,0	0,23347893862625976
284,0	0,20683796531017684
285,0	0,14837931283252376
286,0	0,13538485972027198
287,0	0,2521960735687954
288,0	0,1111077069912058
289,0	0,06789506473246572
290,0	0,15344707295575777
291,0	0,20293312498207797
292,0	0,2247550698401201
293,0	0,0691528858795015
294,0	0,09809831661109016
295,0	0,08654391789232269
296,0	0,10825922266894267
297,0	0,06478135785739629
298,0	0,13543984250385996
299,0	0,1500438823279407
300,0	0,09254277374156474
301,0	0,06996610604085658
302,0	0,1605482556709761
303,0	0,1874740795157771
304,0	0,25196225789917676
305,0	0,23233969041800387
306,0	0,19110029820775884
307,0	0,12183554345821893
308,0	0,13546826191667816
309,0	0,16652702822540774
310,0	0,15541312430298268
311,0	0,06793228145529251
312,0	0,06265342522420488
313,0	0,06574276522577373
314,0	0,03388202209871451
315,0	0,08298786113508454
316,0	0,07014498088305555
317,0	0,07772719648689443
318,0	0,0980833151993239
319,0	0,08874905579070111
320,0	0,1808595946379436
321,0	0,17690073383130275
322,0	0,22312236657209467
323,0	0,2149558029214105
324,0	0,27302550781377966
325,0	0,19754466751484218
326,0	0,18429864799398743
327,0	0,24628118878647437
328,0	0,20794142114932374
329,0	0,18997563373897694
330,0	0,2193956929286162
331,0	0,2037678665029529
332,0	0,1671368264319581
333,0	0,14579006044387804
334,0	0,24093777607034472
335,0	0,17590409794644685
336,0	0,07481419083910684
337,0	0,02293328525906278
338,0	0,005697315792903292
339,0	0,010197261618802257
340,0	0,08484650060072649
341,0	0,10575921844759882
342,0	0,2111666911460291
343,0	0,11547067314999435
344,0	0,06183159053759331
345,0	0,15660834231466744
346,0	0,10697009743981457
347,0	0,13345003918099657
348,0	0,0411696038218665
349,0	0,061892147223291206
350,0	0,16314791662099956
351,0	0,08440713366705933
352,0	0,05624767777931239
353,0	0,13364677700254346
354,0	0,21980409676531512
355,0	0,23642247554902568
356,0	0,23139330917548642
357,0	0,26936353677957586
358,0	0,2252686979201739
359,0	0,18809798484371554
360,0	0,2152556043672114
361,0	0,2847331724872993
362,0	0,19694068965153563
363,0	0,14857045097999932
364,0	0,32671933832797556
365,0	0,31003907399710545
366,0	0,18653980541718843
367,0	0,20194263858671205
368,0	0,16417443287710626
369,0	0,2250435594167461
370,0	0,16279060744040186
371,0	0,24991307097461066
372,0	0,20592914489275357
373,0	0,1349029740684137
374,0	0,26163804619956915
375,0	0,14768841209978104
376,0	0,12443387796225797
377,0	0,06442378369462734
378,0	0,12233057368863721
379,0	0,18171908191872949
380,0	0,33273406233344544
381,0	0,16319502757308213
382,0	0,17229140599996284
383,0	0,2042820295438639
384,0	0,12631154594181748
385,0	0,16309629622113697
386,0	0,2008660226799071
387,0	0,2102770025347448
388,0	0,1847723256249198
389,0	0,13723766060007359
390,0	0,15165747378172031
391,0	0,180517477297478
392,0	0,15580799014048954
393,0	0,1749219811052698
394,0	0,11603188245445811
395,0	0,13412133041230945
396,0	0,1962651028717643
397,0	0,10711921802052178
398,0	0,05782937196507591
399,0	0,05179334372172052
400,0	0,05084692780485764
401,0	0,07519538956763679
402,0	0,1470833560624149
403,0	0,05738057076014711
404,0	0,07028480831812381
405,0	0,14514136732906743
406,0	0,22166415747828147
407,0	0,15278204728368333
408,0	0,10585935927038913
409,0	0,08816954251472474
410,0	0,03860086877858451
411,0	0,08124445797300331
412,0	0,04261964688027691
413,0	0,058455855505903924
414,0	0,11388441656578266
415,0	0,05860241355602189
416,0	0,1697124130665297
417,0	0,2368204288609267
418,0	0,14520891461480098
419,0	0,14995236705748383
420,0	0,2005136682814486
421,0	0,17370880910495556
422,0	0,1765473141069345
423,0	0,185682679339411
424,0	0,11023835279164106
425,0	0,290263366091577
426,0	0,34863856112315617
427,0	0,3281997648350288
428,0	0,2951661854123408
429,0	0,27817075134983604
430,0	0,26268069111283127
431,0	0,13770515979068365
432,0	0,03831498370264297
433,0	0,11892847027523659
434,0	0,1358887563147078
435,0	0,22716178958501537
436,0	0,2765263595903579
437,0	0,2974108529494207
438,0	0,19417529870548156
439,0	0,1631598968642438
440,0	0,18224968342331013
441,0	0,17236494151210302
442,0	0,10436158926083952
443,0	0,1923551129163331
444,0	0,21053241849317425
445,0	0,14103448629485715
446,0	0,11524107337497695
447,0	0,3595039289169556
448,0	0,2943249848539463
449,0	0,25699810705818177
450,0	0,19731091808379206
451,0	0,2527450011618137
452,0	0,29134671724594824
453,0	0,21121007663834598
454,0	0,18423045187756862
455,0	0,14436710213863405
456,0	0,20269388499257449
457,0	0,1563804842973045
458,0	0,29539743806613833
459,0	0,17553460921011735
460,0	0,09046753370877349
461,0	0,1467623434990474
462,0	0,02219010820359777
463,0	0,14173377041677276
464,0	0,1763666775910588
465,0	0,11421710074593582
466,0	0,07348029355033141
467,0	0,08179072419652098
468,0	0,03003015804565536
469,0	0,11720199357606705
470,0	0,04668749230389775
471,0	0,044295133500819026
472,0	0,039361497920258476
473,0	0,09080611713605906
474,0	0,056169832676959054
475,0	0,11057409955528383
476,0	0,07305374328159063
477,0	0,07333884982810428
478,0	0,17633394524794352
479,0	0,09418401534953816
480,0	0,0737014267778927
481,0	0,05068466300478555
482,0	0,10157672467445295
483,0	0,1902071675082762
484,0	0,18358428767559606
485,0	0,16901576257870182
486,0	0,12321623490090133
487,0	0,12048353431041164
488,0	0,1154621453826024
489,0	0,20160538850808132
490,0	0,15642181210689401
491,0	0,08618973932987553
492,0	0,1257993712178521
493,0	0,16131476893773128
494,0	0,09075154117146159
495,0	0,12103977309246469
496,0	0,145409406536773
497,0	0,07624343192924148
498,0	0,135478146470064
499,0	0,2846396386289801
500,0	0,2276531978854456
501,0	0,22972050314268805
502,0	0,19502364498718114
503,0	0,08616670982772824
504,0	0,1644675613045088
505,0	0,16609148111281397
506,0	0,14237179964074959
507,0	0,21344174749601588
508,0	0,16608791388008448
509,0	0,18384908806019273
510,0	0,23490854459925178
511,0	0,2208200026094479
512,0	0,2615317085267898
513,0	0,2677470546199848
514,0	0,20605238079491156
515,0	0,1181476175396174
516,0	0,07420671700767084
517,0	0,05642734764044974
518,0	0,16465602758491021
519,0	0,08009314665606061
520,0	0,07596602148339074
521,0	0,06010848950805734
522,0	0,08860812032848904
523,0	0,01808632021957969
524,0	0,0661003747577889
525,0	0,07602265806172241
526,0	0,05721331566298417
527,0	0,13633430124079018
528,0	0,013648145055031037
529,0	0,03096238595223917
530,0	0,08454544203939608
531,0	0,07881344762067788
532,0	0,09734870407683924
533,0	0,0441238403166907
534,0	0,17620299910642567
535,0	0,21105706047999565
536,0	0,1781597514120176
537,0	0,20110370917288253
538,0	0,16462362163952413
539,0	0,19041464604595046
540,0	0,3003128258167056
541,0	0,2689242260867604
542,0	0,22560711065126865
543,0	0,14536332665564855
544,0	0,12747732008976975
545,0	0,07402248143356537
546,0	0,06978888562706595
547,0	0,16831511186312195
548,0	0,1342115697131934
549,0	0,29835807497414707
550,0	0,19953061216236978
551,0	0,12030876607254312
552,0	0,1428826060529615
553,0	0,04903147795215822
554,0	0,05963270457045036
555,0	0,06700428110221583
556,0	0,07878863379932638
557,0	0,1161298018832916
558,0	0,1982085807271013
559,0	0,28583135750793903
560,0	0,27326993730403676
561,0	0,2488391212713475
562,0	0,2062893138300819
563,0	0,20774549569648557
564,0	0,24006101619445477
565,0	0,18090315338228175
566,0	0,1634758742228511
567,0	0,24054891018099225
568,0	0,19789528715708857
569,0	0,2623124290865054
570,0	0,15325031678610612
571,0	0,10460311018696257
572,0	0,1023738283108339
573,0	0,15531193843525262
574,0	0,1402875631043347
575,0	0,11009734404149393
576,0	0,18183823759460854
577,0	0,14405606021552986
578,0	0,1752199258467409
579,0	0,18667625293879553
580,0	0,15900584045037158
581,0	0,11781988324149449
582,0	0,15203394422743374
583,0	0,20412515917768762
584,0	0,2961290633841226
585,0	0,1866765723409201
586,0	0,22601798679872848
587,0	0,13362516013024311
588,0	0,03474288290299658
589,0	0,058312939045898675
590,0	0,016782038574004864
591,0	0,07928691438116447
592,0	0,13596572844189742
593,0	0,1295896780041919
594,0	0,1629630673937096
595,0	0,21584019745874575
596,0	0,3483919486772552
597,0	0,30112479762157984
598,0	0,22185056244700088
599,0	0,1290350003095719
600,0	0,06939117062819682
601,0	0,1727186275226765
602,0	0,1587300434106685
603,0	0,14945311779597736
604,0	0,19466464174348616
605,0	0,17832057669315032
606,0	0,22474932329355665
607,0	0,288576586243973
608,0	0,20335099236172377
609,0	0,21278690482511536
610,0	0,23092839514067476
611,0	0,25549518926832565
612,0	0,2612440821642129
613,0	0,19378651582987907
614,0	0,0519129470462691
615,0	0,11248557372068883
616,0	0,1077292124317919
617,0	0,1121367635650747
618,0	0,09672926583733815
619,0	0,1451211738885102
620,0	0,24209184300517722
621,0	0,14978192913992106
622,0	0,20049145271862726
623,0	0,12684353313579558
624,0	0,13248078299921875
625,0	0,08326753690194694
626,0	0,05867896883562708
627,0	0,1400969505589461
628,0	0,2131359930497068
629,0	0,10133388959127264
630,0	0,1475920910839044
631,0	0,14833150926953195
632,0	0,056317712454736456
633,0	0,13894661663407334
634,0	0,15396132684491404
635,0	0,2153917549414849
636,0	0,1723610365006217
637,0	0,19724066327358672
638,0	0,2172410709556328
639,0	0,22733338769059216
640,0	0,20460390544434273
641,0	0,25726704452599963
642,0	0,2169070638489782
643,0	0,228848776277918
644,0	0,21157866713612322
645,0	0,17025823180899124
646,0	0,14533657129522617
647,0	0,16468205879155492
648,0	0,20665837221167188
649,0	0,13994740780019957
650,0	0,06708664947612845
651,0	0,1622389736382181
652,0	0,2215915354940641
653,0	0,22470147970574084
654,0	0,3155605418207836
655,0	0,24794972147518216
656,0	0,10335801514777242
657,0	0,10781000308735152
658,0	0,10670876693558674
659,0	0,14897332324568902
660,0	0,12945342536703178
661,0	0,15840570095335307
662,0	0,22032811579221687
663,0	0,14964829431536344
664,0	0,18358796072108954
665,0	0,17299915649604342
666,0	0,12309168459302458
667,0	0,20029149477364286
668,0	0,13781382274986403
669,0	0,09925398029414786
670,0	0,060886551854848675
671,0	0,15736135828948575
672,0	0,09890895631910863
673,0	0,199118204976111
674,0	0,27783112929551196
675,0	0,34483253682190984
676,0	0,38739346229078103
677,0	0,3256388675303446
678,0	0,1839137425047819
679,0	0,16582038130445476
680,0	0,23385325732152934
681,0	0,34499271961952943
682,0	0,24392272349133773
683,0	0,16071634296044215
684,0	0,1418383693962658
685,0	0,21963685231743763
686,0	0,28073549780900925
687,0	0,24437243478819196
688,0	0,16961959342056288
689,0	0,1976645965327293
690,0	0,15803829196471644
691,0	0,10815479210915785
692,0	0,09295166198221773
693,0	0,06738814507142614
694,0	0,06217228631745166
695,0	0,09821822553009318
696,0	0,04744443427524833
697,0	0,11747052841671206
698,0	0,0522085864455594
699,0	0,025531137027799806
700,0	0,10600434620912039
701,0	0,16505061666757567
702,0	0,21987817068360585
703,0	0,228416410813583
704,0	0,28792145215218484
705,0	0,40006815624913383
706,0	0,3968520479875411
707,0	0,3210604989343875
708,0	0,40182769620616604
709,0	0,4326222924965654
710,0	0,38053510137462687
711,0	0,3907770093552065
712,0	0,35296011088081286
713,0	0,38395468676899036
714,0	0,37592005037362214
715,0	0,3013754029878628
716,0	0,2933970254759457
717,0	0,29071086344872865
718,0	0,21208017803235996
719,0	0,1770023939233352
720,0	0,1570490683469293
721,0	0,28876478435032343
722,0	0,18976698466284422
723,0	0,0880109320412937
724,0	0,12646645128185915
725,0	0,16931134938637887
726,0	0,12722498404665303
727,0	0,10978260776077474
728,0	0,1527261234269871
729,0	0,12220549241150074
730,0	0,1447146055354107
731,0	0,12296925585307465
732,0	0,08507486098996114
733,0	0,1945772093416274
734,0	0,11008050071263509
735,0	0,10814650802820958
736,0	0,09562080856610819
737,0	0,09303050487159349
738,0	0,08002343226056334
739,0	0,1388197957239144
740,0	0,11403191515377352
741,0	0,23144639265139264
742,0	0,32294823623591096
743,0	0,20388286712996637
744,0	0,2773725320089834
745,0	0,22139164100286243
746,0	0,2970217250979876
747,0	0,2846818130153531
748,0	0,3273802139654345
749,0	0,26105174198903
750,0	0,24639913169183245
751,0	0,24441951540419268
752,0	0,1633044889730284
753,0	0,11716741960406221
754,0	0,12324317119093813
755,0	0,1699247263261757
756,0	0,1476000815963288
757,0	0,2056374010029653
758,0	0,2964127368046546
759,0	0,27040565652277254
760,0	0,2617683353885135
761,0	0,18660442091897622
762,0	0,25107541279136125
763,0	0,3239702317776155
764,0	0,33647406598297913
765,0	0,2954390744075604
766,0	0,3214344023202613
767,0	0,3698654216580277
768,0	0,31009485973382117
769,0	0,30771838066067814
770,0	0,17615716501023368
771,0	0,22489899218462922
772,0	0,15696699290855837
773,0	0,19142937504161858
774,0	0,1386581860424638
775,0	0,10744184311484627
776,0	0,12045094085321167
777,0	0,1975580575751839
778,0	0,0767306269647934
779,0	0,11269886372985354
780,0	0,04726123682609428
781,0	0,03496559665496855
782,0	0,14537338558605428
783,0	0,16009041603936947
784,0	0,1818446453684374
785,0	0,12258250981755385
786,0	0,07910317832192626
787,0	0,033015967521136946
788,0	0,056374113689411254
789,0	0,1041089500186006
790,0	0,19795988331514608
791,0	0,1320400048513344
792,0	0,13518918007761752
793,0	0,26087732385710866
794,0	0,2720664596670517
795,0	0,1851756428693618
796,0	0,1062707552810749
797,0	0,12778904214097336
798,0	0,18455195084477335
799,0	0,14641857664969402
800,0	0,08102405009139743
801,0	0,08905822769122043
802,0	0,0507680130699594
803,0	0,053805736735974004
804,0	0,09318435535689386
805,0	0,05622015359006724
806,0	0,09741271306549788
807,0	0,14584210128977187
808,0	0,04880774903921473
809,0	0,10525950758394731
810,0	0,08070961713016643
811,0	0,09608791166643658
812,0	0,059660839287343254
813,0	0,1427415321603808
814,0	0,20288709986868084
815,0	0,19272140801808318
816,0	0,2122552196683775
817,0	0,07282929071920188
818,0	0,08901702401192
819,0	0,09517402590640701
820,0	0,010510603295906881
821,0	0,021911592905867566
822,0	0,11500798147913495
823,0	0,09023556665440145
824,0	0,07144846407485587
825,0	0,03233776612775314
826,0	0,07617825160224483
827,0	0,1380005408027265
828,0	0,16082136227242805
829,0	0,16197554950552917
830,0	0,12910947381140003
831,0	0,08993256302269872
832,0	0,12515385767501988
833,0	0,09831842012870835
834,0	0,10281748403136214
835,0	0,16878072935454488
836,0	0,15870958235955454
837,0	0,1323659307292248
838,0	0,21010377153648616
839,0	0,2513440960430046
840,0	0,22335494323390112
841,0	0,23691214882157394
842,0	0,1829061513862481
843,0	0,20689933511499403
844,0	0,2573801408317936
845,0	0,2073484247234433
846,0	0,2678525066231925
847,0	0,25636222295311634
848,0	0,0772677944980226
849,0	0,11916477170851708
850,0	0,15502862310148108
851,0	0,10885990068993
852,0	0,06709150304736514
853,0	0,06982633918000328
854,0	0,044960945173877415
855,0	0,06424741302439509
856,0	0,18506351741430016
857,0	0,13387961344333435
858,0	0,15957170491197778
859,0	0,06812080465753732
860,0	0,0060696862304358825
861,0	0,13094090844802023
862,0	0,059651034459596186
863,0	0,12064263584423089
864,0	0,11534196808452112
865,0	0,13444072680070995
866,0	0,09198753875523819
867,0	0,10512758105804786
868,0	0,14366804323972562
869,0	0,15364130004562274
870,0	0,09779924510507754
871,0	0,10413471426565833
872,0	0,14564972823154065
873,0	0,0858957758937615
874,0	0,16839738983161429
875,0	0,15378553423169322
876,0	0,20226911006274423
877,0	0,18416695275167577
878,0	0,17086376977377565
879,0	0,1773724677804626
880,0	0,09222871734828099
881,0	0,02266183675067526
882,0	0,06435373408102121
883,0	0,054988608133106714
884,0	0,015906377320015
885,0	0,09542724862063609
886,0	0,10098905312961094
887,0	0,07354455859444106
888,0	0,030468964884695773
889,0	0,08111553499030805
890,0	0,104650866512409
891,0	0,06179599469051072
892,0	0,08805941847729103
893,0	0,054119522071942636
894,0	0,052793391104992246
895,0	0,07621692858847554
896,0	0,1492099346967878
897,0	0,18717403374185962
898,0	0,11180915691280996
899,0	0,14863316515550512
900,0	0,1805196345004816
901,0	0,23670957995585395
902,0	0,3005911962492272
903,0	0,26664775036728205
904,0	0,2921006582451292
905,0	0,16279357983523646
906,0	0,1997314326009497
907,0	0,09320685569432625
908,0	0,14805172020181903
909,0	0,106062636289423
910,0	0,08068351229158016
911,0	0,04485614250348843
912,0	0,1478143241324383
913,0	0,09679917970941992
914,0	0,17585506143710677
915,0	0,24858607659681833
916,0	0,2544053836460733
917,0	0,288554207768563
918,0	0,32622361250506043
919,0	0,27098247789067004
920,0	0,21324236346861422
921,0	0,2568181771435709
922,0	0,2870754319505896
923,0	0,2948921675866705
924,0	0,26860663621996583
925,0	0,2188375536445249
926,0	0,19437708056095918
927,0	0,23268075775370764
928,0	0,16880128997824104
929,0	0,26196581590724055
930,0	0,2992366566979228
931,0	0,15725321100597447
932,0	0,20455294045974878
933,0	0,22635634701480076
934,0	0,22961172794825133
935,0	0,21586082100562407
936,0	0,2147786951246996
937,0	0,27716312018872485
938,0	0,1818191598860542
939,0	0,07375203358771845
940,0	0,12169531338057049
941,0	0,12965034999133415
942,0	0,2083602275036295
943,0	0,2801522376637354
944,0	0,3977336401528645
945,0	0,382393743261526
946,0	0,4203774477122744
947,0	0,393734228663447
948,0	0,35066794568415627
949,0	0,35227903368002006
950,0	0,32777624339246
951,0	0,28110461482122295
952,0	0,1533117557579504
953,0	0,180323332427285
954,0	0,12076091704115048
955,0	0,2524949763830352
956,0	0,19205074863205077
957,0	0,23842750765545068
958,0	0,17523075284750247
959,0	0,17635262909323401
960,0	0,2152627214136144
961,0	0,18026746264654794
962,0	0,09695235025163952
963,0	0,09555227999870203
964,0	0,10415944199578085
965,0	0,13410970158770627
966,0	0,25264841707513125
967,0	0,20298903167737467
968,0	0,24690066502933164
969,0	0,20097704456366325
970,0	0,26202143456901167
971,0	0,3056875106306015
972,0	0,24038039280307352
973,0	0,24089526675755268
974,0	0,2468283415028417
975,0	0,21306198474162563
976,0	0,08184185637655626
977,0	0,08496885566263661
978,0	0,05408458106941722
979,0	0,101557804539781
980,0	0,1328793700394512
981,0	0,19000924758290075
982,0	0,22918773724548672
983,0	0,32024148985189566
984,0	0,32897515238649994
985,0	0,2332748681180628
986,0	0,20444460191448305
987,0	0,12318690160613732
988,0	0,11513518056796286
989,0	0,11220179585410536
990,0	0,14881456837613824
991,0	0,17579306475747178
992,0	0,13474358222027127
993,0	0,12264031359208931
994,0	0,17064354755251532
995,0	0,1919242172086809
996,0	0,15600585149376966
997,0	0,1834137895672108
998,0	0,26382861442004274
999,0	0,3093796109808487
1000,0	0,2266105924469166
1001,0	0,07804910899493339
1002,0	0,056814806722899056
1003,0	0,07160275453384507
1004,0	0,06777932197349111
1005,0	0,17234065519478362
1006,0	0,15777541675780407
1007,0	0,12577417877279312
1008,0	0,06988280868648242
1009,0	0,03182199379632231
1010,0	0,11532145097444799
1011,0	0,10068328722093865
1012,0	0,1190133300769689
1013,0	0,09199269269956399
1014,0	0,054106636889309924
1015,0	0,09481420850350067
1016,0	0,17095542157858257
1017,0	0,14835789744220843
1018,0	0,09874997325850048
1019,0	0,12593417657974668
1020,0	0,1622855182653799
1021,0	0,14946578003237052
1022,0	0,22672482838779115
1023,0	0,24219919957430397
1024,0	0,24742664756127708
1025,0	0,21801794054384224
1026,0	0,2674813694788227
1027,0	0,24153147906956615
1028,0	0,25115528547171256
1029,0	0,07792542709160313
1030,0	0,1773222068837262
1031,0	0,16629332255896564
1032,0	0,10154927547886025
1033,0	0,08487777924316839
1034,0	0,07608517131635553
1035,0	0,06591245094538584
1036,0	0,15280754528365434
1037,0	0,18752880744968323
1038,0	0,19047632007258622
1039,0	0,2904091176626617
1040,0	0,23363863087366915
1041,0	0,13433206030805686
1042,0	0,22065463519517445
1043,0	0,14494751340241047
1044,0	0,1958544135351941
1045,0	0,17210037060895952
1046,0	0,1558473979024052
1047,0	0,24103690244100043
1048,0	0,15496407245538893
1049,0	0,11703141428312258
1050,0	0,1460003371134747
1051,0	0,15819092471473528
1052,0	0,1349634057887081
1053,0	0,21835856221002448
1054,0	0,07558873928052881
1055,0	0,15960790473877837
1056,0	0,1607001290986365
1057,0	0,12098306908472595
1058,0	0,11612079038639299
1059,0	0,0909304380643022
1060,0	0,0914127134146266
1061,0	0,011380419616148411
1062,0	0,08159416647880853
1063,0	0,20418454609185252
1064,0	0,1388868177130325
1065,0	0,15990975984525416
1066,0	0,2597930499147869
1067,0	0,4356734485746976
1068,0	0,30066582878200304
1069,0	0,1648844962629467
1070,0	0,11294118506584884
1071,0	0,1379676285594135
1072,0	0,36418977915423284
1073,0	0,24342302156408288
1074,0	0,22430073903876038
1075,0	0,18633095243436903
1076,0	0,11350281029149435
1077,0	0,09881530518090553
1078,0	0,14183848438806787
1079,0	0,08500171699322959
1080,0	0,15018296202971654
1081,0	0,10375912049651843
1082,0	0,0942012163239844
1083,0	0,09149407228541223
1084,0	0,07694458426813706
1085,0	0,13856650186500585
1086,0	0,13311568297945178
1087,0	0,11065308900047513
1088,0	0,1435791097163439
1089,0	0,13301184149304562
1090,0	0,1476762019281697
1091,0	0,20726430384783906
1092,0	0,1277218900954648
1093,0	0,07192066567263411
1094,0	0,1493675020246771
1095,0	0,1504479233633146
1096,0	0,20948639858032905
1097,0	0,23728550821187636
1098,0	0,1901525790537284
1099,0	0,2316483064948
1100,0	0,24934657095806143
1101,0	0,1530348057684834
1102,0	0,1335748485914316
1103,0	0,15108950235679844
1104,0	0,12292514564500166
1105,0	0,14648957180740543
1106,0	0,07868305567432594
1107,0	0,12224962181091789
1108,0	0,1913225959402677
1109,0	0,17739101504458923
1110,0	0,20967638500567123
1111,0	0,16013596738725408
1112,0	0,09464148354024172
1113,0	0,12825542458560557
1114,0	0,16971865405138872
1115,0	0,23385807613505002
1116,0	0,19665074231072832
1117,0	0,149691606088489
1118,0	0,2327278816782772
1119,0	0,20002579447062305
1120,0	0,2407734166175116
1121,0	0,2389009030782904
1122,0	0,2513338132596204
1123,0	0,2069723834675313
1124,0	0,14238142309357135
1125,0	0,21545347283851557
1126,0	0,19898875328936594
1127,0	0,14915534303918515
1128,0	0,29606563029139815
1129,0	0,2540393992270514
1130,0	0,2264790883587639
1131,0	0,2970705828725615
1132,0	0,23336426507697716
1133,0	0,3207822757084398
1134,0	0,3326730794116544
1135,0	0,325420304403822
1136,0	0,2761900195573671
1137,0	0,26521064886497464
1138,0	0,2719684424605101
1139,0	0,16076456708583134
1140,0	0,11443740411223485
1141,0	0,07561109796508014
1142,0	0,11809494687474319
1143,0	0,13654261943002838
1144,0	0,12339346503049407
1145,0	0,16852488560037882
1146,0	0,12808769999501476
1147,0	0,10430981544150662
1148,0	0,1779191451419583
1149,0	0,1281061601824707
1150,0	0,08796646920605408
1151,0	0,04263469575596745
1152,0	0,07589581579295909
1153,0	0,16148726420360415
1154,0	0,18168905544318897
1155,0	0,20498815913071736
1156,0	0,14819426360180554
1157,0	0,049900306219065965
1158,0	0,0729115274183137
1159,0	0,11636925840060401
1160,0	0,08428054698236012
1161,0	0,13746893226162363
1162,0	0,12422814668140278
1163,0	0,07292902917526874
1164,0	0,11050218077913394
1165,0	0,17005491136159084
1166,0	0,17855140581746226
1167,0	0,2041062029857677
1168,0	0,2418289375295141
1169,0	0,2144817624415192
1170,0	0,30988069078288355
1171,0	0,28856371576850465
1172,0	0,2351645024936798
1173,0	0,21183478727211702
1174,0	0,1882938468108032
1175,0	0,11335694337673953
1176,0	0,1267839190797889
1177,0	0,16286797733690703
1178,0	0,19913616613735605
1179,0	0,12499986620698571
1180,0	0,11480722165631123
1181,0	0,17832392038313222
1182,0	0,16071766625288456
1183,0	0,2035149188115016
1184,0	0,15883487254281953
1185,0	0,13448799883200202
1186,0	0,021169399713199626
1187,0	0,159712583125419
1188,0	0,18432923816803867
1189,0	0,15970136141046032
1190,0	0,23543999802593948
1191,0	0,24082343534287012
1192,0	0,1454059999051924
1193,0	0,11062982458663309
1194,0	0,05508398583009578
1195,0	0,07170761932989671
1196,0	0,08024601738130421
1197,0	0,07773132861700381
1198,0	0,10404592137315129
1199,0	0,1459018957601857
1200,0	0,20138444050030346
1201,0	0,23961816442421377
1202,0	0,37215022295604433
1203,0	0,32764711216826325
1204,0	0,27868686014990585
1205,0	0,27621830137757136
1206,0	0,3911464489723993
1207,0	0,34170727556367647
1208,0	0,2160052921310471
1209,0	0,22589909513862416
1210,0	0,2911836247379644
1211,0	0,26722072511268496
1212,0	0,28019296489275425
1213,0	0,1978623732694211
1214,0	0,3056009224911606
1215,0	0,2773090782667303
1216,0	0,2583362576204685
1217,0	0,14691708605651962
1218,0	0,05645324275979462
1219,0	0,050872992909731705
1220,0	0,03199712925068952
1221,0	0,041850388878809895
1222,0	0,05441258236793387
1223,0	0,07079179766356018
1224,0	0,043468635477954695
1225,0	0,10435732094797188
1226,0	0,22107325138236772
1227,0	0,24418600599216717
1228,0	0,19052339987667283
1229,0	0,07181389724846286
1230,0	0,04362230377437364
1231,0	0,06914027368585036
1232,0	0,14502140247507314
1233,0	0,17964884480875593
1234,0	0,13271120012111182
1235,0	0,13116762477596705
1236,0	0,1482396620782271
1237,0	0,10810180843307707
1238,0	0,093052005378689
1239,0	0,07128813890500356
1240,0	0,11224890221611285
1241,0	0,08633917524284455
1242,0	0,054643921157652146
1243,0	0,08533970957127358
1244,0	0,14736998475717997
1245,0	0,0657711744096143
1246,0	0,0806110550609003
1247,0	0,09806133598055404
1248,0	0,06763089727875332
1249,0	0,10206284719523907
1250,0	0,1340571302964495
1251,0	0,16345543596124607
1252,0	0,15862397035326598
1253,0	0,17811590913622605
1254,0	0,17168155780485714
1255,0	0,19318312131651894
1256,0	0,11450615386895577
1257,0	0,2737739162633309
1258,0	0,2813870639978146
1259,0	0,31625279698060005
1260,0	0,2995112567257476
1261,0	0,38466014705756435
1262,0	0,3686619240582998
1263,0	0,2642061633127036
1264,0	0,21739580645906517
1265,0	0,2065759343883469
1266,0	0,18175328548984454
1267,0	0,23534762110455887
1268,0	0,15352824776217133
1269,0	0,0898356202856519
1270,0	0,14758116081668024
1271,0	0,1735416813828293
1272,0	0,1548422957505863
1273,0	0,22852429593092755
1274,0	0,22429834310233582
1275,0	0,19236828426324054
1276,0	0,25231268585670247
1277,0	0,2716657667395175
1278,0	0,2595968780140701
1279,0	0,2688051414871338
1280,0	0,2803771371084018
1281,0	0,22916100123102665
1282,0	0,20265310089621377
1283,0	0,2542080323604538
1284,0	0,18890803736753362
1285,0	0,16216409787386293
1286,0	0,2524357744987224
1287,0	0,3102327804665152
1288,0	0,21302328258445458
1289,0	0,09168195005158834
1290,0	0,11443615614019644
1291,0	0,12020786435805549
1292,0	0,07974070317739304
1293,0	0,11394607555092934
1294,0	0,09643465951334726
1295,0	0,07650891860370117
1296,0	0,18343849393737957
1297,0	0,18574848279515507
1298,0	0,2605316575846876
1299,0	0,32755773580595876
1300,0	0,31774051561749833
1301,0	0,3231202144861656
1302,0	0,26999811880873054
1303,0	0,20736460882644545
1304,0	0,1965964319816291
1305,0	0,20422670145771896
1306,0	0,06830109760181119
1307,0	0,21830017348202377
1308,0	0,2458669009514706
1309,0	0,23913338461445138
1310,0	0,12150139629840062
1311,0	0,0794874528067424
1312,0	0,15109026659235544
1313,0	0,18403773446852992
1314,0	0,2512176438628542
1315,0	0,2190929938710863
1316,0	0,2561361539383002
1317,0	0,1928207697669944
1318,0	0,22001997035596052
1319,0	0,13303554608488327
1320,0	0,1388268436023799
1321,0	0,21454607877624307
1322,0	0,19792333893419733
1323,0	0,1520537670445349
1324,0	0,1820292201716047
1325,0	0,09638219584210353
1326,0	0,11833024132730917
1327,0	0,09030851216167977
1328,0	0,015676694732130517
1329,0	0,1108072431765133
1330,0	0,16749961303838087
1331,0	0,18318313410252285
1332,0	0,07430271805741921
1333,0	0,10320811792822801
1334,0	0,15491083187477733
1335,0	0,09903962881285426
1336,0	0,13135661551494
1337,0	0,12325196294259319
1338,0	0,03702139934523073
1339,0	0,09123252418005973
1340,0	0,1424100448762137
1341,0	0,24472114618788418
1342,0	0,17018909831473414
1343,0	0,23236025953834316
1344,0	0,1413738273690721
1345,0	0,07306995845979782
1346,0	0,10908224913307332
1347,0	0,03953632107222818
1348,0	0,09843000376981176
1349,0	0,04881441667547451
1350,0	0,11655511895740198
1351,0	0,21533022414378036
1352,0	0,21030996039744415
1353,0	0,22097264318805834
1354,0	0,20643857707042026
1355,0	0,169599537378413
1356,0	0,22401531312282774
1357,0	0,20120069399605311
1358,0	0,2461472352206471
1359,0	0,22057020481787992
1360,0	0,20738949091882455
1361,0	0,1686060716834046
1362,0	0,08077325405780159
1363,0	0,0341476020670122
1364,0	0,08475289017809248
1365,0	0,01209910992107562
1366,0	0,04288431168321314
1367,0	0,1313650376178689
1368,0	0,04851707023449319
1369,0	0,07649342821200013
1370,0	0,04397608424949438
1371,0	0,019109861028830475
1372,0	0,019525103358897844
1373,0	0,0446305003560149
1374,0	0,13997468774827862
1375,0	0,04953324154371432
1376,0	0,1602224272173827
1377,0	0,10776967373604475
1378,0	0,09822087374506049
1379,0	0,14423903184871184
1380,0	0,19084433090753258
1381,0	0,12967439787053817
1382,0	0,1367517386765269
1383,0	0,10844010052449905
1384,0	0,05388802023282502
1385,0	0,05423537831718044
1386,0	0,1170043144326023
1387,0	0,13518777148442102
1388,0	0,1672092534256221
1389,0	0,15046651840696318
1390,0	0,20115867388067152
1391,0	0,053140269877199935
1392,0	0,04168637760908174
1393,0	0,15065134880122477
1394,0	0,19953550527616792
1395,0	0,159636813812315
1396,0	0,18610905358816993
1397,0	0,23454217460857413
1398,0	0,17771414165365954
1399,0	0,13841273759721112
1400,0	0,1897667392816064
1401,0	0,16493976105599126
1402,0	0,20169498898246413
1403,0	0,17353403799445
1404,0	0,15930890770328335
1405,0	0,18824203952945687
1406,0	0,11456089973847974
1407,0	0,14997424637933615
1408,0	0,14522314397164005
1409,0	0,06466060725185446
1410,0	0,07683628876612257
1411,0	0,08826537980669613
1412,0	0,09014684621520692
1413,0	0,1008093459071846
1414,0	0,19785527091586935
1415,0	0,1230818237136067
1416,0	0,2044577726782562
1417,0	0,2748387876141996
1418,0	0,21280093308984627
1419,0	0,20729533345930182
1420,0	0,22949409190043527
1421,0	0,19716181438639005
1422,0	0,2890363269741236
1423,0	0,2546145558806128
1424,0	0,07282988069284356
1425,0	0,031884114246245945
1426,0	0,10573006386104906
1427,0	0,14728250320382613
1428,0	0,16877710672692536
1429,0	0,07140873136441425
1430,0	0,14966908322080955
1431,0	0,17291927261739398
1432,0	0,2154054352966868
1433,0	0,15379789071411257
1434,0	0,13895706624161214
1435,0	0,13956906028130064
1436,0	0,1965837904000591
1437,0	0,17001294796639013
1438,0	0,19401690166548738
1439,0	0,25486686060814934
1440,0	0,22383918819038315
1441,0	0,33069477558564286
1442,0	0,28923629144361657
1443,0	0,32808960123804365
1444,0	0,3265952274850447
1445,0	0,326441533489691
1446,0	0,21077483761986215
1447,0	0,1818494717923501
1448,0	0,1439811239770945
1449,0	0,11544472922054541
1450,0	0,06936442611303097
1451,0	0,12549446370796533
1452,0	0,04135698098669114
1453,0	0,06512591309564969
1454,0	0,06801290715311585
1455,0	0,1561987917068504
1456,0	0,14775006198480764
1457,0	0,006293545591819271
1458,0	0,09512385279881864
1459,0	0,22024211142053307
1460,0	0,16066971645593547
1461,0	0,17175276256628788
1462,0	0,16314518769498862
1463,0	0,19074666073208688
1464,0	0,10347923404986784
1465,0	0,062409032234213464
1466,0	0,1399674063656261
1467,0	0,15838398812542917
1468,0	0,1834781840728458
1469,0	0,014088876952489142
1470,0	0,10156896074008084
1471,0	0,14384381425375328
1472,0	0,09736977772934126
1473,0	0,0825331784668081
1474,0	0,02697196765584316
1475,0	0,11495383836996324
1476,0	0,10448346399431116
1477,0	0,04143845182937051
1478,0	0,13013200633831296
1479,0	0,17631317401812757
1480,0	0,1900161038389115
1481,0	0,19791235510269875
1482,0	0,12241462241915262
1483,0	0,10571401080559231
1484,0	0,09458550853153429
1485,0	0,05479393189875482
1486,0	0,06124802558507161
1487,0	0,16295679385040074
1488,0	0,12595792443728215
1489,0	0,10802582418495944
1490,0	0,10141474790544026
1491,0	0,14377879671826807
1492,0	0,03261947029662968
1493,0	0,04800367914385027
1494,0	0,1171932567120085
1495,0	0,0677171152828811
1496,0	0,10282674639585566
1497,0	0,198566715271089
1498,0	0,20896778432518373
1499,0	0,18247799425721992
1500,0	0,16080833814853845
1501,0	0,23716211222053446
1502,0	0,21785335654284987
1503,0	0,17732873194369597
1504,0	0,19292669866734447
1505,0	0,16805449261719588
1506,0	0,10413882284533976
1507,0	0,08026567750199451
1508,0	0,1138580366773106
1509,0	0,02871464043577124
1510,0	0,04041892924640549
1511,0	0,10791724560569958
1512,0	0,12272755003364301
1513,0	0,28351725575208175
1514,0	0,27882425986870424
1515,0	0,18915805059807447
1516,0	0,1355464781412118
1517,0	0,1335468820631708
1518,0	0,16803188622848705
1519,0	0,17057729373768485
1520,0	0,16004982155866762
1521,0	0,08919655266405656
1522,0	0,12053323561981252
1523,0	0,13618516752022983
1524,0	0,20522679849204561
1525,0	0,3315395836082656
1526,0	0,19731316214487427
1527,0	0,22695556348233356
1528,0	0,2682227367651446
1529,0	0,3145400452013464
1530,0	0,25850124066412955
1531,0	0,3062338431038914
1532,0	0,2323318221054956
1533,0	0,19012035348862585
1534,0	0,18943778315234247
1535,0	0,20149225204904822
1536,0	0,23615378880543395
1537,0	0,2313976529002419
1538,0	0,18865773182352766
1539,0	0,17785384914267147
1540,0	0,10447010580593893
1541,0	0,06574774249976394
1542,0	0,07520813732088628
1543,0	0,06485156793878878
1544,0	0,08881624496732982
1545,0	0,05556516349081583
1546,0	0,1323087404629841
1547,0	0,0394778347633284
1548,0	0,13638363307234705
1549,0	0,09226786811741765
1550,0	0,09608739788701176
1551,0	0,11211142616368709
1552,0	0,17362696126687432
1553,0	0,12818301239238947
1554,0	0,04528968586310375
1555,0	0,0927653275649889
1556,0	0,17501562524496322
1557,0	0,1646766779533565
1558,0	0,24899988489969896
1559,0	0,26326846105739005
1560,0	0,26146617344908823
1561,0	0,2192805682734392
1562,0	0,24281071319694678
1563,0	0,18919020804154554
1564,0	0,24678153718260765
1565,0	0,24040994258319745
1566,0	0,21858635630447784
1567,0	0,2562294647008393
1568,0	0,1889669708619757
1569,0	0,11524637239835271
1570,0	0,22130853918734092
1571,0	0,27443139632207303
1572,0	0,26017061794071744
1573,0	0,20597558411688474
1574,0	0,23355631433639967
1575,0	0,2613966315423089
1576,0	0,1568224074598587
1577,0	0,07634675208785381
1578,0	0,09278808825510136
1579,0	0,16546887909643868
1580,0	0,18989787193512592
1581,0	0,27298093817371544
1582,0	0,17850245836830583
1583,0	0,03460184318092858
1584,0	0,04586974412134816
1585,0	0,18346376598131378
1586,0	0,16786025222883508
1587,0	0,14390945047173218
1588,0	0,19362507792651484
1589,0	0,08496703779977882
1590,0	0,08862262114608284
1591,0	0,19691195330348737
1592,0	0,2677793241102213
1593,0	0,3580041985649978
1594,0	0,28617414802712954
1595,0	0,32273019907870976
1596,0	0,4458237996319711
1597,0	0,45384147447637474
1598,0	0,38191082659076536
1599,0	0,34811086325771273
1600,0	0,33507608909959324
1601,0	0,26231686476889726
1602,0	0,302745461047299
1603,0	0,3277543079404769
1604,0	0,42893056413372843
1605,0	0,2901277545485815
1606,0	0,22451000467588036
1607,0	0,22945827425893256
1608,0	0,1673532380634011
1609,0	0,0931268598534979
1610,0	0,04916597993255216
1611,0	0,04630171002387166
1612,0	0,05094993611125194
1613,0	0,016981888673046935
1614,0	0,022870532842284054
1615,0	0,13705614807065578
1616,0	0,05457753477050854
1617,0	0,0890928887082154
1618,0	0,14018552612825486
1619,0	0,11601879122148126
1620,0	0,06978774787486636
1621,0	0,12239855538726382
1622,0	0,135567567411129
1623,0	0,08735125115653286
1624,0	0,1305243519118792
1625,0	0,14878443908704922
1626,0	0,1399683573394683
1627,0	0,12170188797916327
1628,0	0,2279203022291622
1629,0	0,2615051290822151
1630,0	0,2659006976568301
1631,0	0,31144895533551675
1632,0	0,25166203711683105
1633,0	0,16077801689126092
1634,0	0,13190060826661362
1635,0	0,174933673125329
1636,0	0,26661160448017535
1637,0	0,10993964964209106
1638,0	0,1409539821390525
1639,0	0,16644651762935073
1640,0	0,055506012380468955
1641,0	0,11220431133030336
1642,0	0,12236654766675895
1643,0	0,1688977670577992
1644,0	0,1740119440676021
1645,0	0,12823688717039963
1646,0	0,2374940479830895
1647,0	0,26772614405602796
1648,0	0,27036847422961335
1649,0	0,32221026720687157
1650,0	0,3056697595307459
1651,0	0,24998663201407306
1652,0	0,2798692591695751
1653,0	0,2970785224374795
1654,0	0,23163307181441178
1655,0	0,31089418056187407
1656,0	0,23521479513273796
1657,0	0,3160728013537699
1658,0	0,20237566220091202
1659,0	0,18251190871515838
1660,0	0,14298755751323103
1661,0	0,14349746666972318
1662,0	0,15209428836268238
1663,0	0,1046036179075656
1664,0	0,13787086711737648
1665,0	0,09205831027351233
1666,0	0,08095828043608239
1667,0	0,10578504087275849
1668,0	0,020691655005254952
1669,0	0,10298559236057316
1670,0	0,1956646425668542
1671,0	0,12921557369812905
1672,0	0,23496296484741977
1673,0	0,15111528627350498
1674,0	0,21330319214537707
1675,0	0,18922040211172705
1676,0	0,05421692704774623
1677,0	0,07253682644521013
1678,0	0,055621017995938146
1679,0	0,03447915435890949
1680,0	0,08022620382453698
1681,0	0,06264898490190157
1682,0	0,09382835081179254
1683,0	0,14019263211537733
1684,0	0,21147581305606414
1685,0	0,22033213812254565
1686,0	0,2135223072607407
1687,0	0,1957319318062213
1688,0	0,18102433407939722
1689,0	0,2165427209561973
1690,0	0,15802813756871106
1691,0	0,15024829034760284
1692,0	0,2210187864539049
1693,0	0,22043527185801082
1694,0	0,1630933450650645
1695,0	0,21072722992665235
1696,0	0,21698338942368559
1697,0	0,20190825678876811
1698,0	0,2529452075785118
1699,0	0,24132684212158614
1700,0	0,26329158869985675
1701,0	0,30981779026110756
1702,0	0,33836499392389463
1703,0	0,3543933163211246
1704,0	0,4224192398598197
1705,0	0,35036758385066624
1706,0	0,3683875019229858
1707,0	0,2720405150812918
1708,0	0,21871915493805602
1709,0	0,0917306660648481
1710,0	0,07306749283746873
1711,0	0,0886827981878642
1712,0	0,07490741012011679
1713,0	0,11043990891174252
1714,0	0,1289636676794627
1715,0	0,08320071895200057
1716,0	0,07418963452865364
1717,0	0,1814117364269989
1718,0	0,16150294395825535
1719,0	0,04422201037241027
1720,0	0,04755561278607669
1721,0	0,16884368443256906
1722,0	0,034186220696411966
1723,0	0,026095454350030904
1724,0	0,09326000904436212
1725,0	0,16180894535695486
1726,0	0,20570524109793795
1727,0	0,18660803741135062
1728,0	0,13266131212294477
1729,0	0,1913790233774681
1730,0	0,09924769948516166
1731,0	0,13890170232517063
1732,0	0,1694650563166823
1733,0	0,2101612763294511
1734,0	0,14356017213611447
1735,0	0,1812436775087768
1736,0	0,1628166737084279
1737,0	0,12430723200537602
1738,0	0,12882291181463848
1739,0	0,08711994640407587
1740,0	0,1904416010905979
1741,0	0,2739938696595782
1742,0	0,22184686338949614
1743,0	0,2060091334328669
1744,0	0,1301434753850406
1745,0	0,03317932659231707
1746,0	0,12647776141113978
1747,0	0,22979131689829796
1748,0	0,2684135289282178
1749,0	0,2523109540993381
1750,0	0,14828394806330356
1751,0	0,1490331474708621
1752,0	0,19817540692221583
1753,0	0,2551477455741931
1754,0	0,27181700344607623
1755,0	0,27883011666965224
1756,0	0,2216429693742167
1757,0	0,26257884124696435
1758,0	0,2197688168184412
1759,0	0,2095738976388766
1760,0	0,20012998708372676
1761,0	0,16459244172181015
1762,0	0,1924758499525641
1763,0	0,2614412068892115
1764,0	0,3436027891481079
1765,0	0,24357190810701768
1766,0	0,1956397532443527
1767,0	0,16400453524219002
1768,0	0,21784139054557414
1769,0	0,21951596224833161
1770,0	0,18838756467647644
1771,0	0,12238409428858006
1772,0	0,09060007178089774
1773,0	0,2148697864071204
1774,0	0,2127341385994761
1775,0	0,17608635563877567
1776,0	0,1231548906280695
1777,0	0,20471979985369845
1778,0	0,23784538417482448
1779,0	0,26574480679535895
1780,0	0,2946575174373131
1781,0	0,2522239071660706
1782,0	0,12480063941629636
1783,0	0,07956741416864152
1784,0	0,1270418276063233
1785,0	0,22768437512677037
1786,0	0,24793907018387887
1787,0	0,18880122901159682
1788,0	0,13334720115930837
1789,0	0,09066088998338133
1790,0	0,17249945217687473
1791,0	0,24844302743350172
1792,0	0,16926150884613034
1793,0	0,21893380878927848
1794,0	0,213207793450537
1795,0	0,2753148819783859
1796,0	0,28036854953393475
1797,0	0,33698018808217983
1798,0	0,3201685885342901
1799,0	0,418743945772893
1800,0	0,3085064549201069
1801,0	0,1705880777641908
1802,0	0,096325094282012
1803,0	0,08244266161302972
1804,0	0,036267104983285336
1805,0	0,11600671728145125
1806,0	0,0685155816457987
1807,0	0,09120937489711375
1808,0	0,07817958204856505
1809,0	0,14127794357892187
1810,0	0,05012465313488544
1811,0	0,06526252118483998
1812,0	0,1359057566548462
1813,0	0,09317481262399323
1814,0	0,1562155476014629
1815,0	0,30504069650251703
1816,0	0,2930862496938673
1817,0	0,26681887374835067
1818,0	0,17793204544588778
1819,0	0,1703701782571831
1820,0	0,06454568922783892
1821,0	0,08761025502482671
1822,0	0,010906454985947923
1823,0	0,02299369897872365
1824,0	0,018893048688225653
1825,0	0,18237125936647697
1826,0	0,22938473822451236
1827,0	0,17866355455929903
1828,0	0,12858541980006147
1829,0	0,12683852313202307
1830,0	0,12835401701105434
1831,0	0,178485819206557
1832,0	0,18614515002971285
1833,0	0,2428964246284075
1834,0	0,30219408664665415
1835,0	0,3006286457056244
1836,0	0,24486806919409038
1837,0	0,25486677274549224
1838,0	0,17969418323166958
1839,0	0,20225695461790905
1840,0	0,17441893300707262
1841,0	0,2206538132785821
1842,0	0,24790770212679697
1843,0	0,1852657623189208
1844,0	0,21262803238989597
1845,0	0,2232372603445007
1846,0	0,10494259408814427
1847,0	0,08351998616182695
1848,0	0,15890026289071738
1849,0	0,15257088450196987
1850,0	0,21233382831683317
1851,0	0,08115532953360999
1852,0	0,12803352174327742
1853,0	0,11789029482793474
1854,0	0,14128494598485045
1855,0	0,1265523844235769
1856,0	0,1488693484400361
1857,0	0,14608966689289923
1858,0	0,15229470809750464
1859,0	0,06922847948592668
1860,0	0,09043502857447613
1861,0	0,08400957735888762
1862,0	0,09241524332748605
1863,0	0,1477414235866716
1864,0	0,1537319814455835
1865,0	0,10902201936261667
1866,0	0,13314378254965972
1867,0	0,1847188691510272
1868,0	0,1647679146015924
1869,0	0,10786469503073075
1870,0	0,12469187568159186
1871,0	0,11165662886498731
1872,0	0,16367899280935824
1873,0	0,16695038164022985
1874,0	0,109711575791213
1875,0	0,21357870395366077
1876,0	0,3229016889441241
1877,0	0,2959046773043387
1878,0	0,24764926290004663
1879,0	0,2055664579830865
1880,0	0,017244374948849093
1881,0	0,10210575966661578
1882,0	0,21440910305652658
1883,0	0,20627239417974277
1884,0	0,1671300741769577
1885,0	0,11150882877729011
1886,0	0,12236062453326402
1887,0	0,12154710123578709
1888,0	0,08993208100482047
1889,0	0,07192489800584065
1890,0	0,1378188872656672
1891,0	0,11445726458759284
1892,0	0,15085586352892522
1893,0	0,17457567696427745
1894,0	0,13831738327004395
1895,0	0,13875337444674998
1896,0	0,03150306646266705
1897,0	0,05154816148656754
1898,0	0,13200780608391643
1899,0	0,1607850264825385
1900,0	0,13067425144479933
1901,0	0,09276859445597467
1902,0	0,21617577674478097
1903,0	0,05786276874753087
1904,0	0,11664006531922537
1905,0	0,24617629971191635
1906,0	0,17447864507290614
1907,0	0,2584123175364601
1908,0	0,25856552211219397
1909,0	0,23567194178744055
1910,0	0,19679889265075362
1911,0	0,15211516051631266
1912,0	0,08443855181834212
1913,0	0,10720112830507306
1914,0	0,12559337491626707
1915,0	0,14480523910717505
1916,0	0,11312974306988491
1917,0	0,02187542282890904
1918,0	0,09883387215750318
1919,0	0,16111877738659128
1920,0	0,11891915015241133
1921,0	0,21878309135090787
1922,0	0,12413359314701998
1923,0	0,1663621014653772
1924,0	0,14768934229364689
1925,0	0,16544534680505604
1926,0	0,2474475194740015
1927,0	0,2792182687272397
1928,0	0,20159991443657063
1929,0	0,2664514376372291
1930,0	0,297183899097316
1931,0	0,28422022225080423
1932,0	0,29543492351361683
1933,0	0,19162649339115495
1934,0	0,13079378498198788
1935,0	0,07102496767693542
1936,0	0,14388746260862648
1937,0	0,21701488525075713
1938,0	0,17017981061966322
1939,0	0,06947136234843236
1940,0	0,001525951679090674
1941,0	0,020963364302276542
1942,0	0,11402616263318195
1943,0	0,18309540741047453
1944,0	0,16652431810235818
1945,0	0,1446526821096232
1946,0	0,16226105482138714
1947,0	0,16285943912945464
1948,0	0,18793182170769088
1949,0	0,07222871536389398
1950,0	0,0964913281029221
1951,0	0,18334101034915443
1952,0	0,22450449090073082
1953,0	0,17181300935691995
1954,0	0,0978496722379908
1955,0	0,08411056900432538
1956,0	0,05803953256662042
1957,0	0,10772284371794122
1958,0	0,14721570078331342
1959,0	0,20809802237538605
1960,0	0,24813280250829892
1961,0	0,1860023776488722
1962,0	0,22098173609829586
1963,0	0,09459202592677504
1964,0	0,08740119085039015
1965,0	0,09686485861729201
1966,0	0,05319521102743319
1967,0	0,10406901836208819
1968,0	0,09663347981651588
1969,0	0,2149002171918331
1970,0	0,12240960499013824
1971,0	0,15391729332903217
1972,0	0,14877233363362155
1973,0	0,16992595729531
1974,0	0,1489367799273395
1975,0	0,22165390116402836
1976,0	0,22779724227347944
1977,0	0,1803707882474008
1978,0	0,15739006009428855
1979,0	0,06353293655164484
1980,0	0,10647530535010867
1981,0	0,05859149330855974
1982,0	0,20191611206870375
1983,0	0,12473857850046052
1984,0	0,05750048272894235
1985,0	0,153161970773516
1986,0	0,09938792819525948
1987,0	0,16579583183271668
1988,0	0,12465616157901642
1989,0	0,1691846359400192
1990,0	0,1504443716920673
1991,0	0,1702809223137453
1992,0	0,016501918012976697
1993,0	0,07004282636296222
1994,0	0,0936649980130813
1995,0	0,14333335157858543
1996,0	0,11177313693855481
1997,0	0,06804622254570994
1998,0	0,08304346372789122
1999,0	0,0606501153467598
2000,0	0,053934672501097174
