N: 100,0	L: 	Density:0,16	Noise: 3,6
Time	 Va	
0,0	0,12636195655239296
1,0	0,08352481054248999
2,0	0,11589037291646405
3,0	0,02479694334635835
4,0	0,048340681708082985
5,0	0,06771180891977917
6,0	0,05489812609512242
7,0	0,099155268658313
8,0	0,08706796763613811
9,0	0,09318635443286186
10,0	0,0678475573243169
11,0	0,17935256866970647
12,0	0,22843991158943772
13,0	0,17126053260021254
14,0	0,1460349394876596
15,0	0,22189534434361455
16,0	0,16518490035725367
17,0	0,2550455439634257
18,0	0,2800115756922436
19,0	0,20937131831286243
20,0	0,04245013379661665
21,0	0,10789544752546072
22,0	0,07475254098150744
23,0	0,04879158706512144
24,0	0,0171989099401631
25,0	0,10361238335748428
26,0	0,17153810019472882
27,0	0,12325944540948798
28,0	0,029535815862064628
29,0	0,08044827650848009
30,0	0,08950982726810852
31,0	0,03702784991373282
32,0	0,12110603353279654
33,0	0,11931979508922602
34,0	0,1384043261917368
35,0	0,008471086514965592
36,0	0,08529063111916371
37,0	0,09105668687021766
38,0	0,09369492806127935
39,0	0,08849282176134445
40,0	0,026397417052948974
41,0	0,09347172520507437
42,0	0,07736693753053081
43,0	0,05843403677654747
44,0	0,08582611777334001
45,0	0,07569369222125298
46,0	0,10365526439471354
47,0	0,051674066804422256
48,0	0,027121163068227896
49,0	0,034830869341691835
50,0	0,11716042530254814
51,0	0,034874771325085506
52,0	0,10985232052165424
53,0	0,033896760848578275
54,0	0,07962374649485601
55,0	0,0668577533869965
56,0	0,14043851289828296
57,0	0,12482967606246521
58,0	0,10857473239860825
59,0	0,06839434823095075
60,0	0,07005665857236303
61,0	0,1372797803517356
62,0	0,1729361568708478
63,0	0,09294737094228028
64,0	0,1494369984806111
65,0	0,1278513194329068
66,0	0,12585365552561018
67,0	0,19716153206776563
68,0	0,09248522967556297
69,0	0,022088235214358817
70,0	0,06595797340192341
71,0	0,12176012914171457
72,0	0,11481974967006088
73,0	0,07476037772198625
74,0	0,07767717303283542
75,0	0,026342366733863323
76,0	0,1095155884913834
77,0	0,12875141650813687
78,0	0,15324615649168702
79,0	0,1940607004402308
80,0	0,11173892895238273
81,0	0,0938145933444197
82,0	0,09479781618916974
83,0	0,17799297752602575
84,0	0,142172024514048
85,0	0,12348656122547585
86,0	0,1597280756129593
87,0	0,08699037743027303
88,0	0,013517741353247384
89,0	0,16509955175323773
90,0	0,10574185417808968
91,0	0,07052094891393997
92,0	0,15567576781592912
93,0	0,12643479408042252
94,0	0,08224490354630981
95,0	0,09786447033526044
96,0	0,164822981209715
97,0	0,14543813849314016
98,0	0,1687214771511888
99,0	0,267745892254246
100,0	0,16267000706727022
101,0	0,08391113229513204
102,0	0,0341739012941301
103,0	0,12441419320271886
104,0	0,17229992581602724
105,0	0,03986770207452981
106,0	0,04603121054035104
107,0	0,08369663713349612
108,0	0,19525210885544492
109,0	0,0370478860777355
110,0	0,029065072995796287
111,0	0,21094861243684665
112,0	0,1678236136524626
113,0	0,03260133011354903
114,0	0,11748754184545769
115,0	0,039953450598356775
116,0	0,15769261440472906
117,0	0,012297714125256123
118,0	0,07021488270497873
119,0	0,06294622442946597
120,0	0,06934354391858714
121,0	0,1196189949776058
122,0	0,17509359637582556
123,0	0,098991473187799
124,0	0,09029109654262443
125,0	0,1877730244039033
126,0	0,08342363438183346
127,0	0,037402419196771154
128,0	0,11598002565063668
129,0	0,03574227695724774
130,0	0,010720716692182112
131,0	0,10924831040392262
132,0	0,14864669009116824
133,0	0,24466020442083597
134,0	0,02057870818696494
135,0	0,08936259091122198
136,0	0,06901617366204697
137,0	0,10267878263469374
138,0	0,08577039666955132
139,0	0,042062652860885924
140,0	0,1140168347701729
141,0	0,14033476442248724
142,0	0,09291184657121526
143,0	0,14782791003975035
144,0	0,08580881050700491
145,0	0,12395543383095425
146,0	0,11854273163570107
147,0	0,14227446367476068
148,0	0,12236470183153701
149,0	0,17736805383815116
150,0	0,08388574717016613
151,0	0,06688198480563877
152,0	0,0938409721173707
153,0	0,1623670069143309
154,0	0,07078253199468558
155,0	0,0566871168435078
156,0	0,058832131964294446
157,0	0,19832921345997706
158,0	0,23152959029467068
159,0	0,15773132995468273
160,0	0,013142770083287285
161,0	0,1761356659557736
162,0	0,13318713481553773
163,0	0,03652918220211092
164,0	0,10581797754007921
165,0	0,1896725419853671
166,0	0,19565685188054055
167,0	0,1287583923640566
168,0	0,09203622149896169
169,0	0,10629616905648134
170,0	0,045665840555855174
171,0	0,19273878318047025
172,0	0,12709737292366416
173,0	0,26219209463592263
174,0	0,028721770990847863
175,0	0,07402245755077477
176,0	0,11150966199542686
177,0	0,052955372873444845
178,0	0,07894625802660907
179,0	0,08455012059951073
180,0	0,06396088156478416
181,0	0,10103673798888141
182,0	0,16362318061230732
183,0	0,1564376306579018
184,0	0,1740114924045197
185,0	0,07804582049963496
186,0	0,16215467358052002
187,0	0,05261500519619471
188,0	0,08495270116209835
189,0	0,023969789546526763
190,0	0,11797618513217817
191,0	0,10875489702608672
192,0	0,131045400911847
193,0	0,08675173429827114
194,0	0,09613146542104456
195,0	0,1482234927292903
196,0	0,1184238730118835
197,0	0,04518157737920854
198,0	0,08639341354698718
199,0	0,05716772911926612
200,0	0,1655170367658449
201,0	0,10599012782067542
202,0	0,1315363593546312
203,0	0,11302577175695118
204,0	0,23457908948494088
205,0	0,1448895469584247
206,0	0,14626506962970148
207,0	0,12198170727655103
208,0	0,17929832860159217
209,0	0,10147376852372639
210,0	0,1420443850277666
211,0	0,17132807099588648
212,0	0,14243412615665077
213,0	0,15908700925315758
214,0	0,14429171301672636
215,0	0,08355928268652682
216,0	0,04314950654957283
217,0	0,11559293114144396
218,0	0,07187392794960962
219,0	0,024612485761896785
220,0	0,0836970155285921
221,0	0,07852221069887379
222,0	0,008339238774319442
223,0	0,06334847697900833
224,0	0,050612908547886686
225,0	0,10310255431573125
226,0	0,11487295680445324
227,0	0,08273801298770275
228,0	0,30135042581386057
229,0	0,2421398421861571
230,0	0,18141314076337534
231,0	0,02096805135288855
232,0	0,0812208706875797
233,0	0,01047855261154217
234,0	0,04132038083995052
235,0	0,05389275842513564
236,0	0,12564961988885587
237,0	0,10466008811832564
238,0	0,02742427678773901
239,0	0,1366269035997408
240,0	0,05043403860422301
241,0	0,1658949551006576
242,0	0,21224491140479831
243,0	0,0804776583553532
244,0	0,11102562319940987
245,0	0,09643877327490033
246,0	0,1086653504079364
247,0	0,14943560725011523
248,0	0,21414851306311877
249,0	0,2458958077623338
250,0	0,16937680883225223
251,0	0,08072960818678593
252,0	0,054488823750560765
253,0	0,06184339089184768
254,0	0,1869682613360701
255,0	0,1579275878807512
256,0	0,28824397757210174
257,0	0,20175302492026018
258,0	0,1500241371573441
259,0	0,04778786578127023
260,0	0,06479917227190699
261,0	0,1446663076019693
262,0	0,054544580937475225
263,0	0,1679921479895812
264,0	0,15798826591291856
265,0	0,07975034432729464
266,0	0,12389853319535006
267,0	0,2027404322558163
268,0	0,16855153511477805
269,0	0,18631723165923197
270,0	0,04218348290787081
271,0	0,06481872533553004
272,0	0,09188672434038897
273,0	0,059479349042797836
274,0	0,07472772903247064
275,0	0,08558265994539015
276,0	0,12444761374866596
277,0	0,12105936415279754
278,0	0,08252527546227274
279,0	0,09604969689928426
280,0	0,09268152712803648
281,0	0,13076321638311322
282,0	0,10380993690713103
283,0	0,11433441142146179
284,0	0,18551462847738906
285,0	0,23383152371330412
286,0	0,19891491218174073
287,0	0,11320316151507144
288,0	0,04927451685968461
289,0	0,05060783722138434
290,0	0,05331674946591073
291,0	0,08151364063690443
292,0	0,06865534694251088
293,0	0,04753382142695641
294,0	0,07148252774037228
295,0	0,03703410525817967
296,0	0,07145836468483181
297,0	0,08687758996885893
298,0	0,09560321440386893
299,0	0,02452187076002242
300,0	0,07850797307603892
301,0	0,14614315262465588
302,0	0,09806947585939521
303,0	0,23667573548212037
304,0	0,23013843028244366
305,0	0,11172977529954387
306,0	0,12563980053578397
307,0	0,09235741216889044
308,0	0,011616327075565334
309,0	0,027231809551692184
310,0	0,018453393196580386
311,0	0,029667081686567988
312,0	0,1707896880803696
313,0	0,1573469007177059
314,0	0,019094800415619718
315,0	0,07793292949872692
316,0	0,11405761054561654
317,0	0,1302671958516375
318,0	0,10684889541467792
319,0	0,014009969852069605
320,0	0,13776531562268435
321,0	0,12560283829024232
322,0	0,21185335498233396
323,0	0,16096761149664446
324,0	0,1912606785368864
325,0	0,0582809839124453
326,0	0,0764605319538671
327,0	0,01931746725783783
328,0	0,04706636337617562
329,0	0,0426962328448087
330,0	0,021957979098207896
331,0	0,1904984372278528
332,0	0,15834011732674994
333,0	0,19027079124905732
334,0	0,23477096020131294
335,0	0,12438602473303081
336,0	0,12150758967573966
337,0	0,033852492926799545
338,0	0,13385844557245455
339,0	0,008491932741350437
340,0	0,08040254195454498
341,0	0,056992311007550873
342,0	0,06561833936189793
343,0	0,10173018530381818
344,0	0,1614766756120615
345,0	0,15294106806900284
346,0	0,06643714519313869
347,0	0,027843116545080503
348,0	0,11735978826620844
349,0	0,013954878594492105
350,0	0,00556657086956248
351,0	0,0683380116788204
352,0	0,13497822627126543
353,0	0,13579288182210075
354,0	0,0483332144328988
355,0	0,03878781487163685
356,0	0,09975947661959314
357,0	0,0766964816245388
358,0	0,14149144721005852
359,0	0,13584134056584313
360,0	0,11154853231289558
361,0	0,0984287843558489
362,0	0,1500270227684604
363,0	0,05513880609692465
364,0	0,08114611205451748
365,0	0,12678307858684526
366,0	0,04340127926152304
367,0	0,10988943929314857
368,0	0,09401602042669864
369,0	0,23008825963317409
370,0	0,06277679076082267
371,0	0,09709641849041789
372,0	0,13199875094828506
373,0	0,07495352380064223
374,0	0,19194475253217108
375,0	0,19289040862134862
376,0	0,07492500745967343
377,0	0,02006219922885137
378,0	0,11592305225099812
379,0	0,12952729278318073
380,0	0,14846779128677196
381,0	0,051944985584643985
382,0	0,03152678431743578
383,0	0,05346219184696691
384,0	0,055367897566424976
385,0	0,04258886106551676
386,0	0,039858996165876605
387,0	0,07742463388971195
388,0	0,07383377178441268
389,0	0,19359100123689657
390,0	0,1115813473020534
391,0	0,17369934723277425
392,0	0,1590986326828197
393,0	0,14540681834343433
394,0	0,09445194082763159
395,0	0,17187075727389794
396,0	0,1946385736093845
397,0	0,11827357211887612
398,0	0,12888648268160188
399,0	0,03206130723921123
400,0	0,06756283782690509
401,0	0,0928916894775363
402,0	0,05205999029482936
403,0	0,04128104040295962
404,0	0,042725038153038186
405,0	0,11656563842219302
406,0	0,09683860423217558
407,0	0,09407191630560412
408,0	0,13169154806621267
409,0	0,12041782270554895
410,0	0,0642082171003275
411,0	0,07736275027669183
412,0	0,14292664625880494
413,0	0,11404153874173394
414,0	0,14458869239062416
415,0	0,05331004497637662
416,0	0,10166634281797347
417,0	0,1352012012241716
418,0	0,05215022742884014
419,0	0,09567031243673532
420,0	0,12105050739618209
421,0	0,1295503977434585
422,0	0,08059828578217787
423,0	0,05428777432413153
424,0	0,12982080628179213
425,0	0,04672404595013236
426,0	0,16549958283443378
427,0	0,11240447799287509
428,0	0,13387249297907422
429,0	0,11167702257466103
430,0	0,08394530523640796
431,0	0,06812747294628421
432,0	0,012013187460926592
433,0	0,05671752623185635
434,0	0,10903545972282316
435,0	0,04247031481530398
436,0	0,08937103312295044
437,0	0,07611335214414772
438,0	0,1027059751385329
439,0	0,07386337774982446
440,0	0,12985807528706575
441,0	0,12498598480722982
442,0	0,1460237086915755
443,0	0,10887977353620912
444,0	0,08277267243561431
445,0	0,05023988068204961
446,0	0,033219375480201235
447,0	0,07441941897989307
448,0	0,12590273427975848
449,0	0,10495381420325905
450,0	0,10181907341414884
451,0	0,22320463641995422
452,0	0,15559836352902087
453,0	0,07033093516908077
454,0	0,043888765219195616
455,0	0,04219964046365652
456,0	0,06311201694764648
457,0	0,08096539522335844
458,0	0,0895402055026137
459,0	0,005756068414594837
460,0	0,17046765345846976
461,0	0,07968695244858273
462,0	0,04902982311977499
463,0	0,057973015378653694
464,0	0,16265014761122026
465,0	0,15421021222542372
466,0	0,11532598596686748
467,0	0,09997412813909526
468,0	0,11214771737005937
469,0	0,1459593157645595
470,0	0,05420797473760879
471,0	0,03903679861105456
472,0	0,20417513244984759
473,0	0,13530998748874096
474,0	0,020625334052378437
475,0	0,049184118651234905
476,0	0,07343733088704073
477,0	0,07667574761809415
478,0	0,07852424403457528
479,0	0,08794006953525436
480,0	0,06191323309214644
481,0	0,14062839651825315
482,0	0,20801291582559003
483,0	0,11891025934562498
484,0	0,10208598793079728
485,0	0,04302110753477996
486,0	0,10672440053928423
487,0	0,198233595878741
488,0	0,10140753757859834
489,0	0,02331209015430998
490,0	0,04419136060894049
491,0	0,04209304697200845
492,0	0,17230075669475656
493,0	0,09186994644403192
494,0	0,20424850136283856
495,0	0,11156135773691585
496,0	0,11992793939145156
497,0	0,0968525246803528
498,0	0,12454223576267912
499,0	0,17616548562614573
500,0	0,16206431721911027
501,0	0,1420364412527341
502,0	0,14944793033633583
503,0	0,07923946831980302
504,0	0,01304897108219922
505,0	0,05106530878533452
506,0	0,16154048025156137
507,0	0,07791909812997773
508,0	0,11272655085321957
509,0	0,18584610059832707
510,0	0,11579750982360384
511,0	0,029760204913412965
512,0	0,15488026267207422
513,0	0,08801241725561543
514,0	0,007704988723145236
515,0	0,020314698997885915
516,0	0,10483739183389326
517,0	0,14239992454057196
518,0	0,04587741364276486
519,0	0,08644073175210308
520,0	0,016535276607853745
521,0	0,05538131919571991
522,0	0,12162308769078943
523,0	0,1579874558973216
524,0	0,1061736259231058
525,0	0,037340517958327775
526,0	0,15384773062055151
527,0	0,13216642308937968
528,0	0,07706813557018526
529,0	0,05735893879647089
530,0	0,07228265657268947
531,0	0,1725481519630014
532,0	0,08231833351093852
533,0	0,27029094834577816
534,0	0,25666910299509
535,0	0,3281983296041898
536,0	0,18465536235667576
537,0	0,1352358666047136
538,0	0,09117061505097326
539,0	0,09686761318864141
540,0	0,16989202578907406
541,0	0,14866176912718754
542,0	0,09348638318531573
543,0	0,0735067953336432
544,0	0,033252134930387214
545,0	0,10379269265545941
546,0	0,08749667102548347
547,0	0,08615591377279835
548,0	0,06438381623326236
549,0	0,08467381573784083
550,0	0,09475812688273874
551,0	0,05939175786648254
552,0	0,057781655096252854
553,0	0,19746348899423607
554,0	0,0992935658471566
555,0	0,07371717109286119
556,0	0,009870080503349414
557,0	0,12419252782367757
558,0	0,10336078237408762
559,0	0,03842866331444989
560,0	0,20826642834580905
561,0	0,18825330542522184
562,0	0,19687259555803718
563,0	0,09936347332043204
564,0	0,05025802768607231
565,0	0,0427227840747407
566,0	0,08238435423946867
567,0	0,06629377181116586
568,0	0,16657162888210011
569,0	0,17250531176268372
570,0	0,21762167906130137
571,0	0,25683196822626314
572,0	0,2991193438989597
573,0	0,20872832392017185
574,0	0,21423448857327534
575,0	0,2592320676813139
576,0	0,166677383293242
577,0	0,15106063458106417
578,0	0,13276061548752377
579,0	0,048247759845813816
580,0	0,1364937499736014
581,0	0,15918908716217822
582,0	0,07875072392389834
583,0	0,03692667339332791
584,0	0,07451615848875406
585,0	0,14325664561467802
586,0	0,11452685666143393
587,0	0,18888410487920215
588,0	0,12999252230223618
589,0	0,18699344516907596
590,0	0,07856983254096167
591,0	0,11638784523341662
592,0	0,20372620717943227
593,0	0,17470764678774195
594,0	0,16385421380639426
595,0	0,1114148906503623
596,0	0,06692002132777536
597,0	0,06721559312077223
598,0	0,1343958606118423
599,0	0,15940212308455076
600,0	0,12114628752429309
601,0	0,054980155044908934
602,0	0,12600727408656007
603,0	0,09124475625456588
604,0	0,05245361160093564
605,0	0,03905983496861703
606,0	0,10412363146067252
607,0	0,06792316358779482
608,0	0,10604597250361429
609,0	0,0602124976758364
610,0	0,10744607576605572
611,0	0,028871443189928174
612,0	0,11448606174767405
613,0	0,04315872384875971
614,0	0,06213902735294221
615,0	0,10356397092911622
616,0	0,1487670901301282
617,0	0,23091555436500197
618,0	0,12309191113727287
619,0	0,09652333074559688
620,0	0,18890279884263608
621,0	0,14762005896880648
622,0	0,20288563647029126
623,0	0,08449385819513912
624,0	0,13003306431660933
625,0	0,07373742807757885
626,0	0,03953568778488326
627,0	0,0890719519483792
628,0	0,09621940010440418
629,0	0,21886738406973402
630,0	0,14458066225382604
631,0	0,09853577688115632
632,0	0,03379635692324665
633,0	0,0761748054277009
634,0	0,12368458669915383
635,0	0,19379283413323714
636,0	0,19109116167111423
637,0	0,1898438906951326
638,0	0,21584832668922932
639,0	0,22447515229572532
640,0	0,14973133931412871
641,0	0,07861767935386436
642,0	0,1196500139944476
643,0	0,14854827087379893
644,0	0,18284332376685872
645,0	0,23690309022612036
646,0	0,16081054396625474
647,0	0,1401530652765605
648,0	0,1280879309782001
649,0	0,1310657442034451
650,0	0,18551092032001945
651,0	0,1589131664256146
652,0	0,013325545080581768
653,0	0,1557813486692031
654,0	0,10962685698074602
655,0	0,12811988609681924
656,0	0,1329426232292849
657,0	0,07697934090004016
658,0	0,12288081616141787
659,0	0,20309876578857725
660,0	0,0275841841860501
661,0	0,12611845834619642
662,0	0,12507196509260118
663,0	0,2059737974110474
664,0	0,18889466795731633
665,0	0,0907706586398045
666,0	0,029202579679256276
667,0	0,04201712798326911
668,0	0,04871329458447386
669,0	0,13639844832850084
670,0	0,05229349939153567
671,0	0,0444618492312356
672,0	0,05382362602318648
673,0	0,030067878676339074
674,0	0,04994614993951208
675,0	0,13218058993332232
676,0	0,07598844452845406
677,0	0,1588571106862406
678,0	0,1564304517511289
679,0	0,15461055930337853
680,0	0,08936310813701884
681,0	0,13579923746103464
682,0	0,08640298641368258
683,0	0,034491881813060954
684,0	0,10598197575209628
685,0	0,11204737890713744
686,0	0,02397615226044714
687,0	0,08205644668195028
688,0	0,17190648500616568
689,0	0,22023268343850272
690,0	0,08033194954976847
691,0	0,04124450508046347
692,0	0,051747831526417085
693,0	0,10357796020712709
694,0	0,1682853776400453
695,0	0,10918263683276162
696,0	0,22193756345572643
697,0	0,15463953289623122
698,0	0,2753928963157828
699,0	0,13210926168805154
700,0	0,11241694580488847
701,0	0,12232619662696927
702,0	0,05887630389349678
703,0	0,07088827925998718
704,0	0,09895718354952589
705,0	0,08065655008880174
706,0	0,06309336560339102
707,0	0,0714759214217625
708,0	0,052305976657038164
709,0	0,08062035314529833
710,0	0,07158468749440086
711,0	0,03830007045755528
712,0	0,10176671435055615
713,0	0,21276677822634238
714,0	0,08020751368580988
715,0	0,19129860713753516
716,0	0,06565032374649407
717,0	0,05440121042012842
718,0	0,06264729597387375
719,0	0,14504807075127507
720,0	0,10685968368783054
721,0	0,09227796951852359
722,0	0,114331414522743
723,0	0,11876236356607757
724,0	0,0912935272765964
725,0	0,06059196906201698
726,0	0,12278659083239858
727,0	0,19802781674787426
728,0	0,17865524201766828
729,0	0,208672241348389
730,0	0,16595085384408118
731,0	0,1417493336075841
732,0	0,09461198034405505
733,0	0,051892536130948144
734,0	0,12967019032512694
735,0	0,11400680032031718
736,0	0,11185878877802088
737,0	0,10660245659801819
738,0	0,037122906834092834
739,0	0,02365331851612506
740,0	0,08559042594250568
741,0	0,18800389991475916
742,0	0,3301755226799885
743,0	0,290582014255202
744,0	0,09167129875613815
745,0	0,21190337953354493
746,0	0,09850549712012159
747,0	0,079686273460834
748,0	0,12394691407280496
749,0	0,03856417526793347
750,0	0,09356877195086812
751,0	0,13777690607517562
752,0	0,1531890240432206
753,0	0,12728633939430428
754,0	0,10122351033217523
755,0	0,15618448338876803
756,0	0,12346177570944973
757,0	0,06334738970102445
758,0	0,14469428850268526
759,0	0,1108323752243577
760,0	0,09703371752272595
761,0	0,10439914001934938
762,0	0,1345137302497717
763,0	0,1403834808540064
764,0	0,22634330731573507
765,0	0,21997370791276635
766,0	0,1709138885761324
767,0	0,10096813144646385
768,0	0,12711157619382357
769,0	0,1879510753052139
770,0	0,08019683457336983
771,0	0,11601080742517747
772,0	0,1820663838236816
773,0	0,14871737852484915
774,0	0,07073870708531645
775,0	0,05946485405061696
776,0	0,06144834334379821
777,0	0,1296538613786587
778,0	0,07564837468318246
779,0	0,12187532405182352
780,0	0,19429716926330096
781,0	0,15069992382937333
782,0	0,08606047672096476
783,0	0,03681039595152764
784,0	0,12155237675895572
785,0	0,03928846853017751
786,0	0,11074076427812406
787,0	0,16364567241648295
788,0	0,15395148554457389
789,0	0,1314106661222432
790,0	0,038390632363325634
791,0	0,09415039335850349
792,0	0,1078257481997977
793,0	0,03454576607308375
794,0	0,023094401780199426
795,0	0,09362819732645428
796,0	0,09734096341449053
797,0	0,18793807288899653
798,0	0,1268771605699039
799,0	0,11885531257553186
800,0	0,19123184465313028
801,0	0,07510306933151918
802,0	0,13793362727147493
803,0	0,1331304247244758
804,0	0,1993026493052886
805,0	0,29059050514590157
806,0	0,18335993254628574
807,0	0,25171870343254615
808,0	0,07090060230427694
809,0	0,06953235745195462
810,0	0,11836969417239357
811,0	0,08825010309831233
812,0	0,07332420452691976
813,0	0,06612123937733909
814,0	0,17954032220745111
815,0	0,1569808199906084
816,0	0,06534004324994648
817,0	0,08841455788423883
818,0	0,11916789853585888
819,0	0,13983757113432807
820,0	0,23611127048724895
821,0	0,11106321445146423
822,0	0,031039397401496565
823,0	0,09186641895700928
824,0	0,22158860445858564
825,0	0,06261576242562891
826,0	0,08799484243834368
827,0	0,14525577168071266
828,0	0,19304525267914802
829,0	0,18976605961240825
830,0	0,0763099508577302
831,0	0,06041690702633829
832,0	0,02955713174765019
833,0	0,08381813726530046
834,0	0,12434294312090019
835,0	0,19083714454335293
836,0	0,12602985548413886
837,0	0,12993837194570146
838,0	0,08368298854206625
839,0	0,18482423120631142
840,0	0,13684914611197826
841,0	0,05306995927652832
842,0	0,10127324080111633
843,0	0,08034541695387769
844,0	0,05487450299734527
845,0	0,0858276859143883
846,0	0,06391467655258354
847,0	0,199657208366629
848,0	0,07619901776662141
849,0	0,039709024669786014
850,0	0,17766377795830168
851,0	0,1663187684893762
852,0	0,11372789516261908
853,0	0,0765115888085554
854,0	0,08665459913824282
855,0	0,009237886404327914
856,0	0,08416837718184308
857,0	0,13381834766032977
858,0	0,1495443506545468
859,0	0,12373461588354404
860,0	0,08580468792948827
861,0	0,13977223807177308
862,0	0,10624910644181251
863,0	0,12474979653814786
864,0	0,17876746442212457
865,0	0,20032572418749645
866,0	0,14795564831182734
867,0	0,1351883776781061
868,0	0,14765053553304425
869,0	0,17574477447622008
870,0	0,1102357912310302
871,0	0,22204345280238427
872,0	0,15303925445611202
873,0	0,07794250497137216
874,0	0,041557363558487985
875,0	0,20226914169744062
876,0	0,10703997506629721
877,0	0,08043648045379376
878,0	0,09858925642876976
879,0	0,017833380114814345
880,0	0,10238606720356312
881,0	0,05979179395248407
882,0	0,07653325519829267
883,0	0,05602599208280179
884,0	0,0751412943561693
885,0	0,12412675061347875
886,0	0,031266486525666694
887,0	0,07736240220768001
888,0	0,05106152585852434
889,0	0,04302332019979891
890,0	0,033871134506132106
891,0	0,09046505648603383
892,0	0,20269553991153239
893,0	0,12642430164539264
894,0	0,049386031542332974
895,0	0,09747752359234059
896,0	0,22180060358991724
897,0	0,23700899595306527
898,0	0,1449647439743746
899,0	0,10581351725634833
900,0	0,12180237201053587
901,0	0,1863709127269442
902,0	0,21055699133589587
903,0	0,2155519739485081
904,0	0,20673982293410897
905,0	0,1666079379147713
906,0	0,10245906020065713
907,0	0,14974004978014072
908,0	0,14858361005744036
909,0	0,059755942783485276
910,0	0,10499963800237125
911,0	0,08373605073636128
912,0	0,060441111879073
913,0	0,0767577665159202
914,0	0,11481478800378087
915,0	0,1569687875988696
916,0	0,11928517949820515
917,0	0,03854976214727647
918,0	0,10546438196072334
919,0	0,03742943391280455
920,0	0,14522081623003105
921,0	0,15185820154687382
922,0	0,21184775460116215
923,0	0,17661186044279512
924,0	0,08442630730848694
925,0	0,1269438478293455
926,0	0,09895572244406683
927,0	0,14934622823877627
928,0	0,08614213997947281
929,0	0,2163138059319368
930,0	0,09473687134215097
931,0	0,07738517479456337
932,0	0,05405301901082481
933,0	0,11543671994814615
934,0	0,17540244626583135
935,0	0,15414184282747342
936,0	0,09669731738397697
937,0	0,11070961907550966
938,0	0,09505097482492686
939,0	0,06979725373088427
940,0	0,1194274050926836
941,0	0,08643701825914919
942,0	0,2739438128589293
943,0	0,14892246620152216
944,0	0,1515877456126922
945,0	0,13351023055686684
946,0	0,04458137206503317
947,0	0,07164753737151794
948,0	0,12844109911284385
949,0	0,15546297360789244
950,0	0,11162852990523903
951,0	0,051240741391155954
952,0	0,21431747614155586
953,0	0,17564572589458904
954,0	0,11072837281412633
955,0	0,1855351064571679
956,0	0,14055714572669814
957,0	0,16946394605596046
958,0	0,10404729098798751
959,0	0,09951191471243745
960,0	0,06190424096405747
961,0	0,07749121451527959
962,0	0,093338947465434
963,0	0,026130198605519753
964,0	0,20523575902284572
965,0	0,31722671797817126
966,0	0,1522849184255128
967,0	0,11172964043191111
968,0	0,047173173739492244
969,0	0,18918670206838897
970,0	0,11353166138970625
971,0	0,08202316282236925
972,0	0,2906983224350671
973,0	0,13353782734506678
974,0	0,055879769118188746
975,0	0,03599531911066807
976,0	0,1703756155183853
977,0	0,029492073236274643
978,0	0,04801512044306233
979,0	0,061722386114234674
980,0	0,12532920230602848
981,0	0,08231487759991925
982,0	0,04435131404384064
983,0	0,12813025627402025
984,0	0,21375305760934316
985,0	0,11217931183750383
986,0	0,10365662029840327
987,0	0,09766066876291903
988,0	0,08638800762118058
989,0	0,18365971069993597
990,0	0,07950420793589155
991,0	0,06393154872883752
992,0	0,02929624575278367
993,0	0,11769303681588736
994,0	0,07645940013040677
995,0	0,02373003115191127
996,0	0,1332503244072254
997,0	0,1301318867679592
998,0	0,23926563646790927
999,0	0,3005534913408426
1000,0	0,2393210461921459
1001,0	0,10122217806733781
1002,0	0,1647666438508688
1003,0	0,13363062273370205
1004,0	0,15871839791903575
1005,0	0,14627165935278935
1006,0	0,11827296450656712
1007,0	0,01490901667437804
1008,0	0,013632449938085633
1009,0	0,1130774312972195
1010,0	0,05017007495614679
1011,0	0,05327456100344922
1012,0	0,06437102702688548
1013,0	0,01082548133768788
1014,0	0,1181746721085819
1015,0	0,1341784084662049
1016,0	0,0645244735799041
1017,0	0,11521826253036815
1018,0	0,2207650551724934
1019,0	0,11190125840106792
1020,0	0,06283013137913664
1021,0	0,12729079074270275
1022,0	0,14114108212920792
1023,0	0,11719035388304126
1024,0	0,20781624405489946
1025,0	0,051113003504831736
1026,0	0,09740950742833739
1027,0	0,09347737312706844
1028,0	0,1043006150104575
1029,0	0,06670253039566505
1030,0	0,052973233226595334
1031,0	0,0037746729678345583
1032,0	0,19162505856721404
1033,0	0,08121681864630675
1034,0	0,0869494193795043
1035,0	0,09512402143473755
1036,0	0,09562848590281987
1037,0	0,06393615037147525
1038,0	0,08121957076662681
1039,0	0,09659676296454454
1040,0	0,20607713429499086
1041,0	0,14876265484933465
1042,0	0,02188941482094294
1043,0	0,0670103925210127
1044,0	0,10583041363266583
1045,0	0,2062250705410362
1046,0	0,16173397176074272
1047,0	0,1878300783613528
1048,0	0,1739364864136839
1049,0	0,056634404123098524
1050,0	0,04115227487380968
1051,0	0,09424860604024812
1052,0	0,1040563927515119
1053,0	0,18364601943166323
1054,0	0,19632017592157938
1055,0	0,08211844287913447
1056,0	0,05154479854603022
1057,0	0,07765711806599015
1058,0	0,21233829488793635
1059,0	0,10082992236934386
1060,0	0,10466002106831311
1061,0	0,0976525315753189
1062,0	0,0692497980493349
1063,0	0,05875668607861283
1064,0	0,1576323685313162
1065,0	0,10265568282985617
1066,0	0,047020807062160115
1067,0	0,14986646019754987
1068,0	0,12854262808346634
1069,0	0,09903519916015263
1070,0	0,1512987775156506
1071,0	0,16185487609037796
1072,0	0,23986480266998192
1073,0	0,20144299296146462
1074,0	0,16373191330698125
1075,0	0,14050012126588823
1076,0	0,1723402697718086
1077,0	0,08232439160238551
1078,0	0,025861120567371047
1079,0	0,04876776139767421
1080,0	0,13423562347455759
1081,0	0,1329994880451008
1082,0	0,1652380796434733
1083,0	0,15109827228807332
1084,0	0,15431258024314332
1085,0	0,11965537771685704
1086,0	0,07829778239677744
1087,0	0,06412671605013485
1088,0	0,09652026160838906
1089,0	0,11370915591209659
1090,0	0,07147188988974441
1091,0	0,06324013898649061
1092,0	0,0070162044863627225
1093,0	0,061944321516414075
1094,0	0,07638346164732966
1095,0	0,05681133672243239
1096,0	0,11597028463720424
1097,0	0,055127460777399086
1098,0	0,08543777400672191
1099,0	0,057167940525019806
1100,0	0,09020653288658502
1101,0	0,12713422500920724
1102,0	0,19084132471000192
1103,0	0,12217274192231388
1104,0	0,0718198550174836
1105,0	0,14908141976752856
1106,0	0,12039064935220149
1107,0	0,02032799087417558
1108,0	0,14453100580254322
1109,0	0,22685368679439671
1110,0	0,226402658036022
1111,0	0,029024680404937494
1112,0	0,08425019907296354
1113,0	0,23247548412604815
1114,0	0,18464923648290615
1115,0	0,2042954295193484
1116,0	0,11062413658495109
1117,0	0,10819132217316876
1118,0	0,10601024709058748
1119,0	0,0845781945394684
1120,0	0,10008840650092864
1121,0	0,047812919916832945
1122,0	0,05623870482570491
1123,0	0,07213299692501106
1124,0	0,0634356772539001
1125,0	0,14062311752892453
1126,0	0,1385130668573336
1127,0	0,0665017185987476
1128,0	0,08657362432161539
1129,0	0,08315159660700587
1130,0	0,058452607301313284
1131,0	0,0772116802027003
1132,0	0,10422796153539221
1133,0	0,09927446227448765
1134,0	0,022896642329647603
1135,0	0,06089114688344888
1136,0	0,047718453416169045
1137,0	0,14707197481445566
1138,0	0,11656576185478484
1139,0	0,11501283964360245
1140,0	0,18631135900147192
1141,0	0,12080745424734121
1142,0	0,08182005203878134
1143,0	0,12450527714965767
1144,0	0,04674049183162176
1145,0	0,10469686736447449
1146,0	0,1233001452193883
1147,0	0,12089054507858607
1148,0	0,10336127632340746
1149,0	0,04167940466308008
1150,0	0,08047618259905084
1151,0	0,13207663338478656
1152,0	0,05484905180558596
1153,0	0,1066457030452868
1154,0	0,0606860207949184
1155,0	0,14453276862346245
1156,0	0,07878057247170993
1157,0	0,18055870189892248
1158,0	0,2044258408233017
1159,0	0,06080979750004099
1160,0	0,09210712653534836
1161,0	0,18318513065413558
1162,0	0,11842294189043849
1163,0	0,12493336261039935
1164,0	0,0941201334770358
1165,0	0,09274218387102254
1166,0	0,03647971291428318
1167,0	0,09662964626742329
1168,0	0,13669460111335283
1169,0	0,296025272034988
1170,0	0,1502952186537731
1171,0	0,15697791735966302
1172,0	0,11557083663541472
1173,0	0,11035659661845107
1174,0	0,10502833995187394
1175,0	0,1469887294158179
1176,0	0,08870541330898858
1177,0	0,1643530928478261
1178,0	0,06140737728519594
1179,0	0,08121904171048738
1180,0	0,13661502577937545
1181,0	0,13672455061737618
1182,0	0,054061073409661695
1183,0	0,06841835392917858
1184,0	0,06421265136621143
1185,0	0,09058628694117776
1186,0	0,01764320618788301
1187,0	0,20480852764485738
1188,0	0,21047192471078496
1189,0	0,2542301436031534
1190,0	0,12267731197915138
1191,0	0,06139091226088579
1192,0	0,13064176262545754
1193,0	0,11210911357387428
1194,0	0,08440821519341266
1195,0	0,09026393989831645
1196,0	0,027297782894204235
1197,0	0,12307295077744046
1198,0	0,10041361757766992
1199,0	0,06443760716200432
1200,0	0,10240002546457193
1201,0	0,1573146160212516
1202,0	0,059581844887379276
1203,0	0,103394866309942
1204,0	0,15852996628089067
1205,0	0,1167823617474923
1206,0	0,05222094316561297
1207,0	0,10312097296498673
1208,0	0,14779651773957206
1209,0	0,08394788558110222
1210,0	0,1287340345618649
1211,0	0,0705000083894207
1212,0	0,04049046039930708
1213,0	0,06475549650250957
1214,0	0,09364938108885336
1215,0	0,13625087030843214
1216,0	0,18529914999980246
1217,0	0,12771258453867468
1218,0	0,10750141199993697
1219,0	0,043158689093927394
1220,0	0,1904582963709969
1221,0	0,1018594856169141
1222,0	0,1444669686683912
1223,0	0,12231368179721619
1224,0	0,18129020387055997
1225,0	0,2725120036249715
1226,0	0,18258216823369594
1227,0	0,2487141682346769
1228,0	0,12832455850200253
1229,0	0,2424979398898456
1230,0	0,09103827512920352
1231,0	0,0033796904151684975
1232,0	0,02630686610981753
1233,0	0,12415575587924793
1234,0	0,0915165307713712
1235,0	0,09335641449367063
1236,0	0,050139792982920456
1237,0	0,1477425819126644
1238,0	0,23745502648798747
1239,0	0,15827040156026964
1240,0	0,12305453972605727
1241,0	0,19612417357553732
1242,0	0,05899411954091449
1243,0	0,0442016018757561
1244,0	0,04306014635515936
1245,0	0,021194894280515745
1246,0	0,13652548504873588
1247,0	0,13091366512860064
1248,0	0,15093049815228132
1249,0	0,28308362527528147
1250,0	0,23544981253501057
1251,0	0,09625297605471722
1252,0	0,05486574947896197
1253,0	0,07061917492506999
1254,0	0,028510541063001955
1255,0	0,10945757967353334
1256,0	0,12927161074608548
1257,0	0,09359884511096235
1258,0	0,04265320020508935
1259,0	0,1584501905065926
1260,0	0,08630838967903004
1261,0	0,02128222905629488
1262,0	0,10258553339783022
1263,0	0,05185314516317784
1264,0	0,11226755568181644
1265,0	0,1720574640075346
1266,0	0,15883058047172927
1267,0	0,13898224778032153
1268,0	0,17291991271230048
1269,0	0,07767963895883431
1270,0	0,13095697535901124
1271,0	0,12434720130342104
1272,0	0,08312368677784145
1273,0	0,17314139670877965
1274,0	0,11344748574328661
1275,0	0,03335853486062837
1276,0	0,051383531218175967
1277,0	0,03427381610493469
1278,0	0,06127736964064953
1279,0	0,051564203831712535
1280,0	0,12908779724840178
1281,0	0,12613350617246136
1282,0	0,15006058650034074
1283,0	0,152515380224823
1284,0	0,08802708759078491
1285,0	0,2752893178453308
1286,0	0,19226172890650073
1287,0	0,10200640175926437
1288,0	0,09714379844316785
1289,0	0,061141451744406994
1290,0	0,05356100635976711
1291,0	0,1045474985868343
1292,0	0,040148888166885624
1293,0	0,04544330763353002
1294,0	0,155918301436824
1295,0	0,04855765691894587
1296,0	0,07492037186101845
1297,0	0,11407438318912934
1298,0	0,26185861141571976
1299,0	0,16385404093631037
1300,0	0,11961407775445325
1301,0	0,10584298602664273
1302,0	0,1736979020916381
1303,0	0,08600837836678375
1304,0	0,12909922600586984
1305,0	0,09275877501630209
1306,0	0,2229802575509871
1307,0	0,1333836876614058
1308,0	0,11651790697590725
1309,0	0,18355106227712167
1310,0	0,1598288139013585
1311,0	0,2219737277478283
1312,0	0,28136283060485806
1313,0	0,1854351356241483
1314,0	0,10173605223837583
1315,0	0,1271671332095247
1316,0	0,1457253028039638
1317,0	0,05041967946370742
1318,0	0,08539600167043912
1319,0	0,06509736396054223
1320,0	0,09927314100000705
1321,0	0,16338654149397602
1322,0	0,16826528343120525
1323,0	0,2436259501862924
1324,0	0,14347902300577167
1325,0	0,07500776374077374
1326,0	0,05170330928142113
1327,0	0,06555463576629375
1328,0	0,05296216501431571
1329,0	0,08822237233949773
1330,0	0,064955383355232
1331,0	0,07864699724594086
1332,0	0,17755331735176752
1333,0	0,209786256388523
1334,0	0,21290774318780506
1335,0	0,1593156447186716
1336,0	0,1478502967435458
1337,0	0,13347211669136175
1338,0	0,06785255033602988
1339,0	0,10947500248059287
1340,0	0,167454026033115
1341,0	0,0792679084040037
1342,0	0,07554267628661021
1343,0	0,11216446957995124
1344,0	0,1421413994893507
1345,0	0,10936309979730224
1346,0	0,13714706226256193
1347,0	0,17719975903129626
1348,0	0,08854132189784952
1349,0	0,07226901296995591
1350,0	0,16074136098615704
1351,0	0,027918715001529544
1352,0	0,1135754992900895
1353,0	0,06202950583014195
1354,0	0,041860376447218565
1355,0	0,0626427266926008
1356,0	0,10793442413650202
1357,0	0,10205223677581605
1358,0	0,09086794068356954
1359,0	0,11185737745847875
1360,0	0,02544534025387454
1361,0	0,10563476600769765
1362,0	0,15662591650757757
1363,0	0,1565688249921176
1364,0	0,1236539042954559
1365,0	0,20056504305687078
1366,0	0,20197781431001685
1367,0	0,1605096920591312
1368,0	0,15009746396034734
1369,0	0,18596745470468476
1370,0	0,21736835436402613
1371,0	0,06889413112110072
1372,0	0,020483228575851
1373,0	0,062027756509967655
1374,0	0,058217949166597484
1375,0	0,010321867931092167
1376,0	0,1379362854532074
1377,0	0,1013621156617859
1378,0	0,1283202378533884
1379,0	0,10425681944976423
1380,0	0,033903885388662965
1381,0	0,12159469752560573
1382,0	0,14054248515569587
1383,0	0,21407108947792655
1384,0	0,08331426127229886
1385,0	0,08686526106916566
1386,0	0,1164235107808135
1387,0	0,11800831845081663
1388,0	0,20708876773400448
1389,0	0,18621758464423474
1390,0	0,25141707324741025
1391,0	0,16544355543327416
1392,0	0,11011601785177745
1393,0	0,04296098541306639
1394,0	0,1063783562808745
1395,0	0,08603940518795165
1396,0	0,07704064364498467
1397,0	0,03122323921154924
1398,0	0,12827121596003466
1399,0	0,04529149679970082
1400,0	0,1194190103891881
1401,0	0,08690428766208087
1402,0	0,10301754793488656
1403,0	0,010588127912209836
1404,0	0,10150730212266876
1405,0	0,02221208892559539
1406,0	0,0899528809735884
1407,0	0,07018365529364598
1408,0	0,04454450928666553
1409,0	0,12950750999587635
1410,0	0,20201113928674896
1411,0	0,1893866551765668
1412,0	0,06123310295730409
1413,0	0,05818293682056248
1414,0	0,14049777884332898
1415,0	0,10409658414325652
1416,0	0,12248532214009074
1417,0	0,10405191401478132
1418,0	0,11430073227110893
1419,0	0,07314490413756267
1420,0	0,06466697890290653
1421,0	0,08868289086530654
1422,0	0,04043895517763794
1423,0	0,09818584409677907
1424,0	0,14173989025190764
1425,0	0,11237467945831328
1426,0	0,1130729087387294
1427,0	0,17836862433590722
1428,0	0,1772433017167074
1429,0	0,18696373363501864
1430,0	0,0647908389405695
1431,0	0,12338408620167168
1432,0	0,11746367298861272
1433,0	0,10948390086145522
1434,0	0,11201957271557084
1435,0	0,1862791004304907
1436,0	0,15633368828552852
1437,0	0,04660234975202637
1438,0	0,0432326212330417
1439,0	0,13817811167966346
1440,0	0,08030309528724246
1441,0	0,1612203240184054
1442,0	0,11106886655347423
1443,0	0,09965191574009888
1444,0	0,04573301474468023
1445,0	0,09670944584724481
1446,0	0,2065736497319925
1447,0	0,22433902964687308
1448,0	0,15630046071738996
1449,0	0,2855184310756797
1450,0	0,23706625261714956
1451,0	0,09389369973293517
1452,0	0,051114970703859466
1453,0	0,09883062391145528
1454,0	0,055939962179953416
1455,0	0,08077948123695915
1456,0	0,1248087997688435
1457,0	0,15299476561389433
1458,0	0,048365613206296974
1459,0	0,06727844901355089
1460,0	0,23553876229427273
1461,0	0,11170347539443479
1462,0	0,05428379094988912
1463,0	0,05951712982635993
1464,0	0,17334647843200549
1465,0	0,06825761525423797
1466,0	0,09526012230522335
1467,0	0,19916301839830391
1468,0	0,11619315319998086
1469,0	0,03796086477114965
1470,0	0,11951286217222706
1471,0	0,08665580844546836
1472,0	0,09644048923187952
1473,0	0,045333973527834
1474,0	0,15734408565813854
1475,0	0,22024391979847635
1476,0	0,13147820943869445
1477,0	0,02155507215161904
1478,0	0,03612492837596855
1479,0	0,07835074222526317
1480,0	0,05734516781608072
1481,0	0,057143608382788084
1482,0	0,18687584724676945
1483,0	0,26563934500648295
1484,0	0,21734476005438105
1485,0	0,1253281736385043
1486,0	0,013954185176107746
1487,0	0,07005445651268259
1488,0	0,10582334260551511
1489,0	0,10076470726526303
1490,0	0,10681614415246346
1491,0	0,16255399331215348
1492,0	0,26513493829170254
1493,0	0,26980960603790927
1494,0	0,1363125846138864
1495,0	0,10211751937803606
1496,0	0,1692654727281225
1497,0	0,2328882984196467
1498,0	0,14243577304090047
1499,0	0,045994045481637234
1500,0	0,081880170331925
1501,0	0,13921716294801356
1502,0	0,14844181540154253
1503,0	0,2282215849371432
1504,0	0,19152281683211447
1505,0	0,14383026256892853
1506,0	0,15515960527952136
1507,0	0,09873238768797936
1508,0	0,06617201615299348
1509,0	0,12955727967862227
1510,0	0,0729436628529823
1511,0	0,06318893912473983
1512,0	0,06903853409973132
1513,0	0,09845720116453031
1514,0	0,0960958943571902
1515,0	0,14366529390041213
1516,0	0,09959578066296489
1517,0	0,1329707386891675
1518,0	0,0737927292603531
1519,0	0,1638392652527677
1520,0	0,022301249947487927
1521,0	0,09052480003831752
1522,0	0,08261479527926979
1523,0	0,15728767834440077
1524,0	0,14732807257485228
1525,0	0,06077149539237254
1526,0	0,06200881386670001
1527,0	0,11358218937105033
1528,0	0,06753918902221422
1529,0	0,12560225496217364
1530,0	0,04703918398860301
1531,0	0,07777382131406056
1532,0	0,10213769035162269
1533,0	0,0648575839954855
1534,0	0,046564052152345464
1535,0	0,06730447855409825
1536,0	0,1272399291372795
1537,0	0,1570233223471389
1538,0	0,12823667584870665
1539,0	0,09354912247731426
1540,0	0,10678370426171695
1541,0	0,17072849381653574
1542,0	0,27293277530673216
1543,0	0,052119294677295355
1544,0	0,08354652118377745
1545,0	0,019604839868979883
1546,0	0,08822401119023945
1547,0	0,08536608607103728
1548,0	0,08380098654531681
1549,0	0,12840815002703274
1550,0	0,03179743484866758
1551,0	0,0333183978086048
1552,0	0,07395899282990913
1553,0	0,032446522778577506
1554,0	0,12567438024683805
1555,0	0,03914547450697769
1556,0	0,09451802350413999
1557,0	0,13840739204001584
1558,0	0,15612562728542972
1559,0	0,07942156297416933
1560,0	0,06572840415705816
1561,0	0,04676679204570837
1562,0	0,04875718776811714
1563,0	0,09945515226326264
1564,0	0,1624566831175614
1565,0	0,14988490607117427
1566,0	0,09993084394232242
1567,0	0,05324921150089381
1568,0	0,08397536363166437
1569,0	0,12049973718547216
1570,0	0,06296206946358793
1571,0	0,13703998998820924
1572,0	0,14357547437939272
1573,0	0,1646197551746872
1574,0	0,08138838722392176
1575,0	0,10565309576329682
1576,0	0,2799729228947194
1577,0	0,168457105753746
1578,0	0,1894550239941422
1579,0	0,16186397812574682
1580,0	0,1810601720006112
1581,0	0,10382798520239048
1582,0	0,056435622121006834
1583,0	0,1168883179635111
1584,0	0,09934443575681587
1585,0	0,05022697732699618
1586,0	0,06989075031162757
1587,0	0,04973118964334057
1588,0	0,14112447058528543
1589,0	0,2695297035673882
1590,0	0,07353806662417955
1591,0	0,18227670624371137
1592,0	0,10678337117095431
1593,0	0,0849147820787302
1594,0	0,07656570077871436
1595,0	0,11980366153321047
1596,0	0,12129642682828363
1597,0	0,009610539291383438
1598,0	0,03228406452149356
1599,0	0,11592564734579239
1600,0	0,10460412205109365
1601,0	0,15908475260751706
1602,0	0,147542453736458
1603,0	0,1800929754811357
1604,0	0,180000050566896
1605,0	0,07435801069036393
1606,0	0,21400080906412572
1607,0	0,1429498680288216
1608,0	0,08616005480616411
1609,0	0,1455555329339087
1610,0	0,09932842568691574
1611,0	0,1177413305974587
1612,0	0,05833876825997051
1613,0	0,038941769147228134
1614,0	0,18008914123595368
1615,0	0,18806860111098497
1616,0	0,09461598872963045
1617,0	0,25033315718386945
1618,0	0,2201435022527773
1619,0	0,1974777323011413
1620,0	0,15443225489726498
1621,0	0,09729234964518978
1622,0	0,03693984568831413
1623,0	0,05990193331015979
1624,0	0,093660209238471
1625,0	0,03837244429081257
1626,0	0,062163135290211766
1627,0	0,13832103334669663
1628,0	0,15419667842076323
1629,0	0,12622160387006534
1630,0	0,09940858141870915
1631,0	0,0878429065301967
1632,0	0,11473403033244114
1633,0	0,036863897836660206
1634,0	0,10782165891610987
1635,0	0,04708026430341718
1636,0	0,1888048314741288
1637,0	0,21063847539669872
1638,0	0,20836196115898836
1639,0	0,12138941419257433
1640,0	0,11866223911835921
1641,0	0,11317154143285048
1642,0	0,09063823803319733
1643,0	0,025492810219800544
1644,0	0,21777239257727224
1645,0	0,15266230154620464
1646,0	0,11459853622808062
1647,0	0,1583375225647475
1648,0	0,01447755753340829
1649,0	0,034856495946271604
1650,0	0,06971123576572186
1651,0	0,13028515624912407
1652,0	0,08114743839766522
1653,0	0,06405595846438691
1654,0	0,045371898925095605
1655,0	0,053212619470024855
1656,0	0,11626833238772236
1657,0	0,0988541013223227
1658,0	0,08636467910729162
1659,0	0,06691472733477544
1660,0	0,14390444944878172
1661,0	0,1385361333627185
1662,0	0,1360456562901401
1663,0	0,22966411415788643
1664,0	0,07622800642338164
1665,0	0,13393560076608685
1666,0	0,07578777470186455
1667,0	0,06058226851032345
1668,0	0,051255133546581295
1669,0	0,10032736307929441
1670,0	0,04482898238502823
1671,0	0,0029131171418595183
1672,0	0,11289797463718741
1673,0	0,0548236390299726
1674,0	0,17354375525154178
1675,0	0,16600830304924455
1676,0	0,14617054899154888
1677,0	0,1354134086622169
1678,0	0,14154246199931586
1679,0	0,09827866505924558
1680,0	0,19456069522406022
1681,0	0,20568551567242926
1682,0	0,12393441065206395
1683,0	0,22694878107021185
1684,0	0,2196383340028068
1685,0	0,03132646519210846
1686,0	0,07068849246675411
1687,0	0,01605291848848752
1688,0	0,08257772652310623
1689,0	0,1513110856258311
1690,0	0,10046065800064467
1691,0	0,26973301465939825
1692,0	0,16051499932072064
1693,0	0,04715162580682981
1694,0	0,0981929196348876
1695,0	0,05784136005030701
1696,0	0,09710838820652982
1697,0	0,18508886251201187
1698,0	0,022395399021016307
1699,0	0,02113586862908633
1700,0	0,08141022474074715
1701,0	0,1273174484689523
1702,0	0,04073526984647813
1703,0	0,03555147325149675
1704,0	0,08822981082597606
1705,0	0,0793147367822697
1706,0	0,02303613048762059
1707,0	0,11151456973859729
1708,0	0,04612231278338744
1709,0	0,0978598362920199
1710,0	0,021043013494236006
1711,0	0,011529949760052569
1712,0	0,16920481109893773
1713,0	0,035291569116417704
1714,0	0,12574401708628247
1715,0	0,04596508198742295
1716,0	0,14591089164271
1717,0	0,09437472894382755
1718,0	0,09035874876451935
1719,0	0,05457998148827139
1720,0	0,08025167673004566
1721,0	0,15575037032220676
1722,0	0,19748819945345755
1723,0	0,2102380565436514
1724,0	0,2311562986205102
1725,0	0,12074557372659936
1726,0	0,06377030702834749
1727,0	0,10626820236801134
1728,0	0,2023592110418629
1729,0	0,056301199530182165
1730,0	0,1879490031039603
1731,0	0,11257377747112039
1732,0	0,18324663756302043
1733,0	0,0689339027820364
1734,0	0,09357280167567242
1735,0	0,06205828405542593
1736,0	0,07762078464525145
1737,0	0,076109516835127
1738,0	0,06553921625994479
1739,0	0,1051794041671847
1740,0	0,19578085240042467
1741,0	0,10740717103701432
1742,0	0,022048138126719425
1743,0	0,18219309274737988
1744,0	0,10932454839950448
1745,0	0,11432212198758519
1746,0	0,18573615493192328
1747,0	0,16190874768592695
1748,0	0,13038276780828942
1749,0	0,12635983064511783
1750,0	0,09439936794267427
1751,0	0,1754822763953743
1752,0	0,11500209108123151
1753,0	0,06948133308678313
1754,0	0,14590777792369009
1755,0	0,14975205588917137
1756,0	0,10272892301699114
1757,0	0,15206759944958023
1758,0	0,17326230323401262
1759,0	0,21918210480596603
1760,0	0,14272059353862182
1761,0	0,12536249418566411
1762,0	0,07953259438954237
1763,0	0,09004620321320167
1764,0	0,15214047177456091
1765,0	0,15196991901574117
1766,0	0,1565228828964375
1767,0	0,12940625631860792
1768,0	0,15866315893502708
1769,0	0,10249679147849422
1770,0	0,11809327104604712
1771,0	0,09039901394008686
1772,0	0,06807168180260342
1773,0	0,1691588101841888
1774,0	0,08171393818232583
1775,0	0,11208154426746703
1776,0	0,10028531127397752
1777,0	0,11703140704349678
1778,0	0,11406132724658145
1779,0	0,07841796851623324
1780,0	0,1288324114489597
1781,0	0,0732174520783942
1782,0	0,17763227877932958
1783,0	0,07995122014681405
1784,0	0,09030562146666991
1785,0	0,11614473885338532
1786,0	0,052130471682354275
1787,0	0,1804704965642071
1788,0	0,07821313843439577
1789,0	0,07787073169527466
1790,0	0,10824370320989368
1791,0	0,048766426682824604
1792,0	0,0749849570945953
1793,0	0,12323749643247077
1794,0	0,09145845414353432
1795,0	0,10575429313341768
1796,0	0,19026695792517015
1797,0	0,0855598470356063
1798,0	0,10584228513525472
1799,0	0,07813668590219734
1800,0	0,08059674353531299
1801,0	0,10186820578055657
1802,0	0,05480219641219574
1803,0	0,08467898429095908
1804,0	0,1442548181649121
1805,0	0,20393268582011928
1806,0	0,08741309517682591
1807,0	0,10701956930756915
1808,0	0,06479327620042659
1809,0	0,13214606810896143
1810,0	0,09194637514338079
1811,0	0,14669485173712665
1812,0	0,024855068895133867
1813,0	0,0677630692357991
1814,0	0,03667083849492549
1815,0	0,11981039709066901
1816,0	0,14247958436808436
1817,0	0,13154016406645755
1818,0	0,15752837078392698
1819,0	0,07503839288681653
1820,0	0,11133109699146305
1821,0	0,07633948937758026
1822,0	0,046079914365270584
1823,0	0,19019960851072867
1824,0	0,17920845600791224
1825,0	0,18163265611609183
1826,0	0,26718998128136007
1827,0	0,16784559718105677
1828,0	0,18376567772882726
1829,0	0,24936831290705458
1830,0	0,253596419003592
1831,0	0,15120131484518667
1832,0	0,05538200446412842
1833,0	0,08564597191097242
1834,0	0,1492323028437066
1835,0	0,1620439419667423
1836,0	0,196715477951924
1837,0	0,16842344928331712
1838,0	0,14997555443406854
1839,0	0,14835049918636276
1840,0	0,12348568044038263
1841,0	0,0876524433222466
1842,0	0,11175530684427695
1843,0	0,06259792740542053
1844,0	0,13332133642419877
1845,0	0,1680206944485792
1846,0	0,1098902966847007
1847,0	0,13991345321298518
1848,0	0,1490861728389135
1849,0	0,15994101483188433
1850,0	0,08723497936962937
1851,0	0,1404182326215929
1852,0	0,12003848066455128
1853,0	0,06834787454173719
1854,0	0,049014012419844905
1855,0	0,04506804521765868
1856,0	0,057720258996097756
1857,0	0,05755751409736425
1858,0	0,08093832603750023
1859,0	0,06469862690460722
1860,0	0,11514434412922432
1861,0	0,12561172120364467
1862,0	0,12738233741893254
1863,0	0,19942967848207435
1864,0	0,19294640584756861
1865,0	0,11949316821771686
1866,0	0,17168013848327543
1867,0	0,1964259819546634
1868,0	0,2534357513591489
1869,0	0,15019729722042405
1870,0	0,17813590004273872
1871,0	0,07008808556097436
1872,0	0,02415741275447221
1873,0	0,11458231957416799
1874,0	0,08124285588392273
1875,0	0,039860320281149435
1876,0	0,1030679850847918
1877,0	0,14261428365150045
1878,0	0,15682906444117298
1879,0	0,1914740354855008
1880,0	0,22029785053507167
1881,0	0,22376971925946834
1882,0	0,16372270307449438
1883,0	0,26438391422718943
1884,0	0,16860240896168352
1885,0	0,1063679076311156
1886,0	0,22789320190595921
1887,0	0,11743286797157954
1888,0	0,11976505047439615
1889,0	0,05560136077569706
1890,0	0,028044992246944084
1891,0	0,024844248985859456
1892,0	0,06736636465487109
1893,0	0,11602484736026639
1894,0	0,1164475291107317
1895,0	0,13551350231598597
1896,0	0,023553130478459538
1897,0	0,1402346904141996
1898,0	0,17760651599489544
1899,0	0,09726155324060354
1900,0	0,1157523353464946
1901,0	0,07739405111325419
1902,0	0,08431247136941973
1903,0	0,09882957642650088
1904,0	0,06830470833930379
1905,0	0,06861873929963086
1906,0	0,05886168069271791
1907,0	0,02767065062988174
1908,0	0,15240465354218186
1909,0	0,19171768408697382
1910,0	0,0722416113296172
1911,0	0,1502090896247596
1912,0	0,07839775578433976
1913,0	0,0671019603148174
1914,0	0,11669183501669998
1915,0	0,15995554468630754
1916,0	0,1731393447981872
1917,0	0,10964047265126393
1918,0	0,0924554487952706
1919,0	0,10139815963727283
1920,0	0,09410437529226688
1921,0	0,05126479712635387
1922,0	0,13107765507946453
1923,0	0,15618736849200274
1924,0	0,07499171835976545
1925,0	0,09709743331764441
1926,0	0,09582432648092705
1927,0	0,19589947980084388
1928,0	0,1999475274555573
1929,0	0,17883486434171342
1930,0	0,15710939849141609
1931,0	0,201087951144861
1932,0	0,2564503988659333
1933,0	0,3011449545742805
1934,0	0,16458530582696626
1935,0	0,18576322301184062
1936,0	0,07670356605898303
1937,0	0,05354503687806277
1938,0	0,04997723009513821
1939,0	0,08696476280054449
1940,0	0,05105138251348378
1941,0	0,009128456981688708
1942,0	0,07648525983730434
1943,0	0,10577112602761887
1944,0	0,1239993350113643
1945,0	0,08016278713906075
1946,0	0,16791822156162442
1947,0	0,17942280309051312
1948,0	0,07612895508355094
1949,0	0,1418824956270034
1950,0	0,1219843224164726
1951,0	0,0987730204114436
1952,0	0,09940682654953333
1953,0	0,18988147312127693
1954,0	0,23310293335527146
1955,0	0,1384090279618082
1956,0	0,28798466492275343
1957,0	0,21559333334455644
1958,0	0,10775088880036397
1959,0	0,08676940969995703
1960,0	0,09772757284937067
1961,0	0,12919819704044344
1962,0	0,20636035779950834
1963,0	0,10469701525718209
1964,0	0,08922136355201243
1965,0	0,09045435419068418
1966,0	0,1011893530630224
1967,0	0,12440153661007979
1968,0	0,13274256472461973
1969,0	0,08781834099413946
1970,0	0,16369950725640883
1971,0	0,1517040158312571
1972,0	0,11589310982891007
1973,0	0,12456276339937546
1974,0	0,07663459563105962
1975,0	0,10159577294908188
1976,0	0,0767426512855491
1977,0	0,06148708640770282
1978,0	0,15897238433886807
1979,0	0,01966099762763139
1980,0	0,041580424752378095
1981,0	0,08135362214784538
1982,0	0,0868222060931412
1983,0	0,05026847955574063
1984,0	0,0367645841438071
1985,0	0,06585676874927983
1986,0	0,09459018083299682
1987,0	0,14200014740549757
1988,0	0,10945041914836225
1989,0	0,15977970806959452
1990,0	0,06329972913966463
1991,0	0,02680276060925497
1992,0	0,15072119256963246
1993,0	0,17931616202346606
1994,0	0,1874439069677093
1995,0	0,20775407553435457
1996,0	0,21737532316836158
1997,0	0,1626366682928525
1998,0	0,11438960991629306
1999,0	0,09755978423080093
2000,0	0,14533652423904633
