N: 100,0	L: 	Density:0,16	Noise: 4,6
Time	 Va	
0,0	0,12636195655239296
1,0	0,08830256243300487
2,0	0,10486576761978898
3,0	0,12007753217093807
4,0	0,1419396126292835
5,0	0,0983356466117301
6,0	0,04676894431067025
7,0	0,13676785697200483
8,0	0,1033261227733533
9,0	0,18279419991135806
10,0	0,05120747784478762
11,0	0,06659065988982642
12,0	0,07006100862578957
13,0	0,05721559803487188
14,0	0,10783542592101497
15,0	0,094952413830522
16,0	0,13205860578903925
17,0	0,10867349388241888
18,0	0,022406619141204773
19,0	0,1433879959759486
20,0	0,179348710531875
21,0	0,05890983487132515
22,0	0,05277509034455046
23,0	0,1048507296326096
24,0	0,0880761477394679
25,0	0,029540964907922948
26,0	0,15423916707258575
27,0	0,17534577654834896
28,0	0,08491252772865816
29,0	0,046012223590728915
30,0	0,05842993638145435
31,0	0,0825830120115787
32,0	0,09307031299274805
33,0	0,02304417890810467
34,0	0,011551834884495588
35,0	0,13326729397277268
36,0	0,1787657361671536
37,0	0,05672847543551001
38,0	0,08324341371937494
39,0	0,10963958793058463
40,0	0,13322714061821914
41,0	0,040690797134895915
42,0	0,04535744256120674
43,0	0,033363008628326446
44,0	0,10101681520704774
45,0	0,12004126196277112
46,0	0,12991739929378715
47,0	0,09229759665177381
48,0	0,06861951353033695
49,0	0,1630391645238351
50,0	0,12946895886927318
51,0	0,13787242899318128
52,0	0,037456773832772496
53,0	0,13426721865193456
54,0	0,1381035081355056
55,0	0,05310689176790164
56,0	0,06340779675819018
57,0	0,09107637393468737
58,0	0,0735030122528659
59,0	0,13632077676591328
60,0	0,11030083551259924
61,0	0,19468343818307815
62,0	0,12360698820279235
63,0	0,1006688279257676
64,0	0,060675241811683794
65,0	0,020671116191381653
66,0	0,05746408147957963
67,0	0,034536205784393204
68,0	0,09741390117378548
69,0	0,16572804934608792
70,0	0,11217926875348398
71,0	0,010182555304790501
72,0	0,09799496979544099
73,0	0,10211927126394557
74,0	0,15579516978045763
75,0	0,15508023338976445
76,0	0,015531758304046722
77,0	0,03109354133589442
78,0	0,03384478969732144
79,0	0,07389585023666452
80,0	0,19473153000029153
81,0	0,05370526609661574
82,0	0,08624226152964722
83,0	0,07438778150337359
84,0	0,15534317184951255
85,0	0,09361518413501067
86,0	0,11201332528177456
87,0	0,0777734774268211
88,0	0,11396619044607521
89,0	0,16649376138437963
90,0	0,10018135606626198
91,0	0,06805608493446527
92,0	0,12699232298925506
93,0	0,10574096661638914
94,0	0,044845405628865215
95,0	0,1779373722093415
96,0	0,042590799589686035
97,0	0,04152765170564151
98,0	0,1081719287228986
99,0	0,041901206112684795
100,0	0,21439500903451528
101,0	0,17730099087239246
102,0	0,046828701184995575
103,0	0,0503725980081686
104,0	0,06830071705328694
105,0	0,07353074982953169
106,0	0,14098157133204006
107,0	0,15493985850690434
108,0	0,1618585464222431
109,0	0,08946524668381571
110,0	0,04370705774985304
111,0	0,09226150330557929
112,0	0,03764222757964944
113,0	0,05360530817399599
114,0	0,1354092216384075
115,0	0,10327459599971055
116,0	0,030681864476197133
117,0	0,017401012474251965
118,0	0,045400985825864715
119,0	0,12855702565205507
120,0	0,11220333177123337
121,0	0,2219210185971457
122,0	0,10624965672261046
123,0	0,10439648777459931
124,0	0,10309464461218949
125,0	0,07351211836477305
126,0	0,18552476020025255
127,0	0,12116684314845583
128,0	0,20184554259789875
129,0	0,055438638320676845
130,0	0,0159601701275672
131,0	0,07409127558669339
132,0	0,1172409526027821
133,0	0,08329855021295152
134,0	0,06839762087137752
135,0	0,07431955632543152
136,0	0,0352505072841947
137,0	0,1277830005612157
138,0	0,10960823401446826
139,0	0,15719784873038958
140,0	0,08323568353231721
141,0	0,048729284651635056
142,0	0,11641477406600385
143,0	0,08977106510683351
144,0	0,14077250826727986
145,0	0,026441951347238143
146,0	0,04529226445849103
147,0	0,2033900902894666
148,0	0,10544047970283318
149,0	0,11969945544391984
150,0	0,08413631774323214
151,0	0,09520422476276783
152,0	0,08598627071277165
153,0	0,1101816491170437
154,0	0,08153030269003164
155,0	0,06655254678750565
156,0	0,11597716276596076
157,0	0,18447406403189837
158,0	0,12163423591256448
159,0	0,07220598861939556
160,0	0,20408776888649044
161,0	0,06436715537657131
162,0	0,07963860984396857
163,0	0,11154704028241326
164,0	0,12825388232045593
165,0	0,04075341534153343
166,0	0,14212259822955192
167,0	0,20919560547906527
168,0	0,051609521158289394
169,0	0,1772261707865696
170,0	0,14897941909363538
171,0	0,08318478888255466
172,0	0,08719511141489879
173,0	0,003548231104417645
174,0	0,04274126491472236
175,0	0,07494797754245036
176,0	0,054247324826505156
177,0	0,013566937041285247
178,0	0,11986886026223867
179,0	0,05855961726007576
180,0	0,03872325607155188
181,0	0,0943210970012876
182,0	0,030349869063958736
183,0	0,1768652629479053
184,0	0,13893692849493336
185,0	0,09227254013856158
186,0	0,03095614877916553
187,0	0,054610420782971375
188,0	0,06810402035791936
189,0	0,19423204595428484
190,0	0,23245592689081382
191,0	0,025186443922515813
192,0	0,06565395995154012
193,0	0,08402628477099401
194,0	0,03127759714443267
195,0	0,1116294512106184
196,0	0,0647185811631951
197,0	0,0083672803910162
198,0	0,08301874839800114
199,0	0,08123139740383341
200,0	0,013576552735233078
201,0	0,10371776474729634
202,0	0,04660322873540512
203,0	0,11023000774651512
204,0	0,08398201962656661
205,0	0,08848951228693464
206,0	0,07833884641722849
207,0	0,10558498161398873
208,0	0,03226652219433997
209,0	0,10511062418469622
210,0	0,12553168431832973
211,0	0,12497018424095231
212,0	0,1274909549740699
213,0	0,12338386495057198
214,0	0,10778220665582938
215,0	0,09768126874163421
216,0	0,06102171810530407
217,0	0,09098367992919491
218,0	0,10093301574723033
219,0	0,06395966801410727
220,0	0,1311639513822837
221,0	0,046819212148717884
222,0	0,009350079318807127
223,0	0,13792684117994408
224,0	0,09954079393540369
225,0	0,09748128628442113
226,0	0,12360106189247279
227,0	0,13418955450555384
228,0	0,08947005104117409
229,0	0,10730493902954064
230,0	0,12727147031507607
231,0	0,04198461026389
232,0	0,09258264761983051
233,0	0,13917486956277772
234,0	0,11063499852459709
235,0	0,08728736413609427
236,0	0,04973985859441095
237,0	0,06371469171846214
238,0	0,05621324352111459
239,0	0,1292757208612256
240,0	0,03426585765404013
241,0	0,1082468584258472
242,0	0,11814162888178337
243,0	0,20127957839790736
244,0	0,12284333460159459
245,0	0,22902066262803197
246,0	0,20528781883088315
247,0	0,058407257319885435
248,0	0,1737421284958924
249,0	0,17300784147024323
250,0	0,09612167766248471
251,0	0,06346281213818471
252,0	0,08886442712520538
253,0	0,10399194580877233
254,0	0,113000823680504
255,0	0,10429839327061077
256,0	0,13069504643583305
257,0	0,17195111509210934
258,0	0,03813030421552998
259,0	0,13811962374945458
260,0	0,17403508302357742
261,0	0,11553568914299404
262,0	0,1403651823833001
263,0	0,11616107209437608
264,0	0,09238007526009269
265,0	0,11146076085123621
266,0	0,08165376884044687
267,0	0,11674084412091341
268,0	0,12687489349674916
269,0	0,10934693812876388
270,0	0,1047344527654468
271,0	0,13240043521991224
272,0	0,0614204041171272
273,0	0,05534690085389816
274,0	0,059134591852132594
275,0	0,13025473602560317
276,0	0,07211918186874591
277,0	0,0642379086351717
278,0	0,09559323469788454
279,0	0,13612805909943643
280,0	0,07155157181965012
281,0	0,07753242959337432
282,0	0,09089860284704138
283,0	0,01983609756669651
284,0	0,13167918863457986
285,0	0,14062986307658823
286,0	0,1079561677432879
287,0	0,0539566434167715
288,0	0,09346352925783773
289,0	0,028930694467366104
290,0	0,05732359465760695
291,0	0,17245458097377495
292,0	0,15887203320698864
293,0	0,06662124668205531
294,0	0,13692397949408325
295,0	0,05873514624989606
296,0	0,11153068432419953
297,0	0,3146815957805863
298,0	0,1292768610379643
299,0	0,09259828520577165
300,0	0,17273452583301335
301,0	0,05225499216475862
302,0	0,19910953648562346
303,0	0,03745608463659857
304,0	0,19935799785982758
305,0	0,11932262296881976
306,0	0,11572015896564539
307,0	0,0788049652583421
308,0	0,01953957406244949
309,0	0,02285380033156871
310,0	0,09646106133769795
311,0	0,06022445605260632
312,0	0,10653320074708401
313,0	0,13773830707064091
314,0	0,15868177114118992
315,0	0,08254350911247486
316,0	0,07517757132110943
317,0	0,13247377935542323
318,0	0,1116950568941403
319,0	0,11826152564908747
320,0	0,060273841107240364
321,0	0,12369163774286522
322,0	0,17535976272596845
323,0	0,19558436748142186
324,0	0,07760323428329903
325,0	0,09853000903601042
326,0	0,16309156559252697
327,0	0,16635927428925149
328,0	0,1329528298053378
329,0	0,21485695663613363
330,0	0,13699102926247456
331,0	0,09687549859477161
332,0	0,10543726355619462
333,0	0,03700262054594429
334,0	0,004412316306073447
335,0	0,17990245561148485
336,0	0,07463054915385174
337,0	0,0121802930284243
338,0	0,07795895293432327
339,0	0,10107090499639584
340,0	0,0864675456446096
341,0	0,05775236109749877
342,0	0,08206218583834213
343,0	0,13726322339353303
344,0	0,07239634716451934
345,0	0,1676187000085355
346,0	0,0834721935804956
347,0	0,1856021613550219
348,0	0,027210539699418668
349,0	0,03690435124620852
350,0	0,06980710393254994
351,0	0,0436454556984254
352,0	0,09026261621502539
353,0	0,16332464624427975
354,0	0,18499447565170482
355,0	0,12638083771294442
356,0	0,22589624480736473
357,0	0,042969987888427895
358,0	0,02399826731003492
359,0	0,15529106930856698
360,0	0,07533882001163904
361,0	0,07301601005993033
362,0	0,04310416054639441
363,0	0,05949251369540763
364,0	0,037061119658625984
365,0	0,12007601504464596
366,0	0,06635720556633626
367,0	0,07306567541007711
368,0	0,10342742448392396
369,0	0,17556629647682837
370,0	0,14721378936703944
371,0	0,039952086525192644
372,0	0,15240485334219928
373,0	0,20498199338932638
374,0	0,10054560349754077
375,0	0,15966041887459156
376,0	0,07363097766495982
377,0	0,07139223505811063
378,0	0,02675543171479001
379,0	0,06711003743097993
380,0	0,06797455253590588
381,0	0,16106254818952234
382,0	0,2129645810992559
383,0	0,18204568454365003
384,0	0,12574158404939334
385,0	0,12491988733787782
386,0	0,11567469195251696
387,0	0,09384014941485878
388,0	0,05836449727095258
389,0	0,1684108129873284
390,0	0,14949616003267402
391,0	0,037382183114291125
392,0	0,13478507639637563
393,0	0,09075427422812223
394,0	0,10920806190250984
395,0	0,05502830923475425
396,0	0,10153264155626655
397,0	0,05490604507985928
398,0	0,13797398759306254
399,0	0,10828850247654905
400,0	0,10934351674859617
401,0	0,13985493695524942
402,0	0,17133459673129742
403,0	0,19200084239076604
404,0	0,061188133468523274
405,0	0,25847797063908645
406,0	0,09920183673023038
407,0	0,19838440362653387
408,0	0,06777270391883576
409,0	0,11362180565704776
410,0	0,04412190198469219
411,0	0,0324037523440152
412,0	0,0744627123480419
413,0	0,0256850960571769
414,0	0,03248714079588016
415,0	0,08362480402810439
416,0	0,09617144069779399
417,0	0,09088347104035628
418,0	0,13403879919290926
419,0	0,039426422401155584
420,0	0,026522647264233812
421,0	0,14752659392019332
422,0	0,13979411569294925
423,0	0,042375025778650384
424,0	0,09913508834854136
425,0	0,08275977395735204
426,0	0,07790038939608059
427,0	0,2742024291243224
428,0	0,06907814726069653
429,0	0,13829341673768952
430,0	0,030007008275187996
431,0	0,15776688748930212
432,0	0,1735154697637261
433,0	0,16880692004525333
434,0	0,1187211803458758
435,0	0,06666887588627382
436,0	0,08955603977423672
437,0	0,018697100208605263
438,0	0,09688613248338053
439,0	0,04964274776867756
440,0	0,05857969030827799
441,0	0,08744501826415425
442,0	0,18754314582022494
443,0	0,0416164191704747
444,0	0,09520702372397603
445,0	0,1164096212429371
446,0	0,1554717604939402
447,0	0,028164556513560122
448,0	0,13137134745938528
449,0	0,11960639300716529
450,0	0,035469252600565014
451,0	0,12783623250536352
452,0	0,021800572609466794
453,0	0,035353551179742516
454,0	0,06428340620298947
455,0	0,19595028374018775
456,0	0,1894190294252184
457,0	0,14739786484836176
458,0	0,058829544324704955
459,0	0,03267265909294116
460,0	0,12012445114785124
461,0	0,06635236515532614
462,0	0,13940993142308153
463,0	0,12537414626560708
464,0	0,16197271306987987
465,0	0,21956478739902893
466,0	0,2105643219751006
467,0	0,25207408067329196
468,0	0,16480213000540317
469,0	0,053773108491744756
470,0	0,17020038470463322
471,0	0,0829096210635436
472,0	0,11867802166439637
473,0	0,05513119289949246
474,0	0,07432974260864535
475,0	0,08347245346544022
476,0	0,04798757136056788
477,0	0,16402159224852605
478,0	0,02431801819053356
479,0	0,0263881242118593
480,0	0,0499334860202756
481,0	0,1009256445465553
482,0	0,043319472243700814
483,0	0,10764350828049433
484,0	0,05555580399730832
485,0	0,13022366154284767
486,0	0,09861807810939414
487,0	0,14973807662868183
488,0	0,15551283100165758
489,0	0,12839462178780905
490,0	0,08303962941462198
491,0	0,10932142610934072
492,0	0,1206682007356887
493,0	0,11519264913403805
494,0	0,01304794440617059
495,0	0,016565132829046997
496,0	0,16205395831513913
497,0	0,15914903616281723
498,0	0,1947705500539935
499,0	0,1398139189448881
500,0	0,09456151865555935
501,0	0,1398445090881478
502,0	0,11655517578307638
503,0	0,0826238561641612
504,0	0,08711192280068802
505,0	0,1359449748859584
506,0	0,10798977997151168
507,0	0,08045247816558664
508,0	0,03637487492643851
509,0	0,11331005138788562
510,0	0,17012171755752614
511,0	0,1106471059552245
512,0	0,1896302312813119
513,0	0,1242061320804062
514,0	0,09940371552128635
515,0	0,24243620114657624
516,0	0,13792508955777388
517,0	0,12634248629602693
518,0	0,13892784013173826
519,0	0,09876323610924409
520,0	0,141362812338057
521,0	0,20219185033763473
522,0	0,06537668450905115
523,0	0,07873408036367806
524,0	0,016755222604291596
525,0	0,024729103474754374
526,0	0,07792205074953498
527,0	0,08670394916652605
528,0	0,09864843668484066
529,0	0,15457303954155416
530,0	0,09444323378263664
531,0	0,16164539242604742
532,0	0,030774999098266243
533,0	0,0653276560537103
534,0	0,02726980737380253
535,0	0,0624998045122029
536,0	0,040683611123202644
537,0	0,09142042918384514
538,0	0,2377361954222766
539,0	0,16833856340897932
540,0	0,07950648496657009
541,0	0,11843731545893754
542,0	0,11498656253720106
543,0	0,19273115071957878
544,0	0,14787166841245084
545,0	0,05542432825495672
546,0	0,06437675423716373
547,0	0,07697665015575242
548,0	0,10736970115373375
549,0	0,02565116586877654
550,0	0,09781869808861815
551,0	0,14986469468424254
552,0	0,09904934199809
553,0	0,08318615375092642
554,0	0,12923805728441898
555,0	0,04697833380180563
556,0	0,033320293062075707
557,0	0,07194042368744784
558,0	0,10722184658880406
559,0	0,03290887565518572
560,0	0,027697372117843552
561,0	0,052636530554848064
562,0	0,08763391455605422
563,0	0,15453925905844598
564,0	0,11976155485681811
565,0	0,09380947990787045
566,0	0,06311109332371295
567,0	0,15139432728468816
568,0	0,19388675052037355
569,0	0,1935633878304746
570,0	0,20222813297496678
571,0	0,09159162756085602
572,0	0,13539061781694442
573,0	0,02428084009016695
574,0	0,11515840000264947
575,0	0,05478012719146752
576,0	0,017987290559425516
577,0	0,11045714934071468
578,0	0,2472794999939823
579,0	0,024571203613242616
580,0	0,033844594118162555
581,0	0,10829510024066306
582,0	0,1314424898143633
583,0	0,20558594617997686
584,0	0,1374073036262634
585,0	0,1356622284839858
586,0	0,0715769069455681
587,0	0,043132461818656466
588,0	0,15375485234520034
589,0	0,07869322404141531
590,0	0,13997737377235925
591,0	0,09994491943809672
592,0	0,030211878527937216
593,0	0,060641833331292
594,0	0,1259258682359307
595,0	0,15545198761315432
596,0	0,14673113763190845
597,0	0,12370018415345337
598,0	0,06868353457611055
599,0	0,04526360668544205
600,0	0,08569232197252213
601,0	0,1637629652533967
602,0	0,26903383319664587
603,0	0,06990839468170669
604,0	0,11001481161445788
605,0	0,12989650150494197
606,0	0,07869707357083956
607,0	0,0667743412428267
608,0	0,22847335258348594
609,0	0,1139599191193895
610,0	0,10907609494083162
611,0	0,11254468600893833
612,0	0,014610148666476143
613,0	0,0779597129723261
614,0	0,09833754147033197
615,0	0,17676421630769001
616,0	0,17605943814150715
617,0	0,10186832999769078
618,0	0,21137053203417713
619,0	0,15765881345271981
620,0	0,08647620482379123
621,0	0,13394061364540236
622,0	0,0766670336415643
623,0	0,09326227202691366
624,0	0,07832416613538447
625,0	0,17617090491034
626,0	0,026068156792322057
627,0	0,062445273183387155
628,0	0,09574895225121699
629,0	0,11057159343245303
630,0	0,08803755194380342
631,0	0,09984188240720418
632,0	0,15066680702482285
633,0	0,06559342672839233
634,0	0,18742116587054225
635,0	0,07042711858973587
636,0	0,11548192352849182
637,0	0,07620831133238518
638,0	0,09018113073450613
639,0	0,029364078634774384
640,0	0,15654739767663975
641,0	0,054990969709993384
642,0	0,077907591999727
643,0	0,03633372477543805
644,0	0,09073341088390227
645,0	0,1450363475519178
646,0	0,05938929741392772
647,0	0,16780549180412452
648,0	0,13245652579923617
649,0	0,08200936734993292
650,0	0,02500589096659505
651,0	0,1463590717031421
652,0	0,03000566956076435
653,0	0,12234897318317718
654,0	0,0706296219305391
655,0	0,06306203093999997
656,0	0,11206084200624539
657,0	0,08560857453116127
658,0	0,006318071219654659
659,0	0,09745861246269226
660,0	0,031789863530078975
661,0	0,05471968731680763
662,0	0,005626485134370238
663,0	0,06714568228867437
664,0	0,06689117665728944
665,0	0,05091308366274569
666,0	0,04882076920153373
667,0	0,013794908622726582
668,0	0,05848715206795484
669,0	0,02795985705257487
670,0	0,02553788026301233
671,0	0,027790758646999206
672,0	0,08266177320357823
673,0	0,023991552315593658
674,0	0,18388437951086656
675,0	0,18709733612181342
676,0	0,17212973341082102
677,0	0,06593825758466322
678,0	0,04614159090584012
679,0	0,05840526762536378
680,0	0,026362446682153515
681,0	0,08990230077331555
682,0	0,09263864344800825
683,0	0,11419621818449772
684,0	0,05461506566989543
685,0	0,11443052366656406
686,0	0,03984593724923366
687,0	0,06214882954761044
688,0	0,13435089691288457
689,0	0,07125969367441508
690,0	0,04229468615366695
691,0	0,1449216315876974
692,0	0,10809181561140627
693,0	0,14362380224857887
694,0	0,13667027004854285
695,0	0,12515697765759712
696,0	0,08189492197667562
697,0	0,1478394469267957
698,0	0,04762689124426396
699,0	0,032124991357349565
700,0	0,09199438438008709
701,0	0,2477912569274808
702,0	0,08840256023543412
703,0	0,12194194415011758
704,0	0,11699183205177194
705,0	0,07383846006272939
706,0	0,08926638394909432
707,0	0,09107283365687407
708,0	0,1291809457596619
709,0	0,20854296290962535
710,0	0,0743808670768348
711,0	0,1452959933541393
712,0	0,04501311162775758
713,0	0,13547330042349476
714,0	0,051953949290629596
715,0	0,0811127154741329
716,0	0,10275219563157413
717,0	0,2077224707525671
718,0	0,12727335507687304
719,0	0,019523561766819176
720,0	0,04555250828648471
721,0	0,061055992728803916
722,0	0,12300814073319995
723,0	0,10798822705737256
724,0	0,11475307267429398
725,0	0,0771907683619159
726,0	0,08592987543072814
727,0	0,09646288895090264
728,0	0,16033554538934505
729,0	0,06423561861369881
730,0	0,07300712322882125
731,0	0,17427515400732338
732,0	0,1906164353477132
733,0	0,08039801544638801
734,0	0,15795870684915217
735,0	0,11554302000257416
736,0	0,10938551794154022
737,0	0,04745794920420243
738,0	0,01916550179977356
739,0	0,13241211599340583
740,0	0,06697955841877991
741,0	0,04827379934663125
742,0	0,12682827335100455
743,0	0,037478045052573204
744,0	0,10109050726197871
745,0	0,1007726953107846
746,0	0,021475708438737938
747,0	0,10611736741203023
748,0	0,04845713059452005
749,0	0,056565194303112895
750,0	0,059132155280970634
751,0	0,1253456186838701
752,0	0,11708655431728134
753,0	0,06495310639159321
754,0	0,06612806385028772
755,0	0,13481227128737053
756,0	0,23554554579029058
757,0	0,17996292309115658
758,0	0,07987107434101404
759,0	0,10195240142116505
760,0	0,08318109297171539
761,0	0,10229775678431699
762,0	0,13872409368440436
763,0	0,026936771887217558
764,0	0,09016399930653944
765,0	0,054276948321900206
766,0	0,08944730218396818
767,0	0,20602876151510227
768,0	0,13731047695014878
769,0	0,07911266789965807
770,0	0,09083736415233229
771,0	0,06170025691412367
772,0	0,09192127420078625
773,0	0,0852475496473493
774,0	0,06264871346351385
775,0	0,057380745976508093
776,0	0,06503884718886083
777,0	0,034093098348177524
778,0	0,1070067541952962
779,0	0,09787154410586334
780,0	0,0759311950030995
781,0	0,06760036905742996
782,0	0,02743761819515442
783,0	0,00954869844116996
784,0	0,10444700874559976
785,0	0,016556624345893115
786,0	0,16629483180379298
787,0	0,17487429436569452
788,0	0,16475557252859632
789,0	0,15993758846365952
790,0	0,1278296864880289
791,0	0,015848580943783924
792,0	0,0969313160953454
793,0	0,20753750219544823
794,0	0,05029277707527353
795,0	0,0418067264102529
796,0	0,12301539566018603
797,0	0,12513394045730047
798,0	0,08836428268019389
799,0	0,11334603939986937
800,0	0,05286306341852777
801,0	0,03254925613921111
802,0	0,07458541180499531
803,0	0,1461992226924567
804,0	0,08606279241843673
805,0	0,03342556556557585
806,0	0,15164562941504117
807,0	0,11676639851334832
808,0	0,03227073378617635
809,0	0,06098257111753506
810,0	0,0777013602490721
811,0	0,05936722991280466
812,0	0,16079714130679731
813,0	0,07034465389921597
814,0	0,05253710593443163
815,0	0,09411001391930766
816,0	0,11079705560997831
817,0	0,04007967503265884
818,0	0,1702295724086865
819,0	0,235262110286408
820,0	0,0560446550366876
821,0	0,10503859380774455
822,0	0,09306838867115545
823,0	0,09538543955970542
824,0	0,11215162776793022
825,0	0,04224058739366981
826,0	0,03613833499554284
827,0	0,05562037002716924
828,0	0,09142037297262719
829,0	0,062123374195572324
830,0	0,14464470212771907
831,0	0,045676243253786865
832,0	0,03000259584801022
833,0	0,027593685819504624
834,0	0,10196331463161652
835,0	0,07009129403008187
836,0	0,22728404586068393
837,0	0,14302231690318495
838,0	0,09151157973753203
839,0	0,09714654215281195
840,0	0,21499619864795871
841,0	0,05007329620144455
842,0	0,05771638751748689
843,0	0,14134248049441625
844,0	0,09909354925659244
845,0	0,07474142181549191
846,0	0,10885853930133278
847,0	0,06373370056479366
848,0	0,08843650840030105
849,0	0,08689464898284244
850,0	0,02004420413214799
851,0	0,1708733200125585
852,0	0,17005425221220075
853,0	0,15060309188822538
854,0	0,07905022852323093
855,0	0,09381772648420512
856,0	0,021867375834008815
857,0	0,08455666862557477
858,0	0,12742739047027818
859,0	0,20296955804073566
860,0	0,22538715558841346
861,0	0,2060092646174318
862,0	0,1921209902720287
863,0	0,18056575227089436
864,0	0,16031734768017752
865,0	0,13207237391757345
866,0	0,029426423655905056
867,0	0,03424943030996188
868,0	0,08594445775008817
869,0	0,1931232956780568
870,0	0,02690834356328642
871,0	0,0328451734335613
872,0	0,04311966774719691
873,0	0,0661434182064282
874,0	0,0835203080111265
875,0	0,10055720695576292
876,0	0,11268628177238268
877,0	0,16866581332634373
878,0	0,06955954698861218
879,0	0,11204035667598496
880,0	0,19461732123114198
881,0	0,11801357009246119
882,0	0,0030871990572458713
883,0	0,08248074554207149
884,0	0,09920599713009476
885,0	0,17411564340539537
886,0	0,16072189476670765
887,0	0,0408203707745334
888,0	0,1028113093861094
889,0	0,1364890325497213
890,0	0,11769712079949889
891,0	0,13736486022779365
892,0	0,03748848212377951
893,0	0,08177269088828051
894,0	0,070256796789524
895,0	0,0744070762263805
896,0	0,06899620235150575
897,0	0,061718120052811125
898,0	0,028712841134910468
899,0	0,08792972742668885
900,0	0,13196465204442884
901,0	0,07127362802556524
902,0	0,15440827751615369
903,0	0,09195574008153623
904,0	0,1711706073891198
905,0	0,10009945081009936
906,0	0,04676882775064743
907,0	0,024657935001139275
908,0	0,04226142659465784
909,0	0,0770087321221176
910,0	0,1100121876216924
911,0	0,1550245112979463
912,0	0,0407267181445252
913,0	0,08789329823724738
914,0	0,07069566212340352
915,0	0,12772673067249773
916,0	0,01544392473279513
917,0	0,19763404111969413
918,0	0,15491562541173623
919,0	0,06500316587935598
920,0	0,11217410141748194
921,0	0,08673987809323581
922,0	0,12841522231887917
923,0	0,07302442921884428
924,0	0,061385623580466266
925,0	0,16862731010072468
926,0	0,11179929578351637
927,0	0,032894999899346314
928,0	0,12014297458568604
929,0	0,1611731094054984
930,0	0,09877559513137603
931,0	0,0681562690921007
932,0	0,09627023961278071
933,0	0,1062063478194255
934,0	0,1629594318719187
935,0	0,1967674342958747
936,0	0,21084691679860462
937,0	0,06893414709570381
938,0	0,11215990708727187
939,0	0,09861149579959896
940,0	0,15175115047388005
941,0	0,057271154387667646
942,0	0,13733876835416847
943,0	0,04184048548498645
944,0	0,04704200879003157
945,0	0,13481751885398924
946,0	0,17617212886048575
947,0	0,11121471932440145
948,0	0,14355026779661326
949,0	0,1141904935680833
950,0	0,13732022670844998
951,0	0,21416295306517066
952,0	0,07055573071424111
953,0	0,05624540094659509
954,0	0,09062760944794604
955,0	0,2431441543350582
956,0	0,11721498877757687
957,0	0,1358670111285024
958,0	0,20328305553653495
959,0	0,12015052650312538
960,0	0,0563455944216099
961,0	0,07257991249997871
962,0	0,0856503314276085
963,0	0,07055376776610595
964,0	0,05496647070978377
965,0	0,07985253449899483
966,0	0,08144613295213893
967,0	0,01537924586790043
968,0	0,1104414673261725
969,0	0,0845248693506428
970,0	0,17401760317932874
971,0	0,12188688272247224
972,0	0,19265957974776718
973,0	0,13300501920862684
974,0	0,018224770424004867
975,0	0,12381878100055507
976,0	0,02252781728757428
977,0	0,08617489420367333
978,0	0,02736713929034982
979,0	0,13225964927894346
980,0	0,13380574309273643
981,0	0,0336085241121119
982,0	0,08169961479905476
983,0	0,09496642293488629
984,0	0,09915488247984126
985,0	0,08814066561445685
986,0	0,08403642904199607
987,0	0,17331192313408403
988,0	0,09575651601729204
989,0	0,10303033293675716
990,0	0,052537638567457974
991,0	0,12093687678296054
992,0	0,05543404988963441
993,0	0,04175096118855625
994,0	0,10456048587213523
995,0	0,08250644131313209
996,0	0,10822281685829566
997,0	0,05396007810926861
998,0	0,10153297976624633
999,0	0,07820035810070805
1000,0	0,04150640134060666
1001,0	0,006073249324743568
1002,0	0,09293604388710404
1003,0	0,06878735507235163
1004,0	0,15390219585458056
1005,0	0,1937904466284965
1006,0	0,09014146560678228
1007,0	0,17428997356915954
1008,0	0,17477698127987867
1009,0	0,14386706757530962
1010,0	0,09101641114557445
1011,0	0,06373925611947466
1012,0	0,14815106129843406
1013,0	0,0646246816821273
1014,0	0,08533202969384254
1015,0	0,04984066118741613
1016,0	0,09825853306047756
1017,0	0,15030009833166266
1018,0	0,16805765221973828
1019,0	0,14634990076328921
1020,0	0,012524848470317203
1021,0	0,05905709710293504
1022,0	0,10769837634783928
1023,0	0,06784033825695923
1024,0	0,1062678602666134
1025,0	0,0991138439242955
1026,0	0,12463482855661127
1027,0	0,12301046836988967
1028,0	0,19395722470214355
1029,0	0,13817843479549374
1030,0	0,16855004839278676
1031,0	0,04793079292403767
1032,0	0,11105299797270114
1033,0	0,06975162469768924
1034,0	0,05398105105227147
1035,0	0,08640242542236698
1036,0	0,09104494992715219
1037,0	0,11705109441563967
1038,0	0,13093722776707836
1039,0	0,05751034216837107
1040,0	0,09490696435889243
1041,0	0,06036931589226805
1042,0	0,08835736595191922
1043,0	0,0407145021249271
1044,0	0,047683059208375796
1045,0	0,14944909756516295
1046,0	0,11613927013660166
1047,0	0,07032382535163337
1048,0	0,10161104979292367
1049,0	0,14792688669874252
1050,0	0,1223381573170775
1051,0	0,01574932518256896
1052,0	0,08808791430149573
1053,0	0,11896780000013255
1054,0	0,06532475287355045
1055,0	0,050692351478697835
1056,0	0,1057863975471847
1057,0	0,07368706437783988
1058,0	0,060444009139669116
1059,0	0,07630179537822049
1060,0	0,060706736871497705
1061,0	0,014604890136792805
1062,0	0,14023234480714608
1063,0	0,1874193574630213
1064,0	0,13024879028492595
1065,0	0,08396020582949423
1066,0	0,19030914836598564
1067,0	0,03826167461968458
1068,0	0,19457944256161191
1069,0	0,04915284270633162
1070,0	0,12496854254379544
1071,0	0,08298723445550059
1072,0	0,07792244723235048
1073,0	0,09473708280955082
1074,0	0,08920216043461168
1075,0	0,12401670439320003
1076,0	0,15074029394163077
1077,0	0,06540218068648179
1078,0	0,08466632287791857
1079,0	0,11651990617650525
1080,0	0,06672892255319016
1081,0	0,11019218682098232
1082,0	0,06496626577732666
1083,0	0,13660441312606203
1084,0	0,09388893325950079
1085,0	0,041307655698924126
1086,0	0,21362433554374
1087,0	0,09369977833167033
1088,0	0,14702301864911246
1089,0	0,13936940722842314
1090,0	0,08854867198558372
1091,0	0,13358679710959703
1092,0	0,07807011734733811
1093,0	0,058534146070855164
1094,0	0,022493480309251853
1095,0	0,0213374218845453
1096,0	0,061522226516985766
1097,0	0,044758377019612376
1098,0	0,05445751446260151
1099,0	0,08452368758445603
1100,0	0,08616933899376569
1101,0	0,09701105384943595
1102,0	0,04001797851181659
1103,0	0,09159647916255609
1104,0	0,14986629801126206
1105,0	0,05802287730917919
1106,0	0,08204786522259612
1107,0	0,2879907931523012
1108,0	0,08758063465532748
1109,0	0,02443496483703671
1110,0	0,0660497733055337
1111,0	0,14742616540483872
1112,0	0,1902169748918459
1113,0	0,042822061933731635
1114,0	0,15825059413548156
1115,0	0,12473386607147709
1116,0	0,11046764881269275
1117,0	0,05874359074927794
1118,0	0,13197529397194327
1119,0	0,05242646917326562
1120,0	0,11569273154941416
1121,0	0,15819733291921217
1122,0	0,09586366005929667
1123,0	0,11986977037745995
1124,0	0,13371769715224627
1125,0	0,012916800426233934
1126,0	0,1220431993306243
1127,0	0,20011652988173312
1128,0	0,1724963226745636
1129,0	0,16259374974387336
1130,0	0,08782263901050023
1131,0	0,047662577375300476
1132,0	0,12781230638795746
1133,0	0,09741063145644151
1134,0	0,08700507696497346
1135,0	0,1080437636496319
1136,0	0,14646221423078903
1137,0	0,15409568334651116
1138,0	0,04717473463421435
1139,0	0,10986250141767866
1140,0	0,15699070904083975
1141,0	0,2293999526147369
1142,0	0,06127131776133666
1143,0	0,04883648591831841
1144,0	0,03207003105232424
1145,0	0,034108790884742626
1146,0	0,11993374880068479
1147,0	0,05190216190989616
1148,0	0,12489204957655715
1149,0	0,034073157848458664
1150,0	0,15492955116685098
1151,0	0,10351323370327557
1152,0	0,17460739522352886
1153,0	0,19665359167681698
1154,0	0,050079330611770924
1155,0	0,008287705961563538
1156,0	0,11678584353116393
1157,0	0,1494762356886493
1158,0	0,15378623401771696
1159,0	0,18958257232219744
1160,0	0,0627857481746319
1161,0	0,12265776660637964
1162,0	0,195810207702449
1163,0	0,13176806191014742
1164,0	0,12659449025296532
1165,0	0,1765113104075601
1166,0	0,019794497177185174
1167,0	0,06226851431636345
1168,0	0,2477637605477299
1169,0	0,10494879850067591
1170,0	0,058000384961510644
1171,0	0,07914454170874126
1172,0	0,13748409047235235
1173,0	0,08577893440743609
1174,0	0,06851255993590838
1175,0	0,0934787277191636
1176,0	0,1621208333648318
1177,0	0,05875127310156721
1178,0	0,08792105078839513
1179,0	0,062466723565453505
1180,0	0,1529729263583463
1181,0	0,02937608684202248
1182,0	0,04621251105811478
1183,0	0,14065869371060996
1184,0	0,14433014388405427
1185,0	0,18700337489811353
1186,0	0,10024440961908257
1187,0	0,11137686771375478
1188,0	0,07002705723392008
1189,0	0,026472591909664844
1190,0	0,031698184907042216
1191,0	0,11155091566897031
1192,0	0,03801156342421331
1193,0	0,14965776933628244
1194,0	0,2463669029635475
1195,0	0,1276595572581894
1196,0	0,1671062677900058
1197,0	0,0724296942384972
1198,0	0,04886820999495729
1199,0	0,10862800817114243
1200,0	0,2747232563150369
1201,0	0,11482851263806587
1202,0	0,09090857330456166
1203,0	0,09662166510116313
1204,0	0,09981920835503968
1205,0	0,09049561836946915
1206,0	0,16675732559942444
1207,0	0,13726249868418164
1208,0	0,1841115235628805
1209,0	0,17262668295911152
1210,0	0,1140737668449299
1211,0	0,038531587875510524
1212,0	0,18007320258839823
1213,0	0,080117081346445
1214,0	0,13226048710936852
1215,0	0,11458430118109847
1216,0	0,09837617791608753
1217,0	0,15014443607360445
1218,0	0,05517500265636633
1219,0	0,04727301706607865
1220,0	0,14935057549863473
1221,0	0,06608314965077976
1222,0	0,12013914352861363
1223,0	0,06162276485762885
1224,0	0,040776677605389104
1225,0	0,05696767791710031
1226,0	0,13212858945278452
1227,0	0,05701980872785606
1228,0	0,06185099887564295
1229,0	0,05718065394177053
1230,0	0,056440102425493924
1231,0	0,07629977120496835
1232,0	0,0741952205073014
1233,0	0,11741411730044185
1234,0	0,1398193848651313
1235,0	0,03962275118458325
1236,0	0,09121222673463926
1237,0	0,022870707672365303
1238,0	0,08783319730164775
1239,0	0,13913730848597228
1240,0	0,06406360181554191
1241,0	0,16514167392633047
1242,0	0,07301168559932911
1243,0	0,12782284789492346
1244,0	0,1635575502298595
1245,0	0,13948124112976917
1246,0	0,1263510127127287
1247,0	0,058639246212740276
1248,0	0,1326420153442465
1249,0	0,12305567882494364
1250,0	0,08783454109813534
1251,0	0,14948352224835412
1252,0	0,10387639443344798
1253,0	0,04782801894212212
1254,0	0,1731443982317411
1255,0	0,17232512902038818
1256,0	0,04752944091204426
1257,0	0,12495127178011652
1258,0	0,2630486283118103
1259,0	0,045157681285537224
1260,0	0,19670140114160545
1261,0	0,11232831085221294
1262,0	0,04696723854092737
1263,0	0,12408478599750423
1264,0	0,09475944824350849
1265,0	0,16865201776606162
1266,0	0,22095029332892055
1267,0	0,11737247243953867
1268,0	0,13704911396335137
1269,0	0,04611897050066122
1270,0	0,12076268529612876
1271,0	0,10331379890263029
1272,0	0,04135375306510234
1273,0	0,020925881799459714
1274,0	0,05682684085942894
1275,0	0,041969146277820966
1276,0	0,0789597706215491
1277,0	0,149877001411763
1278,0	0,0983280682778105
1279,0	0,15004307797099373
1280,0	0,032363870613317754
1281,0	0,04922067918674778
1282,0	0,16062531094521057
1283,0	0,16601266287296118
1284,0	0,1901959941778056
1285,0	0,11579558277359506
1286,0	0,025804439209612708
1287,0	0,12170994362184985
1288,0	0,03751416119399314
1289,0	0,10053042685044748
1290,0	0,06831619835484795
1291,0	0,05725431871780911
1292,0	0,20998616103007645
1293,0	0,10672098212226198
1294,0	0,046449320178244186
1295,0	0,08263184931003272
1296,0	0,11358420784518584
1297,0	0,1014394145049391
1298,0	0,0850252431602334
1299,0	0,023496852381999063
1300,0	0,0861167085580742
1301,0	0,09876703626755455
1302,0	0,14297641167510677
1303,0	0,08805391996647707
1304,0	0,08425449293261554
1305,0	0,11852085176902917
1306,0	0,11357789319118027
1307,0	0,028054526840852037
1308,0	0,209005745482127
1309,0	0,2009067599289113
1310,0	0,09603577169135027
1311,0	0,05259074712604305
1312,0	0,10828471231291842
1313,0	0,10521351805309243
1314,0	0,06936997038368373
1315,0	0,13588493275816022
1316,0	0,1587000081343001
1317,0	0,15892758943279212
1318,0	0,0646316659901654
1319,0	0,058937153497075734
1320,0	0,04843884605681739
1321,0	0,10413616415833708
1322,0	0,1459764984652176
1323,0	0,1766584522730376
1324,0	0,09425445298353909
1325,0	0,11491687076723091
1326,0	0,06270604237875396
1327,0	0,09547644660073216
1328,0	0,039420435455138625
1329,0	0,07144343970152406
1330,0	0,10176499906722535
1331,0	0,20609297060861767
1332,0	0,03885316226375458
1333,0	0,20243487970706933
1334,0	0,1538223821233187
1335,0	0,021711442395727556
1336,0	0,12228207443127224
1337,0	0,1691207990250066
1338,0	0,12270834331229552
1339,0	0,10086335600960529
1340,0	0,14801826176666205
1341,0	0,06073381961574257
1342,0	0,1337628504124435
1343,0	0,14427463539243163
1344,0	0,12440630749430254
1345,0	0,018530537166369234
1346,0	0,11436259234939408
1347,0	0,04124956807727988
1348,0	0,09124099208335527
1349,0	0,09734090486359043
1350,0	0,09325393763552416
1351,0	0,07231704288059834
1352,0	0,12443208768560468
1353,0	0,038891763181790016
1354,0	0,10586931550543252
1355,0	0,10244408314109228
1356,0	0,05488659698898111
1357,0	0,1735309495667909
1358,0	0,06885106038152047
1359,0	0,18747414500134285
1360,0	0,057226829244146536
1361,0	0,11457856187876168
1362,0	0,09195447786905862
1363,0	0,09401409466863332
1364,0	0,11717691081892082
1365,0	0,1553005668091252
1366,0	0,05707506521884766
1367,0	0,0927479540570664
1368,0	0,055781141997339315
1369,0	0,1627589663417339
1370,0	0,1853119579470379
1371,0	0,10581725413424466
1372,0	0,1032895888748164
1373,0	0,07634762461277468
1374,0	0,12925525090594492
1375,0	0,07621969617728105
1376,0	0,14971671520839638
1377,0	0,020391629050477433
1378,0	0,038512342536068375
1379,0	0,049392404308297326
1380,0	0,026356730862844163
1381,0	0,07174109058442471
1382,0	0,13117892013239615
1383,0	0,17141649948086587
1384,0	0,1498203946534893
1385,0	0,0814076770515646
1386,0	0,11135812208914828
1387,0	0,05502466626643773
1388,0	0,07848897326293502
1389,0	0,14498532543805087
1390,0	0,11653528149858562
1391,0	0,08731095211948002
1392,0	0,09699339818205677
1393,0	0,15026359391230545
1394,0	0,18604527150002634
1395,0	0,11415966615923752
1396,0	0,10663414451257287
1397,0	0,08194836687482901
1398,0	0,08266924224387205
1399,0	0,15128916271127102
1400,0	0,06452506229616356
1401,0	0,031439983614663505
1402,0	0,09834332785702435
1403,0	0,12682181866648004
1404,0	0,12209304770106319
1405,0	0,04834503468304478
1406,0	0,044741483462219636
1407,0	0,10136638901214721
1408,0	0,08189781607413749
1409,0	0,10285806424538443
1410,0	0,08166079034306388
1411,0	0,1811138442729575
1412,0	0,009096838436307035
1413,0	0,04568920777122787
1414,0	0,08952492170095391
1415,0	0,06670746703358203
1416,0	0,06320361417240887
1417,0	0,12020083066343326
1418,0	0,09303818581448162
1419,0	0,049967199595809184
1420,0	0,11824241824133888
1421,0	0,1503444625456881
1422,0	0,015321237191386509
1423,0	0,03496651995395616
1424,0	0,09863969872958724
1425,0	0,11031490421935533
1426,0	0,11507269371766378
1427,0	0,03611821667144167
1428,0	0,06645137623623952
1429,0	0,07269079038564358
1430,0	0,10624887781229776
1431,0	0,13171661616097577
1432,0	0,08471571072332433
1433,0	0,08501248453653128
1434,0	0,02458120777375845
1435,0	0,1455368447543263
1436,0	0,1869722643572938
1437,0	0,13081884110184688
1438,0	0,05556896894788933
1439,0	0,02381256777670314
1440,0	0,051986216379218866
1441,0	0,047584420428110515
1442,0	0,03108077797333313
1443,0	0,12824937153808333
1444,0	0,13281287711238102
1445,0	0,10360188209756278
1446,0	0,04485837987192809
1447,0	0,023046044413812274
1448,0	0,17540461185012968
1449,0	0,17068161985959807
1450,0	0,12068195220969326
1451,0	0,1440315219232224
1452,0	0,01024759603073362
1453,0	0,20844842704823913
1454,0	0,13700769023304107
1455,0	0,06120400098802818
1456,0	0,03676926114434161
1457,0	0,09642080205303724
1458,0	0,13684389368979774
1459,0	0,14122712954425426
1460,0	0,1514186894443796
1461,0	0,11329524512652984
1462,0	0,05230761967030168
1463,0	0,04597492571446953
1464,0	0,07756014253760074
1465,0	0,1156187037076634
1466,0	0,1511964338957215
1467,0	0,03418534538857769
1468,0	0,0515816748698956
1469,0	0,1312450291843495
1470,0	0,14607175799228048
1471,0	0,0444867402494919
1472,0	0,08054246181386772
1473,0	0,05769739140215388
1474,0	0,15688003966166245
1475,0	0,20225306167258086
1476,0	0,07078018972540695
1477,0	0,07212506536146851
1478,0	0,23824099602963775
1479,0	0,06288397217881608
1480,0	0,09317587476377286
1481,0	0,059365643319883
1482,0	0,01802991323399656
1483,0	0,13023088999033103
1484,0	0,07576892893824297
1485,0	0,05687152842311989
1486,0	0,04348295356609882
1487,0	0,10564719280110625
1488,0	0,028956332243495742
1489,0	0,22264701518524138
1490,0	0,0397190712621792
1491,0	0,11914577638710186
1492,0	0,13815687283571415
1493,0	0,06984192540474207
1494,0	0,07190681593182893
1495,0	0,09122138066505482
1496,0	0,06681720024294999
1497,0	0,09168978860547254
1498,0	0,16421513552388364
1499,0	0,1570999003266476
1500,0	0,10907807840711156
1501,0	0,10145759804834029
1502,0	0,06915002394351152
1503,0	0,05800815355019666
1504,0	0,122023102663878
1505,0	0,2100168982621641
1506,0	0,18782902667604826
1507,0	0,21875799576464264
1508,0	0,21340581969795655
1509,0	0,1897542282249707
1510,0	0,13988324107051536
1511,0	0,15604831834856087
1512,0	0,11052301291036708
1513,0	0,14774719934616792
1514,0	0,18399648780069236
1515,0	0,08379758046757767
1516,0	0,048743554910054075
1517,0	0,10428608364471713
1518,0	0,038859544363322694
1519,0	0,2146010304538871
1520,0	0,2563223970057304
1521,0	0,07939890503840821
1522,0	0,16740247301739977
1523,0	0,12558593750450955
1524,0	0,06328579618022744
1525,0	0,0777543296296707
1526,0	0,14998509030987747
1527,0	0,09167485711768032
1528,0	0,06933623656463454
1529,0	0,03820928012554525
1530,0	0,06313212643081344
1531,0	0,15178237863336155
1532,0	0,1573400997350927
1533,0	0,04439224604346756
1534,0	0,05064486536306984
1535,0	0,18913091102167265
1536,0	0,19840008764506278
1537,0	0,05980326599414822
1538,0	0,046610526001612834
1539,0	0,05544643262795642
1540,0	0,06674865953152255
1541,0	0,05401441253633718
1542,0	0,09149418630969215
1543,0	0,1352574006440276
1544,0	0,08889801970956626
1545,0	0,02769465940814621
1546,0	0,13606343675129082
1547,0	0,13500822631242418
1548,0	0,028469677044007703
1549,0	0,014126920285770927
1550,0	0,19630258374021003
1551,0	0,10017102259228329
1552,0	0,17644194494858154
1553,0	0,05591823790376023
1554,0	0,03222603882699663
1555,0	0,13207127063271437
1556,0	0,060446877560185006
1557,0	0,055623816202425506
1558,0	0,0432513976124115
1559,0	0,1136772891323108
1560,0	0,14930023930684475
1561,0	0,028123910959127564
1562,0	0,13586196580138263
1563,0	0,1328805550125752
1564,0	0,15035411115005828
1565,0	0,051208278306944785
1566,0	0,07260239549286002
1567,0	0,12114697605274491
1568,0	0,1025201444900818
1569,0	0,1401177612508077
1570,0	0,07506316756364166
1571,0	0,0837682181802366
1572,0	0,04501165746952983
1573,0	0,0859777238042539
1574,0	0,20445002192680456
1575,0	0,11905630855879874
1576,0	0,03167157657912715
1577,0	0,14109198893888808
1578,0	0,16611481057754288
1579,0	0,07572594690619051
1580,0	0,12053400606594211
1581,0	0,04800184396796836
1582,0	0,03631042780687739
1583,0	0,03856296380852378
1584,0	0,17818618282620377
1585,0	0,01795926095386051
1586,0	0,20018157426098604
1587,0	0,10911388035608485
1588,0	0,11689041762518353
1589,0	0,06523863801250335
1590,0	0,09033618397503561
1591,0	0,021047379529311624
1592,0	0,016521417967360008
1593,0	0,1366157949945316
1594,0	0,16862156237286202
1595,0	0,05919659355034677
1596,0	0,06436390556392747
1597,0	0,13783174604212092
1598,0	0,1599803802678768
1599,0	0,08714925060583986
1600,0	0,07313812878483707
1601,0	0,05672432615552767
1602,0	0,17334785171297057
1603,0	0,10657984143529414
1604,0	0,039617765523740224
1605,0	0,11836479158994502
1606,0	0,06159786487729597
1607,0	0,10716709563300778
1608,0	0,12062642639252386
1609,0	0,09780784424505172
1610,0	0,10375431955569714
1611,0	0,031823264578761765
1612,0	0,10171599830632247
1613,0	0,1635819175550643
1614,0	0,11952332370946538
1615,0	0,24729007920177862
1616,0	0,025322977184701577
1617,0	0,14473180279400225
1618,0	0,09704785650184558
1619,0	0,11624623596916604
1620,0	0,06260969522690332
1621,0	0,03383572500447003
1622,0	0,1224023564971665
1623,0	0,11297928210805554
1624,0	0,14584440222759895
1625,0	0,15249026228165102
1626,0	0,23174377944835484
1627,0	0,03926077179575081
1628,0	0,06600726297289654
1629,0	0,12210819633071028
1630,0	0,12270315706036784
1631,0	0,0102926203931853
1632,0	0,08564784266708242
1633,0	0,01572292195682169
1634,0	0,10489132333433411
1635,0	0,081504652482691
1636,0	0,08599249300626476
1637,0	0,06719837244171516
1638,0	0,05251150109824463
1639,0	0,056623052020384645
1640,0	0,16459092150134963
1641,0	0,02584192146381006
1642,0	0,011424975681693856
1643,0	0,09947002326031339
1644,0	0,09242817579186395
1645,0	0,10270599785806546
1646,0	0,1134222583927852
1647,0	0,144437750057111
1648,0	0,05935147165980952
1649,0	0,14183007506746784
1650,0	0,1440918145136841
1651,0	0,1223824769064153
1652,0	0,06693148623089133
1653,0	0,13717740191714153
1654,0	0,21161988114471034
1655,0	0,17010403953046874
1656,0	0,04026994251941191
1657,0	0,09097237474847192
1658,0	0,07229291021780117
1659,0	0,0873604409573823
1660,0	0,11674009820574893
1661,0	0,0730211923319944
1662,0	0,07201684216708812
1663,0	0,08939685070895505
1664,0	0,04535428435314736
1665,0	0,05012620442030875
1666,0	0,05074459517845515
1667,0	0,07594988334966592
1668,0	0,15008014015603324
1669,0	0,08937633806584186
1670,0	0,14102039762708254
1671,0	0,15031774450912988
1672,0	0,14242046660282304
1673,0	0,0016925269109831524
1674,0	0,10076837886093393
1675,0	0,12202143871790755
1676,0	0,07798179136195936
1677,0	0,06296899424032623
1678,0	0,060921571835363515
1679,0	0,09214387885706882
1680,0	0,0638129254410861
1681,0	0,02185747807536388
1682,0	0,12498256822279287
1683,0	0,0999415923657534
1684,0	0,10338139329635969
1685,0	0,08690559972932846
1686,0	0,11032415484817625
1687,0	0,0621252503186909
1688,0	0,1518159111104154
1689,0	0,0717936023456224
1690,0	0,02864682465006907
1691,0	0,07761118372297265
1692,0	0,10990386430342335
1693,0	0,04099983400303813
1694,0	0,10740139280281062
1695,0	0,17172566354493166
1696,0	0,05397277753639223
1697,0	0,040872460811705036
1698,0	0,08403678743806693
1699,0	0,07960393378296277
1700,0	0,11266894994021777
1701,0	0,10858105844316435
1702,0	0,06829401135563136
1703,0	0,05024187986640126
1704,0	0,044717476255300065
1705,0	0,08273685332819351
1706,0	0,07468633004997906
1707,0	0,08296982035960904
1708,0	0,1401168612256193
1709,0	0,11165107111239765
1710,0	0,12785143177190356
1711,0	0,059122866522432774
1712,0	0,07457730322454034
1713,0	0,09338960521170106
1714,0	0,09851146196760832
1715,0	0,16469023482986364
1716,0	0,09350423740279444
1717,0	0,047725299850710744
1718,0	0,19235955695149143
1719,0	0,17545688514634425
1720,0	0,07954347025501504
1721,0	0,16676747156944854
1722,0	0,030613749350965894
1723,0	0,045598288035443295
1724,0	0,07889605874875971
1725,0	0,030728784539411587
1726,0	0,14360664651694416
1727,0	0,022483317792449675
1728,0	0,03522055135137152
1729,0	0,0564525719508246
1730,0	0,12743566975046047
1731,0	0,07580528487248388
1732,0	0,05777630782499022
1733,0	0,05184006539570951
1734,0	0,16509410455851314
1735,0	0,08842660984627318
1736,0	0,1436090063777705
1737,0	0,09411007111089822
1738,0	0,051497744608100963
1739,0	0,15803616822997485
1740,0	0,016442254560521896
1741,0	0,08591457440593482
1742,0	0,050055925069879006
1743,0	0,07886031627961637
1744,0	0,04013115659911501
1745,0	0,10280732525953364
1746,0	0,07842819662984706
1747,0	0,053372569253546866
1748,0	0,16321989693851793
1749,0	0,21403771880061387
1750,0	0,08377152667625637
1751,0	0,12431421107889885
1752,0	0,07349394906655161
1753,0	0,10989656453548566
1754,0	0,16628403643574705
1755,0	0,14972968938336334
1756,0	0,19292151465497148
1757,0	0,12776213836957942
1758,0	0,1890660536278711
1759,0	0,12440270978640525
1760,0	0,08448159286121082
1761,0	0,05915714088112257
1762,0	0,09502040358655744
1763,0	0,10287634899676018
1764,0	0,06929239452833148
1765,0	0,07696623698435871
1766,0	0,1900070529921783
1767,0	0,0851818280361741
1768,0	0,0481940925677319
1769,0	0,07984452185281939
1770,0	0,06558847362622851
1771,0	0,1023509215117585
1772,0	0,03732290672632574
1773,0	0,08829233996032372
1774,0	0,08586812442465125
1775,0	0,11493582513700923
1776,0	0,0936333389477546
1777,0	0,11078416390153635
1778,0	0,17779271106685776
1779,0	0,14609528983252856
1780,0	0,045893513311221996
1781,0	0,06348794263031239
1782,0	0,08988287340640634
1783,0	0,027940946249590527
1784,0	0,06267623675853276
1785,0	0,05772765345082439
1786,0	0,17788658425185455
1787,0	0,05571667305404271
1788,0	0,07677886515433929
1789,0	0,05916419376721094
1790,0	0,057170935484023924
1791,0	0,0790602555731227
1792,0	0,12879436362283764
1793,0	0,18658679362008923
1794,0	0,1421193349337092
1795,0	0,07498344371255221
1796,0	0,09333015274171097
1797,0	0,04145042085613659
1798,0	0,020323080183225293
1799,0	0,12075123685248546
1800,0	0,1377383482468481
1801,0	0,1436475731857349
1802,0	0,16994708147234272
1803,0	0,042105952447160755
1804,0	0,1965175115136519
1805,0	0,12973266291440091
1806,0	0,07800434538011719
1807,0	0,1309655500718073
1808,0	0,1155193296053365
1809,0	0,039062632329133117
1810,0	0,13883630743484046
1811,0	0,07560931033306931
1812,0	0,023066651701187553
1813,0	0,13051761867342182
1814,0	0,07329596115708137
1815,0	0,23184448746511066
1816,0	0,07357218881557938
1817,0	0,1308576850473822
1818,0	0,05070107340471851
1819,0	0,10397865083525386
1820,0	0,13258739772419045
1821,0	0,14333418190273706
1822,0	0,0888829422771578
1823,0	0,0781476101285737
1824,0	0,10134946509370436
1825,0	0,1350392333456375
1826,0	0,09334549862948315
1827,0	0,08132228843184913
1828,0	0,13803429656674274
1829,0	0,05603596500944932
1830,0	0,17419603495959762
1831,0	0,08423294534055792
1832,0	0,04136620378902562
1833,0	0,06611105893097079
1834,0	0,12297636135137621
1835,0	0,057361208285154605
1836,0	0,05061270534362484
1837,0	0,06976255444011661
1838,0	0,11156383306966765
1839,0	0,12148482606736573
1840,0	0,046415775021286354
1841,0	0,038294740299424604
1842,0	0,11035934600694301
1843,0	0,12243268343743742
1844,0	0,04537273187711918
1845,0	0,09128288616685015
1846,0	0,12892648033736764
1847,0	0,12137708244437896
1848,0	0,10812977192817082
1849,0	0,17338744089009653
1850,0	0,18528117411746875
1851,0	0,10383668967798229
1852,0	0,03618833575483897
1853,0	0,06292836463643628
1854,0	0,07569565717657104
1855,0	0,047007832478359234
1856,0	0,051823239694849546
1857,0	0,016928002216920094
1858,0	0,04484325715347174
1859,0	0,19072577405166055
1860,0	0,0971856511797565
1861,0	0,11923874562185263
1862,0	0,12298738708921896
1863,0	0,09002542269101668
1864,0	0,1564696497681623
1865,0	0,02335213798975527
1866,0	0,06968169170123156
1867,0	0,12984618508683046
1868,0	0,07554254513916515
1869,0	0,040337604327576645
1870,0	0,14927171986135943
1871,0	0,042846793309723956
1872,0	0,059231036675050676
1873,0	0,05900072764706834
1874,0	0,1435183037720254
1875,0	0,04045842094177247
1876,0	0,10602677833411221
1877,0	0,14063895940468854
1878,0	0,08378424614125134
1879,0	0,03868580756218331
1880,0	0,025948432676747964
1881,0	0,0688679074921407
1882,0	0,1006660680335524
1883,0	0,012265338356618301
1884,0	0,10064981371787061
1885,0	0,095667699945231
1886,0	0,020701072153318446
1887,0	0,18555945377661637
1888,0	0,17683860216262798
1889,0	0,06751384026481369
1890,0	0,16303550952751558
1891,0	0,11405351182684488
1892,0	0,073889654556926
1893,0	0,21619838329790395
1894,0	0,058550335022978434
1895,0	0,09169122140553558
1896,0	0,05963229807632091
1897,0	0,09255238462647004
1898,0	0,09019583975989684
1899,0	0,1514477605094306
1900,0	0,12181476461517506
1901,0	0,0849285859546601
1902,0	0,05480474494528899
1903,0	0,12975123819436957
1904,0	0,12283543501925238
1905,0	0,06525467636363368
1906,0	0,0688917798631148
1907,0	0,11246122780968384
1908,0	0,04100026000365923
1909,0	0,06050059882229592
1910,0	0,06404565700837722
1911,0	0,07196799451246053
1912,0	0,06428764945833995
1913,0	0,09455621330840527
1914,0	0,03986726141598643
1915,0	0,14595514054386635
1916,0	0,11631060549376995
1917,0	0,11412223524436367
1918,0	0,08422037313682215
1919,0	0,08243302334561393
1920,0	0,1430054328236556
1921,0	0,13337697029671752
1922,0	0,06566016292976355
1923,0	0,16448217269519774
1924,0	0,11732840934808621
1925,0	0,031517989814889534
1926,0	0,039812228158682544
1927,0	0,03477685657830891
1928,0	0,04457515634003783
1929,0	0,18250426047664386
1930,0	0,12347412044469594
1931,0	0,18730083889164503
1932,0	0,146793686413673
1933,0	0,05052327982699063
1934,0	0,10067079267771167
1935,0	0,13880215023571998
1936,0	0,053585853780530386
1937,0	0,03273165022015299
1938,0	0,07011876910192084
1939,0	0,1338470573878185
1940,0	0,17373473638879505
1941,0	0,03124908766688274
1942,0	0,047558607802133064
1943,0	0,03796789416416359
1944,0	0,06338326576177526
1945,0	0,07538446659824734
1946,0	0,11064923432593336
1947,0	0,19151539480083618
1948,0	0,07799817610789857
1949,0	0,023960230646504432
1950,0	0,11228648952234214
1951,0	0,12888684634493872
1952,0	0,15175425547491325
1953,0	0,26381509275399245
1954,0	0,27554691965231437
1955,0	0,1602543885168513
1956,0	0,07397962160548696
1957,0	0,06027793208892303
1958,0	0,10156994236454499
1959,0	0,1310145922041933
1960,0	0,08695158755014425
1961,0	0,23399278157728
1962,0	0,1776278333988791
1963,0	0,08038688896968532
1964,0	0,11771929950598516
1965,0	0,102345397338757
1966,0	0,07082547679727622
1967,0	0,04790569819466125
1968,0	0,08036396461852373
1969,0	0,043603012450226464
1970,0	0,22663543839200542
1971,0	0,1547204440033078
1972,0	0,07282471880152709
1973,0	0,09096420618516493
1974,0	0,11917674715187948
1975,0	0,09563822768116245
1976,0	0,07202422103810396
1977,0	0,1550969518198714
1978,0	0,18514449186392534
1979,0	0,09789183088606843
1980,0	0,08861852691858348
1981,0	0,08107085214157127
1982,0	0,10660230519573498
1983,0	0,07855794994976033
1984,0	0,061684867571652584
1985,0	0,04679962289990526
1986,0	0,09889431069574202
1987,0	0,10536634328760855
1988,0	0,09184793394633547
1989,0	0,039335213164989925
1990,0	0,045610663646924086
1991,0	0,10798133025749661
1992,0	0,12777329363654436
1993,0	0,026333624427366364
1994,0	0,04075697528180738
1995,0	0,14832329822198506
1996,0	0,09353574177497961
1997,0	0,0561232939687583
1998,0	0,12501143659586655
1999,0	0,09649288953526618
2000,0	0,03164195287767943
