N: 100,0	L: 	Density:0,16	Noise: 0,6
Time	 Va	
0,0	0,12636195655239296
1,0	0,12756143387991525
2,0	0,13893226013246204
3,0	0,16254566970196022
4,0	0,17155382392569932
5,0	0,19757261754086247
6,0	0,19215668185366158
7,0	0,21211401528912524
8,0	0,21059694132733559
9,0	0,2161198512050868
10,0	0,21453045418266592
11,0	0,21573048849663978
12,0	0,2102639050799107
13,0	0,1937441426745147
14,0	0,19730216911444376
15,0	0,16051278309836797
16,0	0,14967441559962139
17,0	0,1674184938495572
18,0	0,1584677159008872
19,0	0,16815080686490375
20,0	0,1613408712205701
21,0	0,15611846940859772
22,0	0,14218753411522683
23,0	0,1404072167143499
24,0	0,13665313825040576
25,0	0,12111638896311974
26,0	0,10126467045347423
27,0	0,14951911270589444
28,0	0,14266123067843337
29,0	0,1469778100329132
30,0	0,12315064461705788
31,0	0,13873670148622322
32,0	0,15253544607625524
33,0	0,15034151227632428
34,0	0,16764016461146733
35,0	0,1581102971196918
36,0	0,12612187963263138
37,0	0,1336120765749721
38,0	0,1548481109358482
39,0	0,1692097881730376
40,0	0,18666817882818726
41,0	0,20923897710713707
42,0	0,23127595148217475
43,0	0,21907905689712895
44,0	0,25317863183379485
45,0	0,25743240767811376
46,0	0,24090625134016905
47,0	0,24748526920983288
48,0	0,24493181113316292
49,0	0,2565557177225362
50,0	0,23348568809920117
51,0	0,24097026356485587
52,0	0,2522890307013644
53,0	0,2635640745479814
54,0	0,2387368539701108
55,0	0,24507434206651388
56,0	0,21428625813522073
57,0	0,20150505097307828
58,0	0,2204032417317772
59,0	0,17353777824582234
60,0	0,16251425695245372
61,0	0,20068693026806142
62,0	0,2117147037180799
63,0	0,20308211914904445
64,0	0,18249918852321728
65,0	0,1482633581244598
66,0	0,17090259763092183
67,0	0,1461262946758498
68,0	0,13358503119112233
69,0	0,1474975869386937
70,0	0,1312816951751603
71,0	0,15476566064688926
72,0	0,17060352120741204
73,0	0,17215932198543665
74,0	0,18589350282941597
75,0	0,19008096029155855
76,0	0,20286040660966842
77,0	0,17530638062106713
78,0	0,18070246418137967
79,0	0,18981155899576632
80,0	0,19869319140833275
81,0	0,1941282644485827
82,0	0,227114497070697
83,0	0,2606633236300319
84,0	0,2861758554950559
85,0	0,31817036581105984
86,0	0,33412553856514926
87,0	0,33586637933120433
88,0	0,35235781046398523
89,0	0,34180160524356373
90,0	0,37258930227628895
91,0	0,36830578942847547
92,0	0,3692808162421145
93,0	0,35877664495092176
94,0	0,3751997001089282
95,0	0,355208112998228
96,0	0,30963026738599064
97,0	0,26637030716839205
98,0	0,23838648760812117
99,0	0,20014485468919194
100,0	0,2116411111493819
101,0	0,2127663589869235
102,0	0,21264132794969487
103,0	0,18888495196846475
104,0	0,15953085426940977
105,0	0,16497472571696384
106,0	0,21807728662970932
107,0	0,23251981640433067
108,0	0,23774695215841443
109,0	0,21463116997789408
110,0	0,2374522819665416
111,0	0,24429973384931303
112,0	0,23284525910540738
113,0	0,25544030865097767
114,0	0,25570327389226477
115,0	0,23846006252484953
116,0	0,2571355433801916
117,0	0,2852150650759573
118,0	0,2507530755834379
119,0	0,22551618528162892
120,0	0,1920533365458818
121,0	0,24507659156640113
122,0	0,25274491804523413
123,0	0,27737091697845934
124,0	0,2796986808989822
125,0	0,29518443195352906
126,0	0,303316090928815
127,0	0,31541374134766564
128,0	0,33138985037365537
129,0	0,3380585106154793
130,0	0,35694672974270764
131,0	0,4060598976089055
132,0	0,4075964773073775
133,0	0,41980317819815904
134,0	0,40752145814537083
135,0	0,40046563145856445
136,0	0,4187730780778716
137,0	0,4029717581685585
138,0	0,40534274012674065
139,0	0,39161396441758384
140,0	0,4134584408758074
141,0	0,4143272960987625
142,0	0,40479889455400536
143,0	0,39817503543485416
144,0	0,38966043377364934
145,0	0,38391190774565614
146,0	0,36470665715469613
147,0	0,3776860222725103
148,0	0,39062401246709366
149,0	0,37452840838484114
150,0	0,37298372542557906
151,0	0,4148509753891477
152,0	0,4463761006603406
153,0	0,45892447117108176
154,0	0,4527559609609103
155,0	0,4300186525896775
156,0	0,449886325472206
157,0	0,441906055845851
158,0	0,47082228664670767
159,0	0,45299533412253956
160,0	0,46582409669623986
161,0	0,4469847648978655
162,0	0,4561729507460403
163,0	0,4773927676676462
164,0	0,4837633191030521
165,0	0,4993180639669034
166,0	0,46493084426127795
167,0	0,46381631046564603
168,0	0,4585479805498889
169,0	0,4495432435285315
170,0	0,4715601590176665
171,0	0,4704364685264604
172,0	0,4589218658399997
173,0	0,47012014300825283
174,0	0,4688073321153162
175,0	0,4816742576015047
176,0	0,4842916859477243
177,0	0,4328002796749221
178,0	0,45947879247629325
179,0	0,4771071498968421
180,0	0,5077636936139219
181,0	0,4751993632585611
182,0	0,46752910249956897
183,0	0,43903874415545
184,0	0,38954772653624264
185,0	0,41393868979911347
186,0	0,45298094557803303
187,0	0,49114206748880185
188,0	0,48737449120608495
189,0	0,4992855983000632
190,0	0,4967423065651723
191,0	0,4913361655049852
192,0	0,505297048130129
193,0	0,49548331949661734
194,0	0,544035941130689
195,0	0,5468949800936708
196,0	0,5331576125834154
197,0	0,552574767029588
198,0	0,5710199109229864
199,0	0,6003726512512362
200,0	0,5896955504644639
201,0	0,5716077556561595
202,0	0,5240002590832189
203,0	0,5123042987862196
204,0	0,5235516981420927
205,0	0,5101426100275328
206,0	0,47249554994927895
207,0	0,4813610171902765
208,0	0,5014785572442177
209,0	0,517800988717309
210,0	0,4678119345578653
211,0	0,45072450033607037
212,0	0,4654867928650715
213,0	0,4603897244990908
214,0	0,44428491387715413
215,0	0,44135991299773186
216,0	0,459407107456368
217,0	0,4764267119018361
218,0	0,4638776737044454
219,0	0,40789712610551987
220,0	0,35680371916086423
221,0	0,3327554992887926
222,0	0,33685718409982623
223,0	0,3506670881737
224,0	0,3389466079196153
225,0	0,30116300559902565
226,0	0,3040551918485121
227,0	0,37723362728995924
228,0	0,48260690289767777
229,0	0,5018105394830805
230,0	0,5187756068482481
231,0	0,5235096777735976
232,0	0,5363710834699814
233,0	0,5221366255062506
234,0	0,5284407324626232
235,0	0,5413171137576172
236,0	0,5732063286856982
237,0	0,5845334287820899
238,0	0,5713269698480484
239,0	0,5937549481632771
240,0	0,5731110374007493
241,0	0,5934672385076353
242,0	0,6179822405334219
243,0	0,6284937422705469
244,0	0,6238779783874249
245,0	0,6267035258633232
246,0	0,6180296813030098
247,0	0,6155085753283489
248,0	0,6978079518161576
249,0	0,7208303944579971
250,0	0,7346552151021075
251,0	0,739922444763709
252,0	0,7521861228832499
253,0	0,750400771069296
254,0	0,7445597330345838
255,0	0,7664462720756444
256,0	0,7633292433552596
257,0	0,738206275134539
258,0	0,7211335875722821
259,0	0,7041377033634747
260,0	0,704062993755736
261,0	0,7093481002376735
262,0	0,7040628782464731
263,0	0,7163992616682008
264,0	0,7142940790213109
265,0	0,7222947514469117
266,0	0,7219656726504006
267,0	0,7157863227679493
268,0	0,7187359555699986
269,0	0,7352219752026542
270,0	0,7167071012001747
271,0	0,716173446444915
272,0	0,6980214644035077
273,0	0,6753531867162158
274,0	0,6674058210945406
275,0	0,6764091485205631
276,0	0,7099385894551511
277,0	0,7256469878426021
278,0	0,720296259727732
279,0	0,7121788178671992
280,0	0,7282962818125974
281,0	0,7281764990261713
282,0	0,7004610406042243
283,0	0,6861887000572077
284,0	0,684065900939155
285,0	0,6749852842813459
286,0	0,6797724120000682
287,0	0,6950961112798165
288,0	0,7233228402833801
289,0	0,7100691996054489
290,0	0,6778493745484209
291,0	0,7114608181853597
292,0	0,7340018948358551
293,0	0,7366028560084845
294,0	0,704534315646248
295,0	0,720191410872964
296,0	0,733207263316092
297,0	0,7544612304094136
298,0	0,7849855130824993
299,0	0,8157632105499601
300,0	0,8422259221889234
301,0	0,8895667275872949
302,0	0,9071098192261521
303,0	0,9052791219945597
304,0	0,9085740939240796
305,0	0,9161365702602231
306,0	0,9209749476805631
307,0	0,9001258627019938
308,0	0,8964527279171913
309,0	0,9041329915990169
310,0	0,9135217926129704
311,0	0,9189981891064937
312,0	0,914248024899084
313,0	0,914734756831306
314,0	0,9074941194994628
315,0	0,9162961799802738
316,0	0,9033376194201992
317,0	0,9054018659585344
318,0	0,8948278136276231
319,0	0,8873585202907428
320,0	0,8882422584833262
321,0	0,8974660812349299
322,0	0,8883892271738514
323,0	0,879081918046042
324,0	0,8818150384772351
325,0	0,8750908222393687
326,0	0,8858266648957565
327,0	0,8846515456050555
328,0	0,8855324278801094
329,0	0,8759876726389153
330,0	0,8665428440897017
331,0	0,8585167730838315
332,0	0,8763639235183981
333,0	0,8985142615937859
334,0	0,8927935437157211
335,0	0,904742847157861
336,0	0,8990125835224279
337,0	0,8878782119286588
338,0	0,8896262873741919
339,0	0,9059716231003715
340,0	0,8877401489984013
341,0	0,8602236576353881
342,0	0,8409378034229996
343,0	0,8192988749079144
344,0	0,8369977604915622
345,0	0,8210929258505556
346,0	0,8296819808474429
347,0	0,8296614863431053
348,0	0,8334709841593022
349,0	0,8188058993484774
350,0	0,8082619861684511
351,0	0,8074385268795444
352,0	0,8254197517013674
353,0	0,8392234027010914
354,0	0,8302650106567382
355,0	0,8430076934327893
356,0	0,8166734348221788
357,0	0,8175580663128705
358,0	0,8338991499845017
359,0	0,8348401529701607
360,0	0,8495179493732807
361,0	0,8802803638787505
362,0	0,889312925676249
363,0	0,8833353174671258
364,0	0,8961064850609003
365,0	0,9057865240300003
366,0	0,9180380210966351
367,0	0,9091606322912755
368,0	0,8975024701977018
369,0	0,9102369499978213
370,0	0,9185757624481663
371,0	0,9179078630765224
372,0	0,8929932218299207
373,0	0,9082472992434505
374,0	0,8759658656523334
375,0	0,8534698546598649
376,0	0,8326237134251541
377,0	0,8310692945069692
378,0	0,8439172184847279
379,0	0,8444650897208178
380,0	0,8463437073208306
381,0	0,8585685677752826
382,0	0,8450462356948978
383,0	0,8033410800783858
384,0	0,805200192505285
385,0	0,8307053950705164
386,0	0,8541410377739769
387,0	0,8723321176653032
388,0	0,892024671193148
389,0	0,89785081355399
390,0	0,8849465555522192
391,0	0,8729626163012771
392,0	0,8568893510515636
393,0	0,8665721476159565
394,0	0,8542507951100401
395,0	0,8649502198675283
396,0	0,8671484184422097
397,0	0,8618351431768438
398,0	0,8597115923819966
399,0	0,8729614786981209
400,0	0,8594215306957422
401,0	0,8707455736099389
402,0	0,8958512302633873
403,0	0,8889376557934877
404,0	0,904709680824687
405,0	0,8969658879760722
406,0	0,8857960294346747
407,0	0,8845246628073345
408,0	0,872946476442588
409,0	0,8818520799174727
410,0	0,8730166290795282
411,0	0,8705206046236873
412,0	0,860315542194484
413,0	0,8611568170336292
414,0	0,8613067973119192
415,0	0,853349131565245
416,0	0,8468084069383853
417,0	0,8362134772973197
418,0	0,8473899576793438
419,0	0,8566767250529385
420,0	0,8728936162346574
421,0	0,8926251628731874
422,0	0,8874509793726271
423,0	0,9093955968244283
424,0	0,9101908710545163
425,0	0,9153589454812086
426,0	0,9122112762414923
427,0	0,9252938850060344
428,0	0,9296964118255825
429,0	0,9372871653537577
430,0	0,9507906708084582
431,0	0,9469119886721283
432,0	0,9571889670088591
433,0	0,9514919164996929
434,0	0,9512780206963721
435,0	0,9539610161895471
436,0	0,961651589995658
437,0	0,9619480871170897
438,0	0,9678882158092562
439,0	0,9710606681217319
440,0	0,9711866241822448
441,0	0,9648984209016545
442,0	0,973116992343648
443,0	0,9728459898487559
444,0	0,9738494395285748
445,0	0,9756524874595665
446,0	0,9743914047634558
447,0	0,9785271356867178
448,0	0,9844052803141635
449,0	0,9840883345270591
450,0	0,9781776888694619
451,0	0,9787582205755528
452,0	0,9773137654514101
453,0	0,981929632536576
454,0	0,978854923133422
455,0	0,9820607343634872
456,0	0,9795394368500195
457,0	0,9656832956502414
458,0	0,9667504585478061
459,0	0,9615702688408163
460,0	0,9494905766512552
461,0	0,9487641187831294
462,0	0,942922938260038
463,0	0,944445918700408
464,0	0,93899361054673
465,0	0,9388757228555492
466,0	0,9447572664640841
467,0	0,9463208211031838
468,0	0,9429563658041792
469,0	0,9532500232107743
470,0	0,9605138314314984
471,0	0,9639280444171834
472,0	0,965282640450287
473,0	0,9558731164086661
474,0	0,9570257597003194
475,0	0,9595088143883038
476,0	0,962739289176287
477,0	0,9612143059504559
478,0	0,9585789918885489
479,0	0,9646518838345862
480,0	0,9591719983622007
481,0	0,9702912028918053
482,0	0,967956078954343
483,0	0,9661897678903387
484,0	0,964506212170406
485,0	0,9687879734019582
486,0	0,9701081425728131
487,0	0,966259982478747
488,0	0,9798494340378332
489,0	0,9802653470164058
490,0	0,9749725921355992
491,0	0,9766298441454342
492,0	0,9743974423923806
493,0	0,9788395052445369
494,0	0,9788338366456825
495,0	0,9795412773334919
496,0	0,9768432137795083
497,0	0,9672708924549874
498,0	0,9645670720968932
499,0	0,96377758788552
500,0	0,9629283872452061
501,0	0,9598804269635203
502,0	0,965415832281315
503,0	0,9700132610958782
504,0	0,959233102065726
505,0	0,9579136813150673
506,0	0,9537924165195626
507,0	0,9455829375895247
508,0	0,9349273275280774
509,0	0,9455885923365364
510,0	0,9392573569090038
511,0	0,9365918704866052
512,0	0,9261772323327099
513,0	0,9191318174445123
514,0	0,9122326120709465
515,0	0,9044485692698806
516,0	0,908053927471252
517,0	0,9060130285403825
518,0	0,9037039955181109
519,0	0,9023558770445252
520,0	0,909776043065395
521,0	0,9251915756957632
522,0	0,9236444518336191
523,0	0,9155069008155642
524,0	0,9255382902330278
525,0	0,9161824175200803
526,0	0,9152673241925804
527,0	0,9209262798501219
528,0	0,911389037276285
529,0	0,901305218901509
530,0	0,9036510033660305
531,0	0,9068316704585526
532,0	0,9043758382151523
533,0	0,8971068507137562
534,0	0,8921312519925003
535,0	0,8891513462551293
536,0	0,8888125772928447
537,0	0,8888400441442308
538,0	0,888761643113255
539,0	0,862005928309632
540,0	0,834481606018086
541,0	0,8275729061962654
542,0	0,81340189355538
543,0	0,7935847350872324
544,0	0,7658812961206216
545,0	0,7596114814850847
546,0	0,7732384645405184
547,0	0,802181574724173
548,0	0,8059386610168702
549,0	0,8170171727040805
550,0	0,8298306070818307
551,0	0,8438671710989799
552,0	0,8243269997977039
553,0	0,8205599135684811
554,0	0,8415348319394437
555,0	0,8278651150812062
556,0	0,8406500760210661
557,0	0,8450228759903011
558,0	0,84734375462397
559,0	0,8494835811996374
560,0	0,8302209465262893
561,0	0,8197954854937257
562,0	0,7987936586374373
563,0	0,794377523948873
564,0	0,818150608486134
565,0	0,8120370762828453
566,0	0,8302962007364596
567,0	0,8220211904131638
568,0	0,8064201112972675
569,0	0,8287334533075047
570,0	0,8416718231769532
571,0	0,8508566988566388
572,0	0,8367057774407773
573,0	0,8223612905309385
574,0	0,8414622219048414
575,0	0,853598578344313
576,0	0,8597192426487055
577,0	0,877560195978916
578,0	0,8712050947828143
579,0	0,8502279054035303
580,0	0,8295111545456748
581,0	0,8101533753235647
582,0	0,7969565137370721
583,0	0,770525520328072
584,0	0,7873511149499499
585,0	0,7585454483421835
586,0	0,757437930899022
587,0	0,7671328823379936
588,0	0,7751456242790578
589,0	0,7657077364529005
590,0	0,7682140043515221
591,0	0,755089857357291
592,0	0,7776184656506999
593,0	0,7696093525514272
594,0	0,7583617209086566
595,0	0,7595837519478987
596,0	0,7707194952372671
597,0	0,7550024637396232
598,0	0,7634563739476798
599,0	0,789375964086631
600,0	0,7732840078472414
601,0	0,7793519726772457
602,0	0,7613104140400128
603,0	0,7591630642420515
604,0	0,7642376508394995
605,0	0,7759678837825218
606,0	0,7822382553021963
607,0	0,7962734415146567
608,0	0,7776234916576136
609,0	0,7902551239114409
610,0	0,7838137708691786
611,0	0,7731976111607373
612,0	0,7810743161701516
613,0	0,7663106085695949
614,0	0,7519879964480974
615,0	0,7620192516950384
616,0	0,7502648107095603
617,0	0,7349423518298439
618,0	0,7414864013211603
619,0	0,7537661635353171
620,0	0,7534684164255148
621,0	0,7505536483267492
622,0	0,743074151454696
623,0	0,7405687143293733
624,0	0,7467899534925422
625,0	0,7507638549485484
626,0	0,7524133170520599
627,0	0,780230572203631
628,0	0,7686677352669197
629,0	0,7716956346132514
630,0	0,7795206246202273
631,0	0,7514008752129812
632,0	0,7456784357995392
633,0	0,7826142873659445
634,0	0,800887407927602
635,0	0,8169093926230695
636,0	0,8332034045970745
637,0	0,8357435737943842
638,0	0,8157506464683656
639,0	0,7999308897156641
640,0	0,8065632511614687
641,0	0,7971051863949062
642,0	0,8058218741953643
643,0	0,8162600281521224
644,0	0,8017412401675653
645,0	0,792778573280504
646,0	0,7762407931763153
647,0	0,7956212898607327
648,0	0,8010235749765663
649,0	0,7912180722913303
650,0	0,7810160382004976
651,0	0,7709542746286198
652,0	0,7652649908719784
653,0	0,7758561539408771
654,0	0,7846294579993092
655,0	0,7736528006391558
656,0	0,765131516865798
657,0	0,7471507516564985
658,0	0,7609036245755223
659,0	0,7996336796806782
660,0	0,7950698316615354
661,0	0,8108720687127263
662,0	0,8129005010320522
663,0	0,8300573653007536
664,0	0,8456572531037695
665,0	0,8522222695626674
666,0	0,8341417364757219
667,0	0,847270629193872
668,0	0,8380211934138739
669,0	0,8478193112189841
670,0	0,8473110234244614
671,0	0,8449090094943099
672,0	0,8479276147143016
673,0	0,8598131003849424
674,0	0,8709525107208317
675,0	0,8786784626921167
676,0	0,8769616926698445
677,0	0,8652119472759977
678,0	0,8814979925044774
679,0	0,8896700546728823
680,0	0,8845487763346745
681,0	0,883858617500426
682,0	0,8954325702302027
683,0	0,8719157615182218
684,0	0,8591663232442698
685,0	0,8446952382037234
686,0	0,8573883252231528
687,0	0,8569548440117069
688,0	0,8419384556477445
689,0	0,8560412483929607
690,0	0,8595508043904967
691,0	0,8546016893894764
692,0	0,8577244818954752
693,0	0,8575310374724995
694,0	0,868584957007645
695,0	0,863341804402296
696,0	0,8634673701385439
697,0	0,8491384728852532
698,0	0,846077207883668
699,0	0,8358739589678763
700,0	0,8696019790954321
701,0	0,8796389794106414
702,0	0,8766828347849394
703,0	0,8564260889002632
704,0	0,8403563933997021
705,0	0,831594493993751
706,0	0,8336251501221441
707,0	0,8341620900134082
708,0	0,8344545246363614
709,0	0,8467714353708558
710,0	0,8493214426746402
711,0	0,8471449980812266
712,0	0,8605306933008581
713,0	0,8576883028973471
714,0	0,8466894884931649
715,0	0,8546828437460973
716,0	0,8382022212471011
717,0	0,842759516675663
718,0	0,8666188484687454
719,0	0,8667642508883638
720,0	0,8712067466641344
721,0	0,8640399843057047
722,0	0,8708133219339296
723,0	0,8616691680544591
724,0	0,8817184833618753
725,0	0,8905021312515814
726,0	0,8867441420764457
727,0	0,9080915297237631
728,0	0,9088012384979651
729,0	0,9060443655546628
730,0	0,8886591283385492
731,0	0,8928291050763694
732,0	0,8962493871045335
733,0	0,89399116976464
734,0	0,893499590861344
735,0	0,884268559594515
736,0	0,8802723682108913
737,0	0,8906225396426533
738,0	0,8901661547568136
739,0	0,8889719201443567
740,0	0,8832943969225405
741,0	0,8811350459189605
742,0	0,8891384107712885
743,0	0,8813568488520679
744,0	0,8896152871169565
745,0	0,8970833977034817
746,0	0,892989096159375
747,0	0,8895864441536411
748,0	0,9013367577334448
749,0	0,9035372866953061
750,0	0,895934540776274
751,0	0,9027303928730975
752,0	0,893213658740059
753,0	0,9019886525109189
754,0	0,9067786221599955
755,0	0,9189891823571089
756,0	0,9209293198923916
757,0	0,925720899795117
758,0	0,9256994755151695
759,0	0,9241971198726813
760,0	0,9491281071281318
761,0	0,9454663980116624
762,0	0,9346717462242515
763,0	0,9438823844169338
764,0	0,9457988350556779
765,0	0,9388235681313754
766,0	0,9231776557093625
767,0	0,9261014032430468
768,0	0,9323260148732438
769,0	0,9368881707948344
770,0	0,9270251303677755
771,0	0,9269361944156108
772,0	0,8854029136123376
773,0	0,8921486986631103
774,0	0,8784497317432209
775,0	0,8935802340436916
776,0	0,8775877642907268
777,0	0,8896942164665688
778,0	0,8829795936176567
779,0	0,8836402572256727
780,0	0,8794805893491102
781,0	0,8816162338392672
782,0	0,8943908466985848
783,0	0,903953614859305
784,0	0,9071828325619932
785,0	0,8931526595834594
786,0	0,8805441306395564
787,0	0,8515237669000416
788,0	0,8312833142070216
789,0	0,8632008819473873
790,0	0,8439974462536658
791,0	0,8389654677642563
792,0	0,8496873898544192
793,0	0,8345943078574407
794,0	0,8503263763520057
795,0	0,8332439549287426
796,0	0,810426939936448
797,0	0,7971611885957292
798,0	0,7966489559335918
799,0	0,7928135531447983
800,0	0,8199211980835525
801,0	0,780264560205972
802,0	0,7963885646643257
803,0	0,7814757961787409
804,0	0,7407341474562479
805,0	0,7310498429833383
806,0	0,7129687201003881
807,0	0,6752500568071843
808,0	0,6858223494926577
809,0	0,658703684147591
810,0	0,6672037540400761
811,0	0,6470349433344039
812,0	0,6490746579641807
813,0	0,6305059895081284
814,0	0,6339444959146551
815,0	0,642602424963524
816,0	0,6319148579007674
817,0	0,6376989916243729
818,0	0,6332566252156102
819,0	0,6275084758881821
820,0	0,6449248742704369
821,0	0,6560802689619577
822,0	0,6418371302571599
823,0	0,6154719844248527
824,0	0,6269214323377288
825,0	0,6171198506652273
826,0	0,6085124286067499
827,0	0,6196860606977015
828,0	0,6199031025934009
829,0	0,6137912363782053
830,0	0,6314760716896924
831,0	0,6281153169433527
832,0	0,6471631021873715
833,0	0,6533939467507547
834,0	0,6687484126114881
835,0	0,70131145443997
836,0	0,7727993417299699
837,0	0,8489007946687219
838,0	0,8882001342516131
839,0	0,9072091148033611
840,0	0,9117322858359247
841,0	0,9127929210524517
842,0	0,9185072803201362
843,0	0,9356481690933482
844,0	0,9430304318722282
845,0	0,9431116335236177
846,0	0,9385645091622371
847,0	0,9425715086185044
848,0	0,9273980922826104
849,0	0,9003995466974126
850,0	0,9058105459557656
851,0	0,8987619720704584
852,0	0,8867668878608563
853,0	0,8903752846001661
854,0	0,884933227918299
855,0	0,8826585557019649
856,0	0,8738712950706273
857,0	0,8730214993843544
858,0	0,8789548695337978
859,0	0,8812979470582665
860,0	0,8627576261523606
861,0	0,8630906406520491
862,0	0,8692981101407924
863,0	0,8731856837612352
864,0	0,8607356219943605
865,0	0,8436339710462241
866,0	0,8549518203110215
867,0	0,8654051473659627
868,0	0,8539640637178725
869,0	0,8619769209385096
870,0	0,8757098090150703
871,0	0,8729319552640801
872,0	0,8849384480667052
873,0	0,9031583438336567
874,0	0,8867087284871888
875,0	0,881534402090713
876,0	0,9003288694922927
877,0	0,902239714769775
878,0	0,9128698722758256
879,0	0,9036839998432984
880,0	0,9055176842333548
881,0	0,9040686658063432
882,0	0,9020871345783028
883,0	0,8752601559278793
884,0	0,8745894862369871
885,0	0,8783526225341517
886,0	0,8630103060567688
887,0	0,8738837465521725
888,0	0,8953336081031508
889,0	0,9123071647689281
890,0	0,9055914639112872
891,0	0,8960002469484608
892,0	0,916354878951259
893,0	0,9264465446491076
894,0	0,9242370983584854
895,0	0,927813734294108
896,0	0,9332649600788248
897,0	0,945603330600368
898,0	0,9446229443806498
899,0	0,9392735791180195
900,0	0,9322019636587486
901,0	0,9280970525039988
902,0	0,9378813481317684
903,0	0,9314237129599844
904,0	0,9268663722033416
905,0	0,9362070141026556
906,0	0,946679254915226
907,0	0,9448358240649654
908,0	0,9435450376790293
909,0	0,9518123473768758
910,0	0,9481827044802905
911,0	0,9555149152901128
912,0	0,9614421479343818
913,0	0,9610086379195838
914,0	0,9645720429567644
915,0	0,9645885472766957
916,0	0,9623229933966094
917,0	0,9617651400809727
918,0	0,9623412482188329
919,0	0,9605864027382087
920,0	0,9564994308854055
921,0	0,9508477860123008
922,0	0,9489492796214721
923,0	0,9481271880522477
924,0	0,9421761404217002
925,0	0,9304668279474464
926,0	0,9228401202411406
927,0	0,9187584819435561
928,0	0,9178575582643308
929,0	0,9147919868489692
930,0	0,916034508657879
931,0	0,9179280804337305
932,0	0,9127526259242276
933,0	0,9078141357343866
934,0	0,9027136708712755
935,0	0,9055313195232606
936,0	0,9092345307758187
937,0	0,9094571308533302
938,0	0,9169525474843491
939,0	0,9173132813465252
940,0	0,9145232435193696
941,0	0,9162914413032139
942,0	0,9067575233635827
943,0	0,9054085950096835
944,0	0,9227196787669938
945,0	0,9301772679540183
946,0	0,9472322370075212
947,0	0,9498845130570498
948,0	0,9448766440636722
949,0	0,9481357120839756
950,0	0,943169814909959
951,0	0,9481646978719973
952,0	0,9420187715581412
953,0	0,9408688471345469
954,0	0,9302477890463212
955,0	0,9192928020891806
956,0	0,9112178987235676
957,0	0,8977725974994561
958,0	0,9040530353251797
959,0	0,9027361479449066
960,0	0,8971070074948874
961,0	0,9066025665617716
962,0	0,9034529800797457
963,0	0,9106233048430389
964,0	0,9062316418353402
965,0	0,9042845858966377
966,0	0,9044401639348446
967,0	0,9065086758179366
968,0	0,9047249187497898
969,0	0,9009550779535122
970,0	0,9032374171083529
971,0	0,8952631960059007
972,0	0,897125264543517
973,0	0,9003936942581751
974,0	0,8983537989671112
975,0	0,905612582471976
976,0	0,9098094596637624
977,0	0,9192610522274776
978,0	0,9033280525744523
979,0	0,9217889774267217
980,0	0,9301203601640357
981,0	0,930160696136199
982,0	0,9296401342458768
983,0	0,9184525340369137
984,0	0,9221551078159942
985,0	0,9364082745641746
986,0	0,9428824846435706
987,0	0,9311170849984306
988,0	0,9250630491472336
989,0	0,9220932010888464
990,0	0,9308611308635591
991,0	0,92509147007977
992,0	0,9275552043074939
993,0	0,9337230823131787
994,0	0,9228871694284069
995,0	0,9282995570615359
996,0	0,9268601143714325
997,0	0,9391922415515014
998,0	0,9377781860074074
999,0	0,9447876989983739
1000,0	0,9499178658784342
1001,0	0,9560833489747709
1002,0	0,9559696322829226
1003,0	0,9391747746459663
1004,0	0,9282800163765929
1005,0	0,9309409673621051
1006,0	0,9440928100244743
1007,0	0,949392596446729
1008,0	0,9535646154506204
1009,0	0,9532466993585031
1010,0	0,958371687451043
1011,0	0,9641423204257592
1012,0	0,9614244542029323
1013,0	0,9603787169960377
1014,0	0,959814430201531
1015,0	0,9573944152174528
1016,0	0,9620874500835342
1017,0	0,9569611276724856
1018,0	0,9596575414174091
1019,0	0,9542885125011984
1020,0	0,9548661539422135
1021,0	0,9576902399842212
1022,0	0,9625976137824221
1023,0	0,9611748788743736
1024,0	0,9599429954857336
1025,0	0,9669378390788511
1026,0	0,9668969681231235
1027,0	0,9633892022070818
1028,0	0,9565367647455906
1029,0	0,9525155817201321
1030,0	0,9511252545876537
1031,0	0,954199123310414
1032,0	0,9606675767861397
1033,0	0,9577462434529138
1034,0	0,9544892629111313
1035,0	0,9554401456314837
1036,0	0,9439654969641141
1037,0	0,9415187111119021
1038,0	0,942131128017871
1039,0	0,9412919153519943
1040,0	0,9513820824353574
1041,0	0,9525585956449629
1042,0	0,9564813606400807
1043,0	0,9604137808729196
1044,0	0,955187374461337
1045,0	0,9610914243496688
1046,0	0,958701314596631
1047,0	0,9619154045709076
1048,0	0,9638974412065954
1049,0	0,9593504058922036
1050,0	0,9554861480186556
1051,0	0,950304577378314
1052,0	0,9548004860453742
1053,0	0,954176289555986
1054,0	0,9560095288501304
1055,0	0,9511855867480786
1056,0	0,9411113407632509
1057,0	0,935935505753077
1058,0	0,9340599552285753
1059,0	0,9258461661358136
1060,0	0,9239848177087668
1061,0	0,9170132061822575
1062,0	0,890789144113487
1063,0	0,8922018488734248
1064,0	0,8944081092880523
1065,0	0,8823730960715381
1066,0	0,882201759742388
1067,0	0,8811073672885256
1068,0	0,8839905448197292
1069,0	0,8937145588157686
1070,0	0,8868427563954637
1071,0	0,8827971410382952
1072,0	0,8969487044907432
1073,0	0,9195514034565038
1074,0	0,9365345358681082
1075,0	0,9404261305568677
1076,0	0,9301905850345199
1077,0	0,9226900553403556
1078,0	0,9284664676523512
1079,0	0,9278699368883477
1080,0	0,9271563347286427
1081,0	0,9425660470279568
1082,0	0,93931504763631
1083,0	0,9244775927254886
1084,0	0,929689534146351
1085,0	0,9382625455261678
1086,0	0,9435067762304488
1087,0	0,9434512106752281
1088,0	0,9438504542834866
1089,0	0,9401217112117674
1090,0	0,9303136217626279
1091,0	0,9252298931976558
1092,0	0,9203293160060381
1093,0	0,9236181200399104
1094,0	0,9152070485125168
1095,0	0,9099509251016449
1096,0	0,9075554896848276
1097,0	0,9118299473085298
1098,0	0,9001362900538651
1099,0	0,8939973078821031
1100,0	0,9103718138734784
1101,0	0,9133358269214226
1102,0	0,8806764181450893
1103,0	0,8884698956542554
1104,0	0,8869835666170595
1105,0	0,8886032485313413
1106,0	0,8734802750048482
1107,0	0,8710374242088009
1108,0	0,8933849540416189
1109,0	0,8849815471092356
1110,0	0,9024275804569871
1111,0	0,8984100171621043
1112,0	0,9062077434280694
1113,0	0,9010760287963143
1114,0	0,8746333826028072
1115,0	0,8618992275321691
1116,0	0,8782885423028701
1117,0	0,8722149259292856
1118,0	0,8828806940316406
1119,0	0,8765947857836791
1120,0	0,858792781016762
1121,0	0,8558477397185007
1122,0	0,8674339640438691
1123,0	0,8603943045690272
1124,0	0,8751262470902129
1125,0	0,8838151493666349
1126,0	0,8871270563752336
1127,0	0,8856288134640192
1128,0	0,8900408146595584
1129,0	0,9005918858026997
1130,0	0,9038371060368893
1131,0	0,8776521483476742
1132,0	0,8962480141019129
1133,0	0,9218431496689236
1134,0	0,920284473846616
1135,0	0,9071941080965341
1136,0	0,914984794074363
1137,0	0,9027371574673784
1138,0	0,885090317012233
1139,0	0,8994676606987746
1140,0	0,8820669341866619
1141,0	0,8598667982083941
1142,0	0,8924477598445228
1143,0	0,9138248391010049
1144,0	0,9238134632024255
1145,0	0,9157004204076252
1146,0	0,9268049497348746
1147,0	0,9231464608957788
1148,0	0,9096246035487062
1149,0	0,8919024813294937
1150,0	0,892326462724339
1151,0	0,8872836411106836
1152,0	0,8818940250629876
1153,0	0,883142408129783
1154,0	0,8804812393860707
1155,0	0,8813779637063911
1156,0	0,8881374515566828
1157,0	0,8800140770662
1158,0	0,8701853470279565
1159,0	0,8702145999939803
1160,0	0,8585230421035628
1161,0	0,8660616269591607
1162,0	0,861705086064674
1163,0	0,860849991028155
1164,0	0,8360374998143314
1165,0	0,8280032995199991
1166,0	0,8203113466496489
1167,0	0,8206678578875918
1168,0	0,8285162364306261
1169,0	0,8474761465280172
1170,0	0,862645545908441
1171,0	0,8569862930102444
1172,0	0,852394344065466
1173,0	0,8575736513846642
1174,0	0,8300472558103835
1175,0	0,8327936462920567
1176,0	0,8153761591116669
1177,0	0,8152955677691022
1178,0	0,793439549974044
1179,0	0,7687016778851942
1180,0	0,7898325355951623
1181,0	0,8132790336731175
1182,0	0,8108177446666578
1183,0	0,823177800146443
1184,0	0,8561948730381589
1185,0	0,8654676320328156
1186,0	0,8604197605950671
1187,0	0,8592215244969363
1188,0	0,8708974852463254
1189,0	0,8868691446329422
1190,0	0,8780855162320675
1191,0	0,8616468720727909
1192,0	0,8480088735595945
1193,0	0,848794095009516
1194,0	0,8549148065360843
1195,0	0,861721620657485
1196,0	0,8575497835425747
1197,0	0,854420991288494
1198,0	0,843390047421375
1199,0	0,8585434397681404
1200,0	0,8529856399134964
1201,0	0,8509610281771999
1202,0	0,8515780419521853
1203,0	0,8655535854029328
1204,0	0,8838078997478135
1205,0	0,8878349648810694
1206,0	0,8857255714593646
1207,0	0,903415336059456
1208,0	0,9138571510328509
1209,0	0,922285565912148
1210,0	0,9206503235498129
1211,0	0,9194693991019858
1212,0	0,9270806135994956
1213,0	0,9326105547411065
1214,0	0,9427266977758941
1215,0	0,9450011902733293
1216,0	0,9397115314667832
1217,0	0,949814229575012
1218,0	0,9492793613933629
1219,0	0,944392491599212
1220,0	0,9444402097821706
1221,0	0,953835957170504
1222,0	0,9569095575978477
1223,0	0,9657992466694229
1224,0	0,9706726929583056
1225,0	0,9661863572104537
1226,0	0,9576833634191783
1227,0	0,9547453452630484
1228,0	0,9529547418017773
1229,0	0,9560664042561011
1230,0	0,9495114463219011
1231,0	0,9477124591507082
1232,0	0,9432369294716082
1233,0	0,9374863483877431
1234,0	0,9268018795676985
1235,0	0,9343813592484677
1236,0	0,9340333052435781
1237,0	0,9466103046765363
1238,0	0,9383047887771093
1239,0	0,9337514229744924
1240,0	0,9287243742153034
1241,0	0,9176744225683443
1242,0	0,9186694303974323
1243,0	0,9150237204778939
1244,0	0,9232229638984946
1245,0	0,9219875462145876
1246,0	0,9147689459233589
1247,0	0,9236573598696443
1248,0	0,9248470810413677
1249,0	0,9216259623449627
1250,0	0,9076991237513117
1251,0	0,9047016628493803
1252,0	0,903815464949608
1253,0	0,9087658226124856
1254,0	0,8893124327639547
1255,0	0,8865988216209415
1256,0	0,881390398789691
1257,0	0,8756301743890499
1258,0	0,8793122198098163
1259,0	0,8681707635078162
1260,0	0,8636627217126801
1261,0	0,8545676341042018
1262,0	0,8498738965490628
1263,0	0,86031009236094
1264,0	0,8582638202764119
1265,0	0,852199158454234
1266,0	0,8602315652104001
1267,0	0,8610316870854693
1268,0	0,8463708526133823
1269,0	0,8545939811032451
1270,0	0,8473508751810424
1271,0	0,8424181697830264
1272,0	0,8487204472016495
1273,0	0,8575112642524213
1274,0	0,870199182381342
1275,0	0,8634972519518714
1276,0	0,8699602804653281
1277,0	0,8651594291911875
1278,0	0,8645600282774031
1279,0	0,8689338436424024
1280,0	0,8792743929906045
1281,0	0,8804863631577535
1282,0	0,8758343419153464
1283,0	0,8668010326532716
1284,0	0,8789105549192774
1285,0	0,877762396221799
1286,0	0,8716992477839053
1287,0	0,8783467361277665
1288,0	0,8818278661029239
1289,0	0,881614385233089
1290,0	0,8850394406122124
1291,0	0,8688471988358079
1292,0	0,870348612305743
1293,0	0,8467157815236598
1294,0	0,8472929489082647
1295,0	0,84051757949123
1296,0	0,8306173321650762
1297,0	0,8315150928679752
1298,0	0,8210385519937432
1299,0	0,8201109171673815
1300,0	0,8222942918893111
1301,0	0,80920098329054
1302,0	0,8078124135098026
1303,0	0,7930882675913911
1304,0	0,8083948679577999
1305,0	0,8149729155822152
1306,0	0,8188509140209118
1307,0	0,8195092758114393
1308,0	0,8343411270093287
1309,0	0,8443085070299019
1310,0	0,845080256663485
1311,0	0,839440585416687
1312,0	0,8509720352391361
1313,0	0,8659151873913434
1314,0	0,8610759850848502
1315,0	0,8599128148867959
1316,0	0,8649779397921679
1317,0	0,869828303162829
1318,0	0,8761539339060643
1319,0	0,8804942866303821
1320,0	0,8806699123013365
1321,0	0,8795220498505714
1322,0	0,8800214377018931
1323,0	0,8881374250528454
1324,0	0,9007289781116606
1325,0	0,8913486416241265
1326,0	0,8942904782595603
1327,0	0,9214077393051492
1328,0	0,9319061859856164
1329,0	0,9387589892490497
1330,0	0,9399197291347403
1331,0	0,9365254942180005
1332,0	0,9349605610096989
1333,0	0,9254677587683132
1334,0	0,9300983937093718
1335,0	0,93331310992096
1336,0	0,9220389764231373
1337,0	0,921304498337165
1338,0	0,9242179433498647
1339,0	0,9316094927078796
1340,0	0,9228756463536423
1341,0	0,9215758483587833
1342,0	0,9301234701636663
1343,0	0,9274029924230158
1344,0	0,9325484160230287
1345,0	0,9366666553413643
1346,0	0,9391623150570241
1347,0	0,9396709653699458
1348,0	0,9353145794732467
1349,0	0,9297028776995474
1350,0	0,9382938187407753
1351,0	0,9362970439508743
1352,0	0,9357173448603383
1353,0	0,9360013536376209
1354,0	0,9293761912106028
1355,0	0,933124421380061
1356,0	0,9189771616886436
1357,0	0,9120609587145617
1358,0	0,9076283043694539
1359,0	0,9077459767300637
1360,0	0,9056655908885253
1361,0	0,9043056267117442
1362,0	0,9040485011065793
1363,0	0,9007247481384915
1364,0	0,9003032021683411
1365,0	0,8911518713130904
1366,0	0,8819689286594715
1367,0	0,8817390922958724
1368,0	0,8896106531053884
1369,0	0,8829360945586067
1370,0	0,8693521926391043
1371,0	0,8667732216290711
1372,0	0,8634073729918395
1373,0	0,863318272131857
1374,0	0,850849139561943
1375,0	0,8607020076224952
1376,0	0,8557747439322975
1377,0	0,847956112017662
1378,0	0,8387008570211386
1379,0	0,8271165155683394
1380,0	0,8226498956963977
1381,0	0,835675926304417
1382,0	0,8402421907700934
1383,0	0,833901268389548
1384,0	0,8300016084536991
1385,0	0,817339473933499
1386,0	0,822831093942901
1387,0	0,8212459560730102
1388,0	0,8276974550877686
1389,0	0,8427714251792018
1390,0	0,8541439635428506
1391,0	0,8470803473390363
1392,0	0,8489348966389763
1393,0	0,8581036478126425
1394,0	0,862204408886034
1395,0	0,8546843582429914
1396,0	0,8539468419511227
1397,0	0,8637663322325149
1398,0	0,853028784072118
1399,0	0,8418721203103009
1400,0	0,8328267926920426
1401,0	0,8316273792896082
1402,0	0,8303821843573582
1403,0	0,8392564475962173
1404,0	0,8386507066405664
1405,0	0,8249552068949839
1406,0	0,8188473852670342
1407,0	0,7913096754604652
1408,0	0,8086547544881963
1409,0	0,7953740122196092
1410,0	0,8080447514336394
1411,0	0,8102627104725365
1412,0	0,8037966627111662
1413,0	0,7867941286571352
1414,0	0,7752260024997726
1415,0	0,7797628970168075
1416,0	0,7933209071712446
1417,0	0,7980424458113695
1418,0	0,7884418146331433
1419,0	0,7777779120535945
1420,0	0,7843389442211834
1421,0	0,774766708821249
1422,0	0,7912197310039641
1423,0	0,8165170857011492
1424,0	0,8269089688801348
1425,0	0,8387470984974257
1426,0	0,846168709527492
1427,0	0,8467611522122035
1428,0	0,842179930474742
1429,0	0,8480195159851605
1430,0	0,8309977639427095
1431,0	0,8318240537767337
1432,0	0,8594972224742432
1433,0	0,8707155955656002
1434,0	0,8733318367986549
1435,0	0,885381723599275
1436,0	0,8866745973939477
1437,0	0,8876889584683424
1438,0	0,896982012567355
1439,0	0,9105101789759367
1440,0	0,9044413984260683
1441,0	0,9053645182665374
1442,0	0,9096343077952036
1443,0	0,9159142809850971
1444,0	0,9281084408697912
1445,0	0,929611240481856
1446,0	0,923925732317846
1447,0	0,9326341334999386
1448,0	0,9254478674949081
1449,0	0,9404365268343633
1450,0	0,9293960286754985
1451,0	0,9181457653242641
1452,0	0,9077129051096884
1453,0	0,8861368742866013
1454,0	0,8813685469488484
1455,0	0,8860528202282736
1456,0	0,8826371746295884
1457,0	0,8927360437018741
1458,0	0,8950282443463957
1459,0	0,8993912520061657
1460,0	0,8972565571731551
1461,0	0,9076887612412798
1462,0	0,9007557570181243
1463,0	0,9214372324020789
1464,0	0,9131809093379041
1465,0	0,9048835461563638
1466,0	0,8985998619893487
1467,0	0,8856556952735932
1468,0	0,9089126603681257
1469,0	0,9101491894334153
1470,0	0,9131412349902228
1471,0	0,9231514555139669
1472,0	0,921456741148306
1473,0	0,9185748497523847
1474,0	0,903443222495317
1475,0	0,8922981921144054
1476,0	0,888615832128238
1477,0	0,8720322720144205
1478,0	0,8772819371096379
1479,0	0,8843093245033152
1480,0	0,8776089639491106
1481,0	0,8748669518225167
1482,0	0,8919033190489117
1483,0	0,8984527813253702
1484,0	0,890533273129419
1485,0	0,8563466351714744
1486,0	0,8602966656457587
1487,0	0,8505779224485706
1488,0	0,842912239348704
1489,0	0,8531452722879196
1490,0	0,85419081588835
1491,0	0,8501962715690792
1492,0	0,8515045934709272
1493,0	0,8357365273100539
1494,0	0,8296672386643552
1495,0	0,8352310895381524
1496,0	0,8267538724439761
1497,0	0,8282123080439566
1498,0	0,8234589690838374
1499,0	0,8107919823992479
1500,0	0,8428641080179489
1501,0	0,841058184337572
1502,0	0,8515823380020546
1503,0	0,8469257763678664
1504,0	0,8212022909905284
1505,0	0,8389841346160626
1506,0	0,847239284287712
1507,0	0,861038594392972
1508,0	0,8743949601556219
1509,0	0,8647981932207677
1510,0	0,8733077646290389
1511,0	0,8684083899941432
1512,0	0,8502772845738417
1513,0	0,8690883265121042
1514,0	0,8370469106138948
1515,0	0,8614460319360406
1516,0	0,841207735517014
1517,0	0,815513195990966
1518,0	0,8225875143841702
1519,0	0,8260348601986581
1520,0	0,8327371326386843
1521,0	0,8365348253689532
1522,0	0,8296712194013691
1523,0	0,8138858148143965
1524,0	0,8059917294438598
1525,0	0,8121976415311732
1526,0	0,8080407583651397
1527,0	0,8040323462476985
1528,0	0,8221027742459077
1529,0	0,7908799137702284
1530,0	0,784008843742738
1531,0	0,7966232834196347
1532,0	0,8224500574917382
1533,0	0,812651058402532
1534,0	0,8479046827352997
1535,0	0,8431168199880005
1536,0	0,8331550596982282
1537,0	0,8405951329350062
1538,0	0,8265481603846075
1539,0	0,8366255990783279
1540,0	0,8319471079200259
1541,0	0,8258434726773529
1542,0	0,8131655332936716
1543,0	0,7810492061835504
1544,0	0,8070623238275266
1545,0	0,8123556345658177
1546,0	0,7922361952977995
1547,0	0,7914641612684697
1548,0	0,7701514058671424
1549,0	0,783106949126769
1550,0	0,7818926374234916
1551,0	0,7874028581794622
1552,0	0,7920227104049495
1553,0	0,7946779342006542
1554,0	0,7943422984569296
1555,0	0,8161132295228823
1556,0	0,8364202228619309
1557,0	0,8518106202143064
1558,0	0,8622457929119621
1559,0	0,8621063105824615
1560,0	0,8752316864866861
1561,0	0,871978602865359
1562,0	0,8899218891921824
1563,0	0,903142531709298
1564,0	0,931101543747938
1565,0	0,9320244741838644
1566,0	0,9312182110751438
1567,0	0,9172814844708769
1568,0	0,935078861654841
1569,0	0,9322360219902919
1570,0	0,9398772367902862
1571,0	0,9487179406806656
1572,0	0,9450239743951777
1573,0	0,9263133602514906
1574,0	0,9282727293795904
1575,0	0,9407693729979544
1576,0	0,9506804600626177
1577,0	0,9527384688084374
1578,0	0,9469725030270564
1579,0	0,9542892152058965
1580,0	0,9552780276803381
1581,0	0,9510862385217284
1582,0	0,9522080371601721
1583,0	0,9549158392543179
1584,0	0,9629729331949305
1585,0	0,956434666094637
1586,0	0,9510653794834927
1587,0	0,9554266436493054
1588,0	0,9536123053543558
1589,0	0,9464750272111129
1590,0	0,947910582062409
1591,0	0,9458821910031142
1592,0	0,9443690357537219
1593,0	0,9447009275305859
1594,0	0,9427040333224851
1595,0	0,9411215641232153
1596,0	0,9357363383497286
1597,0	0,9389850400979045
1598,0	0,9296046100286962
1599,0	0,9312651498252043
1600,0	0,9341280799667258
1601,0	0,9359209842130686
1602,0	0,9403725727098523
1603,0	0,9439796822067876
1604,0	0,9445436954319012
1605,0	0,947853089160627
1606,0	0,935069671277945
1607,0	0,937712279029927
1608,0	0,9431739081647004
1609,0	0,9352340916926483
1610,0	0,9447161503003714
1611,0	0,9447799823495789
1612,0	0,9431739438804299
1613,0	0,9419164584825964
1614,0	0,9453598010185669
1615,0	0,9511417598018375
1616,0	0,9579419368898904
1617,0	0,9663510711544545
1618,0	0,9696998669392101
1619,0	0,9671831731425471
1620,0	0,9657465969577276
1621,0	0,9664233564283379
1622,0	0,9658348264196156
1623,0	0,9680800153892363
1624,0	0,966001836772852
1625,0	0,9614246862618957
1626,0	0,9617429484688513
1627,0	0,9525744644652989
1628,0	0,960036124895981
1629,0	0,9534806206016138
1630,0	0,9452737253801097
1631,0	0,9496505422035676
1632,0	0,9518915222596398
1633,0	0,9507432018956098
1634,0	0,9450709891050038
1635,0	0,9343814218589628
1636,0	0,938427005538373
1637,0	0,9377312166942324
1638,0	0,9373451969477561
1639,0	0,9277014656451164
1640,0	0,9312754431350395
1641,0	0,9354213581236728
1642,0	0,9238629488654221
1643,0	0,9109556021390751
1644,0	0,9071590923036644
1645,0	0,8933027147718986
1646,0	0,8981762925983406
1647,0	0,9143140517405443
1648,0	0,8913816298905044
1649,0	0,9021240406246547
1650,0	0,9132606566018338
1651,0	0,904184466165985
1652,0	0,8911726310410042
1653,0	0,8796694678106086
1654,0	0,882878686771417
1655,0	0,89602837519165
1656,0	0,8795313702449957
1657,0	0,8545863465777609
1658,0	0,8230450345564474
1659,0	0,8139063698249039
1660,0	0,8453438574753004
1661,0	0,8483433257249282
1662,0	0,858648943228984
1663,0	0,859528237607122
1664,0	0,8844674687094507
1665,0	0,8761817954026089
1666,0	0,8750346833024784
1667,0	0,8693602613850657
1668,0	0,8474220704140621
1669,0	0,8468084487889485
1670,0	0,8484938048161758
1671,0	0,8608857521322679
1672,0	0,8637028791044089
1673,0	0,8732827015454916
1674,0	0,8704877852710882
1675,0	0,8648334030474396
1676,0	0,854263714318344
1677,0	0,842856058088361
1678,0	0,83541602322387
1679,0	0,8251700981087218
1680,0	0,805915209256753
1681,0	0,7954755862265527
1682,0	0,7971765005096656
1683,0	0,798672852828542
1684,0	0,7931199308857352
1685,0	0,8016126033870047
1686,0	0,8043326503664797
1687,0	0,812598140005057
1688,0	0,799323817870327
1689,0	0,7963390532060434
1690,0	0,796828638685118
1691,0	0,8162453450648323
1692,0	0,8299124963031279
1693,0	0,8307196469449566
1694,0	0,8387527754624141
1695,0	0,8468673047272444
1696,0	0,8462441755245074
1697,0	0,836576521173882
1698,0	0,8396560487337523
1699,0	0,8504141838259733
1700,0	0,8482190699675183
1701,0	0,8480283354363921
1702,0	0,8599386951218043
1703,0	0,8450284681697856
1704,0	0,8287151059156145
1705,0	0,8193373664307015
1706,0	0,830980290184115
1707,0	0,8071025109371835
1708,0	0,8082553285810972
1709,0	0,7997033681154081
1710,0	0,7740138362164051
1711,0	0,7885409181981295
1712,0	0,7907390483319893
1713,0	0,7743113579818249
1714,0	0,7726694203379585
1715,0	0,7832535562153979
1716,0	0,7943014515048077
1717,0	0,8014542584839164
1718,0	0,8290797392198037
1719,0	0,8462776457518811
1720,0	0,8326610791406637
1721,0	0,8426074827628155
1722,0	0,8510770197113551
1723,0	0,8590242225545014
1724,0	0,8591825802097621
1725,0	0,8578702263728107
1726,0	0,8698901917419847
1727,0	0,8706204473835153
1728,0	0,8807983198635035
1729,0	0,8912092441644236
1730,0	0,8785721916362345
1731,0	0,8873114912613834
1732,0	0,8742211590983258
1733,0	0,8483138077134137
1734,0	0,8396974179195603
1735,0	0,8164627547342804
1736,0	0,8047123534959664
1737,0	0,7901615752459136
1738,0	0,804947432273307
1739,0	0,8371421712955027
1740,0	0,848578299118336
1741,0	0,8651482056425329
1742,0	0,8482050794042614
1743,0	0,8359433668286841
1744,0	0,8410826214920781
1745,0	0,8611063004032389
1746,0	0,8936679310719663
1747,0	0,8979476943358743
1748,0	0,8952305203883438
1749,0	0,8898070011248441
1750,0	0,9033461623930131
1751,0	0,8936670684748284
1752,0	0,8969877362869438
1753,0	0,8876503869342487
1754,0	0,8750392679476601
1755,0	0,8764646767948588
1756,0	0,89577637969288
1757,0	0,8801390373574928
1758,0	0,8425929951600813
1759,0	0,8482717880605133
1760,0	0,8253146772077861
1761,0	0,8407111360961003
1762,0	0,8323322107454844
1763,0	0,8060928078266124
1764,0	0,7764299272939179
1765,0	0,7728060361280568
1766,0	0,8052061138359575
1767,0	0,8145369796282075
1768,0	0,8089580764208674
1769,0	0,8152595711588793
1770,0	0,814845924605116
1771,0	0,840619326250932
1772,0	0,8511408878869572
1773,0	0,8405673504955351
1774,0	0,841793075191856
1775,0	0,832237772151462
1776,0	0,8368903702059883
1777,0	0,8453290974357016
1778,0	0,8475615592576126
1779,0	0,8602708469341888
1780,0	0,8859256832132388
1781,0	0,9010351955006165
1782,0	0,9116574144921845
1783,0	0,9157932859189272
1784,0	0,9288480060425909
1785,0	0,9048215087513019
1786,0	0,9140598556434756
1787,0	0,9119136240401323
1788,0	0,9138496770370025
1789,0	0,9288319868770832
1790,0	0,9233458551769952
1791,0	0,9199773355390181
1792,0	0,9053671841479702
1793,0	0,8915318749873117
1794,0	0,8883518024774726
1795,0	0,8807110089900708
1796,0	0,8801590049218464
1797,0	0,8695347610008802
1798,0	0,8658784814397948
1799,0	0,8898322896205222
1800,0	0,9005483947698053
1801,0	0,9023449919652893
1802,0	0,8996503172606896
1803,0	0,8910914120303691
1804,0	0,909396235965911
1805,0	0,9011646301639528
1806,0	0,896375908425112
1807,0	0,8987650525067913
1808,0	0,9142334506605198
1809,0	0,9113422343587205
1810,0	0,8972153961153286
1811,0	0,8857930854473093
1812,0	0,8848849069899557
1813,0	0,8984974470859334
1814,0	0,918081570658764
1815,0	0,9254252687233874
1816,0	0,9315754310203648
1817,0	0,9493960221731061
1818,0	0,9661121407348747
1819,0	0,9687113786289797
1820,0	0,9686716544724351
1821,0	0,9681809222135266
1822,0	0,9676385270664866
1823,0	0,9608614715544703
1824,0	0,9566907377184342
1825,0	0,949163312567869
1826,0	0,9483038835364659
1827,0	0,9350503739642004
1828,0	0,9275417279702679
1829,0	0,9320194548097855
1830,0	0,9286158045729235
1831,0	0,9379998408030736
1832,0	0,9384283386183004
1833,0	0,9444058213620027
1834,0	0,9494467388406101
1835,0	0,9585174732294814
1836,0	0,9552714379663451
1837,0	0,9587427258335476
1838,0	0,9529071422240015
1839,0	0,9571066062770391
1840,0	0,9529562893801954
1841,0	0,9586064518098198
1842,0	0,9597951645769492
1843,0	0,9601952786960608
1844,0	0,9624246560559605
1845,0	0,9613617376494623
1846,0	0,9599241009463384
1847,0	0,970075689468693
1848,0	0,9645400330522109
1849,0	0,9630940889763058
1850,0	0,9573288524303354
1851,0	0,9658578598071266
1852,0	0,9617886885494812
1853,0	0,9655397966791308
1854,0	0,9696188002792765
1855,0	0,9605846515010497
1856,0	0,9695502169637876
1857,0	0,9692619333457292
1858,0	0,9747519494672581
1859,0	0,9673482615462531
1860,0	0,9604786533612948
1861,0	0,9506804137163729
1862,0	0,9386745142590004
1863,0	0,945280995860366
1864,0	0,9428220163304086
1865,0	0,9322931136270284
1866,0	0,9258637844524832
1867,0	0,924135661230587
1868,0	0,9259741830766792
1869,0	0,9013341549405213
1870,0	0,907097943421281
1871,0	0,9246555092657566
1872,0	0,9039630714932498
1873,0	0,901045989218826
1874,0	0,8977649688229217
1875,0	0,8872432144360966
1876,0	0,8788094491249167
1877,0	0,8798545681404649
1878,0	0,8733926858553226
1879,0	0,8866126937679076
1880,0	0,8865019494078683
1881,0	0,8683116794829829
1882,0	0,8736195867797998
1883,0	0,8794226128347713
1884,0	0,8873619691943369
1885,0	0,8925231580972004
1886,0	0,9148769982796383
1887,0	0,9151804866214949
1888,0	0,9116326998540497
1889,0	0,9001987727875694
1890,0	0,9149086430594657
1891,0	0,9027970397160077
1892,0	0,892684217011108
1893,0	0,8931296152306357
1894,0	0,8934942756924481
1895,0	0,8855133747087932
1896,0	0,8804323678040565
1897,0	0,887156910736167
1898,0	0,8967781722968302
1899,0	0,9083489756509382
1900,0	0,8993185591611397
1901,0	0,8997870644331118
1902,0	0,9119489526714553
1903,0	0,9241553584512973
1904,0	0,9232925141830867
1905,0	0,9310464993890691
1906,0	0,9339940197220173
1907,0	0,9253736003642737
1908,0	0,9138238357538174
1909,0	0,9184548201008322
1910,0	0,9386153198201845
1911,0	0,9387036421497302
1912,0	0,9333796908435443
1913,0	0,9364795816550551
1914,0	0,9251656123561937
1915,0	0,9148042684431087
1916,0	0,9320056532949307
1917,0	0,9271625726555119
1918,0	0,9208745473783716
1919,0	0,9290774443672251
1920,0	0,9396993702505368
1921,0	0,94391278518768
1922,0	0,9471638122926603
1923,0	0,9451908165451128
1924,0	0,945174127310383
1925,0	0,9359370826709803
1926,0	0,9326714709771731
1927,0	0,9200512048820043
1928,0	0,9207369809254052
1929,0	0,9194123531785952
1930,0	0,9259173429833044
1931,0	0,9182585516153213
1932,0	0,9209248446365064
1933,0	0,9029170582775922
1934,0	0,909411225233573
1935,0	0,9206748768578876
1936,0	0,916577183529437
1937,0	0,914128305524225
1938,0	0,9196209861335212
1939,0	0,911263326546994
1940,0	0,9089295521299382
1941,0	0,9162687340668987
1942,0	0,9106870451485471
1943,0	0,9007440780229519
1944,0	0,9057792137023575
1945,0	0,9061643097120939
1946,0	0,9202593974000046
1947,0	0,9124563263982386
1948,0	0,9108416386180541
1949,0	0,9169965554895566
1950,0	0,9148178013953474
1951,0	0,9217564171521655
1952,0	0,9105562018447747
1953,0	0,9071365384377431
1954,0	0,8962667616450659
1955,0	0,9038961027306478
1956,0	0,9015714237914393
1957,0	0,9110312313995579
1958,0	0,9199394224307073
1959,0	0,9141968861477117
1960,0	0,9030411704386403
1961,0	0,9079902747304632
1962,0	0,9001746034260318
1963,0	0,898059111446568
1964,0	0,9100274335910618
1965,0	0,9043722825400486
1966,0	0,9074301468380178
1967,0	0,9033271121826972
1968,0	0,9089071830082384
1969,0	0,9063916915030393
1970,0	0,8876688761391782
1971,0	0,8869602417381445
1972,0	0,8779614774819947
1973,0	0,8892342568326399
1974,0	0,8850581237953341
1975,0	0,8932625462346578
1976,0	0,8961851519131903
1977,0	0,8976921610339361
1978,0	0,9333811546248074
1979,0	0,9378069908492038
1980,0	0,9348327063760424
1981,0	0,9250437047061203
1982,0	0,9203659756331484
1983,0	0,9138978709072872
1984,0	0,9069566474407208
1985,0	0,9124136123487621
1986,0	0,9083943018655088
1987,0	0,9079220300821618
1988,0	0,9126719894252318
1989,0	0,9162882163354467
1990,0	0,9271110432380637
1991,0	0,9361191914720914
1992,0	0,9328466620911089
1993,0	0,9373049120174692
1994,0	0,9312265119391984
1995,0	0,9277796011546648
1996,0	0,9264806194089368
1997,0	0,9437169443802226
1998,0	0,9355153262270751
1999,0	0,9303459295279523
2000,0	0,9356646529788946
