N: 200,0	L: 25,0	Density:0,32	Noise: 2,0
Time	 Va	
0,0	0,036632028647091995
1,0	0,047673096828688546
2,0	0,060089981105346926
3,0	0,07117099612444067
4,0	0,09056270291912635
5,0	0,15549139559199113
6,0	0,11669079504239624
7,0	0,06381788226711953
8,0	0,0795109684608132
9,0	0,11886056734642939
10,0	0,13583228273743167
11,0	0,1628479497662513
12,0	0,15466602310168387
13,0	0,09136990576709565
14,0	0,06556252031658409
15,0	0,06817933668190894
16,0	0,08724859221933559
17,0	0,07332366626052507
18,0	0,232151012379649
19,0	0,26848465199495103
20,0	0,3260632300718895
21,0	0,2964528406403758
22,0	0,3647932649718309
23,0	0,39244156483070186
24,0	0,3748672527356215
25,0	0,3973334413981238
26,0	0,3955329852816416
27,0	0,3190222991480329
28,0	0,36332042371873086
29,0	0,32883666924679184
30,0	0,2776984531864099
31,0	0,3262374059177903
32,0	0,3036850350448531
33,0	0,31051447719347636
34,0	0,3167026353228081
35,0	0,3286621206129997
36,0	0,3145506444643185
37,0	0,2353555119008308
38,0	0,1792430029291929
39,0	0,15599679923527335
40,0	0,08860309639460807
41,0	0,08770327478645706
42,0	0,1775897088198405
43,0	0,16383819666024912
44,0	0,1330367715000586
45,0	0,21210682981737203
46,0	0,19726043323382364
47,0	0,15103132676125497
48,0	0,11902897751454798
49,0	0,10711643041225738
50,0	0,09425956744813437
51,0	0,02792239344147811
52,0	0,08767155038411292
53,0	0,053523893177193214
54,0	0,11979526180835989
55,0	0,14357216286212793
56,0	0,1838107506019962
57,0	0,14378570560623202
58,0	0,17649846704854374
59,0	0,18486759343093104
60,0	0,14968590745877433
61,0	0,1383196924637104
62,0	0,09644093462476876
63,0	0,012564673342500114
64,0	0,04978677060304611
65,0	0,1089968645616503
66,0	0,14853604119009883
67,0	0,217225653334541
68,0	0,1815729832537921
69,0	0,1834814409846601
70,0	0,09270572819489845
71,0	0,15602444206258645
72,0	0,09308340811639021
73,0	0,08008875097031462
74,0	0,010581689865713203
75,0	0,033642500605822155
76,0	0,024202768083419993
77,0	0,0699434712162076
78,0	0,12929645880819177
79,0	0,21958879325424613
80,0	0,19579794717954227
81,0	0,20973415177773289
82,0	0,19301218822983005
83,0	0,22812454651128344
84,0	0,2821247691065358
85,0	0,2561646010819868
86,0	0,20574175240909165
87,0	0,23652925275734285
88,0	0,27573841049642606
89,0	0,26078731946653905
90,0	0,26832206578408685
91,0	0,3146672208940207
92,0	0,35937397733453796
93,0	0,39662724651868675
94,0	0,39341124911250885
95,0	0,4406995719067353
96,0	0,4012360635922
97,0	0,4558297156721716
98,0	0,44732160404011817
99,0	0,5121823820711777
100,0	0,5303460145148626
101,0	0,5051183146113469
102,0	0,5429132574456843
103,0	0,5197964476687864
104,0	0,5184260522195788
105,0	0,5336752813883955
106,0	0,5600861768474014
107,0	0,5131481046577694
108,0	0,4968702623772884
109,0	0,4610447702107595
110,0	0,5069944942345207
111,0	0,533114080575742
112,0	0,5251647763907454
113,0	0,5528974113552617
114,0	0,5083169267862095
115,0	0,4941973099684913
116,0	0,4852513982381501
117,0	0,49524512397795006
118,0	0,500182619245415
119,0	0,4571842134118933
120,0	0,43474558581774364
121,0	0,4856767192416773
122,0	0,4575942982228723
123,0	0,38472382492590523
124,0	0,3659968981644884
125,0	0,36482818107284787
126,0	0,33008473986956705
127,0	0,3279278131279243
128,0	0,30301523982329936
129,0	0,32850772317361954
130,0	0,3440058725059753
131,0	0,27385229290419655
132,0	0,35410630590118225
133,0	0,4113555675999134
134,0	0,41844051698620427
135,0	0,4525626649995514
136,0	0,48690427750396054
137,0	0,46556297577453243
138,0	0,3857253170346793
139,0	0,319791578458677
140,0	0,333403487761589
141,0	0,31779964533080063
142,0	0,30037816720239724
143,0	0,3034417658257693
144,0	0,26318152292430874
145,0	0,1657082395650035
146,0	0,16034280760822342
147,0	0,10294642598917855
148,0	0,08574545936124985
149,0	0,1498584374273281
150,0	0,08618139265589048
151,0	0,12159126560086236
152,0	0,10897067284341916
153,0	0,13926118560078604
154,0	0,11736083317552258
155,0	0,11686119510738706
156,0	0,18526604147953493
157,0	0,24403735079209027
158,0	0,28375115447944615
159,0	0,2887755467023449
160,0	0,37401005261736514
161,0	0,3959921985036324
162,0	0,4520004185440826
163,0	0,437415979173327
164,0	0,33489853647205314
165,0	0,2668187011844582
166,0	0,22848855580711716
167,0	0,23781885820777918
168,0	0,2731812304371943
169,0	0,18878611060323003
170,0	0,20922322296477305
171,0	0,25607329911402105
172,0	0,24594088164048647
173,0	0,2355381338113563
174,0	0,3131652556937111
175,0	0,31926007194452916
176,0	0,37451505719876865
177,0	0,43455211930591703
178,0	0,4217024454983593
179,0	0,398812982575833
180,0	0,422069059225471
181,0	0,43574159236318083
182,0	0,42375845278691704
183,0	0,4508395494851606
184,0	0,4661957901647649
185,0	0,5083388926091044
186,0	0,39823071253080494
187,0	0,30656725452902883
188,0	0,30278049458970296
189,0	0,29065281771678186
190,0	0,20435959258534603
191,0	0,2551314159628113
192,0	0,3070651435562714
193,0	0,3340081718753423
194,0	0,3393620479012566
195,0	0,42075999201869535
196,0	0,35685862503644417
197,0	0,4236028146530402
198,0	0,34426953900968754
199,0	0,3064731738894398
200,0	0,22708332321810606
201,0	0,23234894887667337
202,0	0,19567582943164932
203,0	0,237311946545986
204,0	0,26057257546269813
205,0	0,3085454804247346
206,0	0,32326913721942824
207,0	0,42224594537182697
208,0	0,4394687492197456
209,0	0,4582047999945716
210,0	0,39584312536468175
211,0	0,3575591700119737
212,0	0,39701517783613843
213,0	0,3298867905799572
214,0	0,31950541720955034
215,0	0,33064497172307933
216,0	0,31907671969473916
217,0	0,3701156621669244
218,0	0,2780266016986392
219,0	0,3045874271898453
220,0	0,3460435856916725
221,0	0,2544862918826935
222,0	0,3296244809456737
223,0	0,4119070671280454
224,0	0,3842454860873334
225,0	0,3999469939158539
226,0	0,38596942838963694
227,0	0,3889611117415489
228,0	0,38759340706391954
229,0	0,4287177824226756
230,0	0,3995784356789103
231,0	0,37408750320999373
232,0	0,294852557163382
233,0	0,28385454210298
234,0	0,36064773880885126
235,0	0,3852211614217483
236,0	0,3809053308599569
237,0	0,35231325069276725
238,0	0,37571579633431723
239,0	0,3762146346586706
240,0	0,41608028124036495
241,0	0,4442540575788003
242,0	0,4422270785961987
243,0	0,41524159022298307
244,0	0,4524920939059455
245,0	0,4458777707309101
246,0	0,5181556255196
247,0	0,4653294880586357
248,0	0,4500418513746327
249,0	0,46954527850403405
250,0	0,4765365139657801
251,0	0,5390025053258996
252,0	0,4709724553618178
253,0	0,4923539553681329
254,0	0,48269223733121147
255,0	0,419294752001852
256,0	0,4310880080278763
257,0	0,3886399246718507
258,0	0,39465540482239586
259,0	0,4472951343414556
260,0	0,4013442113773752
261,0	0,3867748871020347
262,0	0,459485364899897
263,0	0,4411935147373263
264,0	0,44234232148397123
265,0	0,43222943927112223
266,0	0,5242192018287035
267,0	0,5459013998325247
268,0	0,6025635631448797
269,0	0,6282407146664233
270,0	0,6622971273504421
271,0	0,647858864590792
272,0	0,6579383280577684
273,0	0,5726775701332589
274,0	0,5686196083438566
275,0	0,5372153377535719
276,0	0,5021737585909517
277,0	0,47240189483971146
278,0	0,4283904572996208
279,0	0,43094616759393733
280,0	0,46860370506557714
281,0	0,4642953962468104
282,0	0,5381637282955066
283,0	0,5249340586416239
284,0	0,42820234596792417
285,0	0,4548168333240002
286,0	0,46704432088295306
287,0	0,4283589279895578
288,0	0,4451016882134198
289,0	0,43583898992880155
290,0	0,44570420130423627
291,0	0,47327085271589325
292,0	0,45375935741793244
293,0	0,41729051164991804
294,0	0,33817325040513635
295,0	0,23647022847777244
296,0	0,21890814458396787
297,0	0,23868750759894994
298,0	0,24230477050622146
299,0	0,22564721768193186
300,0	0,2313697470436686
301,0	0,1771136736177567
302,0	0,23902046625425818
303,0	0,281829528341938
304,0	0,3237875263689052
305,0	0,3058727855663737
306,0	0,3287966142987514
307,0	0,37682629417673763
308,0	0,28467755727680644
309,0	0,22883209341354327
310,0	0,2466759285823213
311,0	0,27613490378908373
312,0	0,21360107661280894
313,0	0,2050608235088659
314,0	0,18868052318998893
315,0	0,19684965552903305
316,0	0,14066220902567347
317,0	0,14395119935274683
318,0	0,14921473777817787
319,0	0,15098500416746516
320,0	0,19194554959160343
321,0	0,23232589835463408
322,0	0,2489506204269344
323,0	0,2399056367461629
324,0	0,20547028814471113
325,0	0,18899868002977735
326,0	0,1934109029913392
327,0	0,19640215395155883
328,0	0,18325211589686266
329,0	0,17125834867735887
330,0	0,13721984252652528
331,0	0,15661912908907547
332,0	0,20376994312064325
333,0	0,18339375091081137
334,0	0,19215977626739258
335,0	0,20402038905729605
336,0	0,2962194269846218
337,0	0,29154660519459724
338,0	0,2853020831002745
339,0	0,26379441366272427
340,0	0,22356763042548075
341,0	0,267167098404035
342,0	0,20298472081446606
343,0	0,24108001418600059
344,0	0,2056597390650285
345,0	0,23623089147270046
346,0	0,22508223609950445
347,0	0,22201222589296743
348,0	0,20818622773967496
349,0	0,1872537416589924
350,0	0,21123060137306862
351,0	0,2236066753123426
352,0	0,29804989193952186
353,0	0,217405894947053
354,0	0,15827990781683873
355,0	0,1396648840425805
356,0	0,13535914889227876
357,0	0,10560695886920886
358,0	0,05395114409841894
359,0	0,08150805014466032
360,0	0,11040195656473939
361,0	0,1361753143470868
362,0	0,17768705903195917
363,0	0,22571425640772935
364,0	0,21529695927879142
365,0	0,20449545836380978
366,0	0,14280175929017896
367,0	0,18742634624251622
368,0	0,229741157593852
369,0	0,2160676733826929
370,0	0,1934956625532111
371,0	0,1810949149449623
372,0	0,24103599672165907
373,0	0,2814241368481648
374,0	0,26119925196102334
375,0	0,25854637454774293
376,0	0,2633714576113627
377,0	0,245274202446914
378,0	0,24519693604985665
379,0	0,2531605470012851
380,0	0,158053107921192
381,0	0,06609495734888139
382,0	0,1517241432007088
383,0	0,16854032999039992
384,0	0,1354048584012859
385,0	0,162970989181463
386,0	0,1337949303340976
387,0	0,13960965950846796
388,0	0,14871881770594006
389,0	0,1401438635969103
390,0	0,1550211288709601
391,0	0,21665057361737858
392,0	0,2057975475750192
393,0	0,22291347922955854
394,0	0,27291930445034573
395,0	0,26188083069811685
396,0	0,26365949719158416
397,0	0,3214235261096253
398,0	0,34018745744828466
399,0	0,3051133111921121
400,0	0,30814246913588134
401,0	0,33741652591105986
402,0	0,4056294412130176
403,0	0,3704585979006765
404,0	0,3003447468332352
405,0	0,3126414048847279
406,0	0,3280595370407086
407,0	0,3374165739239958
408,0	0,3708373517761662
409,0	0,3846607963764551
410,0	0,4197501893599504
411,0	0,3726515258109707
412,0	0,3894217588998578
413,0	0,3853353440499383
414,0	0,44288940690617556
415,0	0,4218151779176872
416,0	0,3849121647511627
417,0	0,34024047701607313
418,0	0,3747371449463481
419,0	0,4133169931156451
420,0	0,4391569350649202
421,0	0,45474374259260325
422,0	0,43566373399199293
423,0	0,4260264873715902
424,0	0,48064392692415786
425,0	0,4777665781414775
426,0	0,460498448585823
427,0	0,38340328198681595
428,0	0,36743993332448266
429,0	0,390136690614093
430,0	0,4120291504901383
431,0	0,3590714247574994
432,0	0,3071937962300757
433,0	0,27221253038412413
434,0	0,31854053894590273
435,0	0,3066883043894268
436,0	0,35117728464436354
437,0	0,3198338492807584
438,0	0,39011103380357975
439,0	0,440694966584054
440,0	0,4177245010364839
441,0	0,38730966468752304
442,0	0,3602959560759926
443,0	0,39034999501787765
444,0	0,4443462615824629
445,0	0,41211860416378215
446,0	0,391391403101931
447,0	0,3691437178665034
448,0	0,3696456375470823
449,0	0,4330836441591797
450,0	0,40566617838690877
451,0	0,45304994540975996
452,0	0,4267437797171946
453,0	0,42798370332709296
454,0	0,40565986659541126
455,0	0,3778347225430948
456,0	0,41911291821903734
457,0	0,43445690987528107
458,0	0,4141333377992224
459,0	0,41218038801629725
460,0	0,46174940578372886
461,0	0,4256389958469455
462,0	0,369228519960557
463,0	0,36558642622026116
464,0	0,3425986293934436
465,0	0,3708807078321714
466,0	0,34381985798091885
467,0	0,32679679659295907
468,0	0,3049668849472259
469,0	0,3548861070028052
470,0	0,34920050610209485
471,0	0,3179928774808041
472,0	0,32961997692313905
473,0	0,3987984027550596
474,0	0,44644207377827205
475,0	0,38962565109991876
476,0	0,37305514327932
477,0	0,37318911325919335
478,0	0,44535851250020675
479,0	0,41213152458045715
480,0	0,3892170416036362
481,0	0,32827007260121555
482,0	0,3026334589623328
483,0	0,328734551827134
484,0	0,3530108046207454
485,0	0,4132023147682167
486,0	0,4348256251650832
487,0	0,48327089543399526
488,0	0,46638404985167925
489,0	0,41414881130464104
490,0	0,39902605866822466
491,0	0,3966902527991832
492,0	0,41197626436843393
493,0	0,3770921850648907
494,0	0,3939058061163031
495,0	0,3881973950287373
496,0	0,42244729473702175
497,0	0,4148561287916441
498,0	0,3834399837819007
499,0	0,3524723215597547
500,0	0,3447694540147383
501,0	0,3808580998236602
502,0	0,39658757875569867
503,0	0,4397166794455901
504,0	0,46343466614119444
505,0	0,4535767294712812
506,0	0,49727980500108376
507,0	0,5082174920450808
508,0	0,48321125070971777
509,0	0,5027683686971965
510,0	0,47489826105823757
511,0	0,44770969127078275
512,0	0,47459269204920557
513,0	0,4842626972419376
514,0	0,4986976276425504
515,0	0,5257550639324415
516,0	0,5293010182751515
517,0	0,5123422613234044
518,0	0,5243486131288503
519,0	0,5495515223151665
520,0	0,5544870816649424
521,0	0,5379241964663936
522,0	0,5093496362884341
523,0	0,49666005624848264
524,0	0,5029653402919233
525,0	0,4819538367812754
526,0	0,4355328560663698
527,0	0,4282334758567549
528,0	0,4750673064052898
529,0	0,494423636994981
530,0	0,4642387520400657
531,0	0,35166259511980463
532,0	0,423876639608551
533,0	0,4418204601889225
534,0	0,48798805411560325
535,0	0,45926953204296883
536,0	0,47319126762089864
537,0	0,4799327710598588
538,0	0,4889527380130458
539,0	0,5096454636786694
540,0	0,5271519624527291
541,0	0,5335074329209065
542,0	0,5184644289501513
543,0	0,5176681096611554
544,0	0,5444712897945035
545,0	0,5471638147083758
546,0	0,5528012131077152
547,0	0,5667593035823604
548,0	0,5411085579561675
549,0	0,5072911060922716
550,0	0,499947157083455
551,0	0,4883541044475741
552,0	0,49992888321718565
553,0	0,5093964033878625
554,0	0,5111497469239273
555,0	0,47890109986685664
556,0	0,5169780922849871
557,0	0,5617155916964135
558,0	0,6020797084472004
559,0	0,6510597963449762
560,0	0,640014823644729
561,0	0,607100482845478
562,0	0,6198010475526589
563,0	0,6302303930293962
564,0	0,6034011279623221
565,0	0,5751085520003258
566,0	0,5591489430630383
567,0	0,579541352565796
568,0	0,5606493849058519
569,0	0,5778457753744832
570,0	0,5693144310443062
571,0	0,5744947427811434
572,0	0,5626020697653232
573,0	0,5337202427658276
574,0	0,5806526636988149
575,0	0,5762735647047695
576,0	0,5735412119271418
577,0	0,5717399032965632
578,0	0,5305443731798718
579,0	0,4940578053454611
580,0	0,5279092312949206
581,0	0,5156530089755601
582,0	0,5448081992148637
583,0	0,5279317268726688
584,0	0,5232646016498491
585,0	0,4874236015917567
586,0	0,50783721302707
587,0	0,4485532472357141
588,0	0,43200743439643674
589,0	0,35992069551861666
590,0	0,34216333602127436
591,0	0,37444159946365624
592,0	0,3522231674399443
593,0	0,33268853930181214
594,0	0,37493419318442756
595,0	0,4564778309328966
596,0	0,5107974539854838
597,0	0,48152192487275874
598,0	0,4962619450375724
599,0	0,5000239202786387
600,0	0,4838652125695934
601,0	0,481142071015122
602,0	0,4870385560581913
603,0	0,4796164967962234
604,0	0,46499447570884933
605,0	0,4586955739306979
606,0	0,45503024703517525
607,0	0,3620532292864311
608,0	0,40467064256553587
609,0	0,38410481948032904
610,0	0,38109671125730277
611,0	0,4027379270989739
612,0	0,3692360754020303
613,0	0,3128541420786748
614,0	0,4197933617221508
615,0	0,3931631044953141
616,0	0,3872909989380902
617,0	0,32704401648388776
618,0	0,3139396924983768
619,0	0,3696051255998519
620,0	0,400926755286883
621,0	0,37796460970708595
622,0	0,3716563547765272
623,0	0,3922035904732325
624,0	0,38761689009115646
625,0	0,3748192019902166
626,0	0,31950209294552107
627,0	0,3314409318784039
628,0	0,32229493048521907
629,0	0,3160669583678095
630,0	0,320585064770615
631,0	0,2961625628074386
632,0	0,3350076708243414
633,0	0,3188771583364535
634,0	0,23671281504855415
635,0	0,23331321477725597
636,0	0,2283945239822072
637,0	0,18874154893679063
638,0	0,18163206549643493
639,0	0,13677969112006816
640,0	0,16292217896914588
641,0	0,1822789079804243
642,0	0,25704356359847574
643,0	0,2061493149734726
644,0	0,23146303132738708
645,0	0,2292014734243086
646,0	0,27295900646207355
647,0	0,2400577748822538
648,0	0,1674221895468349
649,0	0,25447878668905455
650,0	0,2600646207674525
651,0	0,22352633137417255
652,0	0,23723276627491444
653,0	0,20037123754667532
654,0	0,15277498902057693
655,0	0,15613250577657287
656,0	0,10999841979941091
657,0	0,11631655774326802
658,0	0,06634651903903074
659,0	0,11858717231384712
660,0	0,15437520043861677
661,0	0,10306684739293044
662,0	0,13428178411575403
663,0	0,13067726379036532
664,0	0,12099387153731549
665,0	0,11920904974584201
666,0	0,0926615829725413
667,0	0,13078929268617465
668,0	0,18993552933289906
669,0	0,23145497605873763
670,0	0,20682926797630116
671,0	0,15189461930964476
672,0	0,1430759355574277
673,0	0,22305433267450844
674,0	0,25508660314301834
675,0	0,3563134523418455
676,0	0,31065150942475983
677,0	0,3563005689211422
678,0	0,391871120446551
679,0	0,43022370494817086
680,0	0,38465549379455743
681,0	0,36225647597579536
682,0	0,3180535733144463
683,0	0,3301195590372123
684,0	0,3386959205291548
685,0	0,30907098166865205
686,0	0,32285848061327344
687,0	0,33961414751639274
688,0	0,36145447216246374
689,0	0,35875019992918994
690,0	0,23092627041046807
691,0	0,23965890327884293
692,0	0,31543112619437047
693,0	0,27019461115593374
694,0	0,2506553934157155
695,0	0,355398477177785
696,0	0,37058828635241364
697,0	0,395441193346136
698,0	0,438734308770887
699,0	0,4707116935665405
700,0	0,4473025990410697
701,0	0,48765608348744993
702,0	0,5116463082904393
703,0	0,5586607473191803
704,0	0,5708461809536761
705,0	0,5587285250937698
706,0	0,5223077334252523
707,0	0,5520091846180314
708,0	0,5028316290308501
709,0	0,5094759723922517
710,0	0,48459579372560263
711,0	0,47965292119397984
712,0	0,46302534258525324
713,0	0,49841492077200517
714,0	0,5128831645431672
715,0	0,47258548644179327
716,0	0,4702540089257747
717,0	0,46487049467334146
718,0	0,4875356456582729
719,0	0,4492067103919213
720,0	0,41772877433386396
721,0	0,34888351202709816
722,0	0,3701639010928254
723,0	0,3853984613683225
724,0	0,3892865375761254
725,0	0,39230190304604756
726,0	0,3797871427511917
727,0	0,3847538380906227
728,0	0,37474123132931597
729,0	0,3635668787298456
730,0	0,3528090132771696
731,0	0,2955871171088829
732,0	0,2841407406558808
733,0	0,27699863683145026
734,0	0,2914621254303093
735,0	0,34708890307465484
736,0	0,36618419197477775
737,0	0,34842570788057886
738,0	0,285550298395535
739,0	0,32214805713106237
740,0	0,2382052920212175
741,0	0,2193268594726644
742,0	0,20884176224840906
743,0	0,18521148858035905
744,0	0,1684074075341833
745,0	0,1904723803372531
746,0	0,19866460374387326
747,0	0,21215261151236034
748,0	0,16239156181174277
749,0	0,18949755907362045
750,0	0,16420380479332278
751,0	0,1718701854464707
752,0	0,18998716257996354
753,0	0,164027142465048
754,0	0,18701682942012085
755,0	0,1698642458763485
756,0	0,18440680447204072
757,0	0,1595314241842898
758,0	0,13074201077365413
759,0	0,06793062021141758
760,0	0,045189186109745726
761,0	0,07758152562604256
762,0	0,07315541579106083
763,0	0,11059764418450367
764,0	0,07939582162859052
765,0	0,05187034530102744
766,0	0,16788735025822676
767,0	0,0863695315786919
768,0	0,09394405072983232
769,0	0,11495582287201529
770,0	0,2422691331081448
771,0	0,26237423923551345
772,0	0,306759037532084
773,0	0,2945460119873555
774,0	0,331005564074671
775,0	0,42016924756517315
776,0	0,4500623908713603
777,0	0,4395792782388111
778,0	0,43829234476076817
779,0	0,44577951192328774
780,0	0,47567074564335726
781,0	0,41506572960827387
782,0	0,3908433864078899
783,0	0,42776086790793694
784,0	0,3591111003000275
785,0	0,3343762503552809
786,0	0,35146450829694875
787,0	0,3973052344320242
788,0	0,375564597888804
789,0	0,46678611015728677
790,0	0,40971231908366934
791,0	0,3884775429444766
792,0	0,35879997461219276
793,0	0,31344798914478683
794,0	0,31950711716268254
795,0	0,23640720046877883
796,0	0,1966261790240265
797,0	0,19657969510251513
798,0	0,2221227962655575
799,0	0,25682150829471856
800,0	0,2837051499007301
801,0	0,48883519461674946
802,0	0,554807136614066
803,0	0,5242507787925451
804,0	0,5672150496914573
805,0	0,5495053274073967
806,0	0,5451494720521429
807,0	0,5540283269003735
808,0	0,5960547613870574
809,0	0,5967918504100467
810,0	0,5781211522338517
811,0	0,6209196055741533
812,0	0,6300281377390407
813,0	0,5962184013662521
814,0	0,569391510464639
815,0	0,5558715842091305
816,0	0,5778063436957886
817,0	0,5773316537473165
818,0	0,5648606628568138
819,0	0,6004019690081062
820,0	0,6306514968490422
821,0	0,6352381924607554
822,0	0,6623948857294548
823,0	0,6629212644285973
824,0	0,6208928138865529
825,0	0,6326063470141198
826,0	0,662344416838797
827,0	0,6597291797767066
828,0	0,6505452427297012
829,0	0,6270423936165397
830,0	0,6176544228220039
831,0	0,6084013662503592
832,0	0,6357980620627521
833,0	0,612230754862969
834,0	0,6062842831611853
835,0	0,5944345542313757
836,0	0,5745631225995468
837,0	0,5811335113189454
838,0	0,5720184908487381
839,0	0,5693086911386928
840,0	0,588497211209359
841,0	0,5663895543632439
842,0	0,5460780620722226
843,0	0,6121105282368515
844,0	0,6000308393931088
845,0	0,6041809465772919
846,0	0,6242604080150596
847,0	0,6453269585241543
848,0	0,5808865678376967
849,0	0,553620422793951
850,0	0,5501285055216287
851,0	0,5149912657840637
852,0	0,47994437175734045
853,0	0,5174820679919797
854,0	0,5392990399752736
855,0	0,5796159176723993
856,0	0,550329131974905
857,0	0,5828056726707044
858,0	0,5283513051802284
859,0	0,5313369393502758
860,0	0,461568694898989
861,0	0,39187957007972596
862,0	0,441686050046534
863,0	0,41400046028383036
864,0	0,40515114160351823
865,0	0,4002291754239487
866,0	0,37891242532565517
867,0	0,39722430789049157
868,0	0,3407264158368514
869,0	0,35091041286820474
870,0	0,3196949523742214
871,0	0,3510824708897164
872,0	0,35828760407061766
873,0	0,3883928644214747
874,0	0,38291752749393865
875,0	0,37449153411245956
876,0	0,4534957308863094
877,0	0,448543615851541
878,0	0,4626453825230194
879,0	0,4541941808965229
880,0	0,4775321873551149
881,0	0,45384301452884807
882,0	0,46615638668472664
883,0	0,48784372893760375
884,0	0,5781362945810758
885,0	0,6015781819736638
886,0	0,5707967383931744
887,0	0,5384615420762382
888,0	0,5123559111779454
889,0	0,5318653977091294
890,0	0,556296963226733
891,0	0,5776643249728262
892,0	0,5991773337362273
893,0	0,5973953752526379
894,0	0,5669792847302397
895,0	0,5806932307139495
896,0	0,5960578539579209
897,0	0,592979571999265
898,0	0,608882224974556
899,0	0,6259649542339842
900,0	0,6050637049922546
901,0	0,6281346274302873
902,0	0,5830840789471738
903,0	0,5497589369219316
904,0	0,5630352782102656
905,0	0,5800021362332447
906,0	0,569460852181146
907,0	0,5804366060211089
908,0	0,5443710010437421
909,0	0,5297035709330037
910,0	0,4881981717630333
911,0	0,4519865075814921
912,0	0,45205106407821566
913,0	0,44991697050477825
914,0	0,44359599043498127
915,0	0,4502587110266209
916,0	0,39776389610091717
917,0	0,38200817000103376
918,0	0,40379834243651597
919,0	0,45636236404271757
920,0	0,4798812578702789
921,0	0,4636926934504083
922,0	0,39563422270686505
923,0	0,38597890073761026
924,0	0,43770696530568026
925,0	0,43482230434999625
926,0	0,43910886991474396
927,0	0,4006010458854151
928,0	0,46057629323063154
929,0	0,4851631679058471
930,0	0,47880532354757294
931,0	0,4883056625122281
932,0	0,5010792156893947
933,0	0,4269591697611846
934,0	0,43502656093960757
935,0	0,39932851359295296
936,0	0,32792746156823793
937,0	0,28891881525328683
938,0	0,26947240969320924
939,0	0,24724075619566516
940,0	0,27159556826802006
941,0	0,24753881535937158
942,0	0,25784341725431237
943,0	0,3003912002046245
944,0	0,2774051063672804
945,0	0,27808268288784743
946,0	0,2639270904679773
947,0	0,3377864560961639
948,0	0,3845504359209933
949,0	0,3587477166715705
950,0	0,32332933947549314
951,0	0,3302113135452709
952,0	0,3067009838065596
953,0	0,35021687037088944
954,0	0,37993510296506805
955,0	0,3229679012978917
956,0	0,32214063107038915
957,0	0,32544912658081604
958,0	0,31333193498031203
959,0	0,3710998474572646
960,0	0,3368532883846406
961,0	0,2962407645000908
962,0	0,35479207673012175
963,0	0,35305152296985226
964,0	0,38433656868978705
965,0	0,3725842591499579
966,0	0,3659243696862859
967,0	0,3567462207848022
968,0	0,38667600634893756
969,0	0,33612362142682317
970,0	0,32827921424049655
971,0	0,310134979468404
972,0	0,3164137400692917
973,0	0,4479308248536952
974,0	0,4878220807929627
975,0	0,38913824194897656
976,0	0,39689179840145744
977,0	0,34469557134471107
978,0	0,3745148472839629
979,0	0,34306368999451137
980,0	0,36926599359584356
981,0	0,3880292470799115
982,0	0,34241355131424
983,0	0,45495412745712777
984,0	0,441510632278729
985,0	0,3796965845029953
986,0	0,3581375030036387
987,0	0,42007445684623507
988,0	0,3779431258475067
989,0	0,3695016963964827
990,0	0,3268323259737701
991,0	0,3531187908571841
992,0	0,3987247565759846
993,0	0,3609799171875663
994,0	0,2388029679376387
995,0	0,24671133177048837
996,0	0,23347115789206135
997,0	0,24610432217867853
998,0	0,24305029709399054
999,0	0,2556226710571846
1000,0	0,24176618159680988
1001,0	0,30103236074581013
1002,0	0,2503597410205003
1003,0	0,3007041050904299
1004,0	0,3365777106124876
1005,0	0,4287015421248498
1006,0	0,39353133115628564
1007,0	0,3324869301097873
1008,0	0,3226169561548767
1009,0	0,2859742078071229
1010,0	0,2915098470675281
1011,0	0,25522815586438696
1012,0	0,2715545112279059
1013,0	0,22656921465261323
1014,0	0,2862616354924566
1015,0	0,28993607282818734
1016,0	0,29160667828004994
1017,0	0,21186286688583714
1018,0	0,17910879381945438
1019,0	0,16998437028801883
1020,0	0,1690489383586508
1021,0	0,1794740702228155
1022,0	0,24886377994515535
1023,0	0,236279420990636
1024,0	0,20733170088713876
1025,0	0,19444794384250186
1026,0	0,2412815692859577
1027,0	0,2534754833592728
1028,0	0,3452337186722837
1029,0	0,33802441830074115
1030,0	0,38519476290933674
1031,0	0,42115111368260155
1032,0	0,4440371460967235
1033,0	0,40747342295431904
1034,0	0,3450649854746787
1035,0	0,3574815991411005
1036,0	0,3784033764455953
1037,0	0,4160697000414393
1038,0	0,46185237955825825
1039,0	0,4490482908597311
1040,0	0,4954391860691733
1041,0	0,5110460830035859
1042,0	0,49381857775720867
1043,0	0,4826521664650099
1044,0	0,471196766394492
1045,0	0,4484750512924468
1046,0	0,3824925715863652
1047,0	0,3335764045308543
1048,0	0,33086427462998313
1049,0	0,39421153586991226
1050,0	0,37193640795812605
1051,0	0,31272371311237335
1052,0	0,3158502875711349
1053,0	0,3341052509546681
1054,0	0,3440699658783041
1055,0	0,31023320475786165
1056,0	0,35994753961939135
1057,0	0,3679510001549613
1058,0	0,33141863071817385
1059,0	0,3756367180939988
1060,0	0,3400958325043486
1061,0	0,2990311336117696
1062,0	0,26321645044890984
1063,0	0,2993434850083911
1064,0	0,3711392631336147
1065,0	0,3536264757117022
1066,0	0,3313377606276838
1067,0	0,30492831613675814
1068,0	0,3205230775715892
1069,0	0,295023160740264
1070,0	0,34780828013544524
1071,0	0,28518131353400183
1072,0	0,215407731121871
1073,0	0,2773941968542452
1074,0	0,21204318212758672
1075,0	0,2194495461273888
1076,0	0,20746346406750285
1077,0	0,15627876989055406
1078,0	0,16393038373665209
1079,0	0,24451121414997415
1080,0	0,22620011407773735
1081,0	0,2787548239261645
1082,0	0,2721909812571895
1083,0	0,23828055056565695
1084,0	0,25204194965833315
1085,0	0,28795132698832704
1086,0	0,2229735415168136
1087,0	0,2197573206964115
1088,0	0,24964494123243955
1089,0	0,24666318035059814
1090,0	0,3076023587079884
1091,0	0,257434504113954
1092,0	0,28791687629576285
1093,0	0,33112037440139225
1094,0	0,21322802387713377
1095,0	0,31045005272067094
1096,0	0,3851447009559529
1097,0	0,4620712211139094
1098,0	0,4718331460828674
1099,0	0,4590307994706748
1100,0	0,378772181007969
1101,0	0,43970326185184805
1102,0	0,45182225718086616
1103,0	0,4278529487376596
1104,0	0,40310333224334133
1105,0	0,4619772947212892
1106,0	0,4596361394960965
1107,0	0,4150768642195607
1108,0	0,43786585500030845
1109,0	0,46834746507087666
1110,0	0,5138175856224314
1111,0	0,487438544425952
1112,0	0,508974092168927
1113,0	0,4623084304667379
1114,0	0,4822054316756841
1115,0	0,5102433646345521
1116,0	0,5504656216122027
1117,0	0,5486709722932682
1118,0	0,5440827797205003
1119,0	0,5690071344637065
1120,0	0,5499738233001903
1121,0	0,5708227983912941
1122,0	0,5479345283792779
1123,0	0,5897995131779685
1124,0	0,5611899216353277
1125,0	0,5016653202597483
1126,0	0,521110395579287
1127,0	0,5593922913674239
1128,0	0,5578487000996228
1129,0	0,5733051829833408
1130,0	0,5863271613501546
1131,0	0,6097621608972452
1132,0	0,6065394981471941
1133,0	0,6274109855386836
1134,0	0,6166470610029547
1135,0	0,5877876192693255
1136,0	0,5294511382986706
1137,0	0,5063042888344009
1138,0	0,4865054431040532
1139,0	0,5043791243319455
1140,0	0,4943760268236768
1141,0	0,4243414769501998
1142,0	0,497965238461689
1143,0	0,5095427372795275
1144,0	0,48010829031589136
1145,0	0,49019772047320215
1146,0	0,4386443658829326
1147,0	0,4374977978567039
1148,0	0,42395956812686014
1149,0	0,47684814757544386
1150,0	0,5452232920028163
1151,0	0,6209642766562299
1152,0	0,5619264426015771
1153,0	0,5709222661846963
1154,0	0,5133425963997827
1155,0	0,5023946270077155
1156,0	0,4990001553055288
1157,0	0,4968523478714646
1158,0	0,481322537016567
1159,0	0,42438527935686055
1160,0	0,4175328668308739
1161,0	0,3721898250794712
1162,0	0,35679395830622646
1163,0	0,42955786190881634
1164,0	0,4261635642432379
1165,0	0,3939445858578249
1166,0	0,4754291467450541
1167,0	0,5217731636747804
1168,0	0,5427499581729537
1169,0	0,580662397680927
1170,0	0,533625182297909
1171,0	0,5832141623724844
1172,0	0,5658981784240956
1173,0	0,5191996980608218
1174,0	0,5313946585003114
1175,0	0,523669390246201
1176,0	0,5672885037331195
1177,0	0,5566798101814885
1178,0	0,540497634634128
1179,0	0,49359050844239233
1180,0	0,41632275927937296
1181,0	0,39517195864151516
1182,0	0,35452894095577225
1183,0	0,30020243038711825
1184,0	0,2565352227597918
1185,0	0,27762374888518326
1186,0	0,32279562209612084
1187,0	0,3024560534937646
1188,0	0,28608561438505986
1189,0	0,3038180149471269
1190,0	0,31359957259046856
1191,0	0,2573768704303636
1192,0	0,26001049965729367
1193,0	0,20747873913794743
1194,0	0,11416740786006226
1195,0	0,07424018828409641
1196,0	0,10224208630922474
1197,0	0,1480594096854891
1198,0	0,13290538844206637
1199,0	0,05791033924709526
1200,0	0,09983647894703242
1201,0	0,12482295171693596
1202,0	0,1452694617926653
1203,0	0,20264787423435524
1204,0	0,226317793726009
1205,0	0,24255022137109886
1206,0	0,2784092535308764
1207,0	0,29684001368741747
1208,0	0,3090982647210827
1209,0	0,2688443913621089
1210,0	0,2769189478307393
1211,0	0,24975460295656254
1212,0	0,26839294638853683
1213,0	0,2733289697837703
1214,0	0,23707637988979358
1215,0	0,21467117255762144
1216,0	0,25479854390546886
1217,0	0,24564226147883797
1218,0	0,2855193984507539
1219,0	0,35092725111273193
1220,0	0,32696337124849245
1221,0	0,3247016705129583
1222,0	0,4092846662147053
1223,0	0,4139632851465871
1224,0	0,41897912034046275
1225,0	0,35908845074017837
1226,0	0,37636794305856125
1227,0	0,3737080890531781
1228,0	0,2986682123830542
1229,0	0,3283192420634114
1230,0	0,2965531419109469
1231,0	0,3427869337556665
1232,0	0,2631986862853118
1233,0	0,262877777372907
1234,0	0,2545057789819399
1235,0	0,2292524292931886
1236,0	0,2109245855696318
1237,0	0,20484079973867042
1238,0	0,23013316893662078
1239,0	0,24318013125441712
1240,0	0,17769830051160912
1241,0	0,17531508087575956
1242,0	0,12188389942666578
1243,0	0,1271041862617856
1244,0	0,19805511944979098
1245,0	0,15857056635529132
1246,0	0,15891103840421936
1247,0	0,1403385047011139
1248,0	0,19270141130025656
1249,0	0,20185440165023158
1250,0	0,23048432967245427
1251,0	0,1841987548276321
1252,0	0,13425463109308217
1253,0	0,09307643819176077
1254,0	0,06074119168829749
1255,0	0,056488518941915124
1256,0	0,0665442711778921
1257,0	0,14429939347399606
1258,0	0,13025726826369705
1259,0	0,11731480376451357
1260,0	0,11012920974715838
1261,0	0,1507053295068986
1262,0	0,14362887336313443
1263,0	0,13136644619316967
1264,0	0,10473141476293733
1265,0	0,07992592296085448
1266,0	0,12397974201666048
1267,0	0,06734983629911569
1268,0	0,16457804873767523
1269,0	0,19104931012714862
1270,0	0,21288639885425759
1271,0	0,21180886933247375
1272,0	0,2053124816737528
1273,0	0,2799862364618328
1274,0	0,25858850559241736
1275,0	0,2316004728291496
1276,0	0,23613700901812607
1277,0	0,28276823728213707
1278,0	0,2757190476582668
1279,0	0,2535154544456784
1280,0	0,2181995771500091
1281,0	0,23026585608089348
1282,0	0,20883738639899782
1283,0	0,24443893718899437
1284,0	0,18771702103247148
1285,0	0,13116974535754264
1286,0	0,12543845641794207
1287,0	0,13510594110718405
1288,0	0,19574441881700247
1289,0	0,23665878120087086
1290,0	0,2243220993931813
1291,0	0,13775315129996643
1292,0	0,13710188076923602
1293,0	0,18002184270302063
1294,0	0,14632312753389803
1295,0	0,16641260989485984
1296,0	0,1851762227331409
1297,0	0,20845057553433088
1298,0	0,18918876767145656
1299,0	0,20824780011766472
1300,0	0,1956949752658557
1301,0	0,17176570753670897
1302,0	0,19743743387952042
1303,0	0,20047512837348175
1304,0	0,2533766325895433
1305,0	0,2510929967651563
1306,0	0,24023885273151985
1307,0	0,2572773629951167
1308,0	0,3150868311966455
1309,0	0,3204589338222176
1310,0	0,3184123189480384
1311,0	0,34353299731210524
1312,0	0,28996125986229987
1313,0	0,3017532567053765
1314,0	0,2600826198686831
1315,0	0,16491701838243245
1316,0	0,20923909319152403
1317,0	0,19545527803949456
1318,0	0,17089434283577604
1319,0	0,1725232130288518
1320,0	0,1385738767431873
1321,0	0,14833258187748463
1322,0	0,2238441397664498
1323,0	0,2532459660451048
1324,0	0,27052592115584034
1325,0	0,2931255175220314
1326,0	0,30761475019839235
1327,0	0,26089445839920444
1328,0	0,32684152402376826
1329,0	0,3335640046305748
1330,0	0,30505891228759024
1331,0	0,31289747820672975
1332,0	0,23697391404401102
1333,0	0,22827743074386855
1334,0	0,2663653951059717
1335,0	0,2956523228402739
1336,0	0,22648111906771673
1337,0	0,15615500784084432
1338,0	0,13097335882788425
1339,0	0,14090768358208255
1340,0	0,09966177799945858
1341,0	0,1489016099410785
1342,0	0,15671208209523807
1343,0	0,1658278105283956
1344,0	0,17906600011022294
1345,0	0,21190308703583124
1346,0	0,2387749957500022
1347,0	0,272220598347741
1348,0	0,3144427010602013
1349,0	0,24943729068717563
1350,0	0,2853320999164662
1351,0	0,2738233829436164
1352,0	0,22633708994626509
1353,0	0,23923275265117655
1354,0	0,26802133196974015
1355,0	0,32387262976951164
1356,0	0,28066504351111987
1357,0	0,2786774044128611
1358,0	0,2451784780184462
1359,0	0,22015538505775903
1360,0	0,19310794697684067
1361,0	0,19007862736228612
1362,0	0,18548256247834766
1363,0	0,1727968862125187
1364,0	0,21288526414876963
1365,0	0,22911230378027628
1366,0	0,27567354686785417
1367,0	0,22889585978325686
1368,0	0,1665662109814429
1369,0	0,16631833497411228
1370,0	0,2086547259385818
1371,0	0,2379944519160964
1372,0	0,1614668942917715
1373,0	0,20368675818200044
1374,0	0,22768192203783175
1375,0	0,24322045502278206
1376,0	0,25716414533950366
1377,0	0,2681294561867246
1378,0	0,2869915001240491
1379,0	0,373191796860652
1380,0	0,38748635435256246
1381,0	0,41090285326035525
1382,0	0,3879855506951469
1383,0	0,4055214382737992
1384,0	0,4219378922646595
1385,0	0,37311770053997484
1386,0	0,40057759155384287
1387,0	0,41947408120458146
1388,0	0,35542746093162514
1389,0	0,36680345056988783
1390,0	0,3529854983438821
1391,0	0,3612108841609292
1392,0	0,34617181776823064
1393,0	0,2643548780876669
1394,0	0,27015943026340816
1395,0	0,2759069121253392
1396,0	0,24272724853279337
1397,0	0,28107623515853203
1398,0	0,2915139427018822
1399,0	0,21185599277247863
1400,0	0,18380820928579086
1401,0	0,2564939483867566
1402,0	0,2518285191296612
1403,0	0,2690636792758577
1404,0	0,3069623593195759
1405,0	0,3285332511459003
1406,0	0,3169259121967867
1407,0	0,3914065073463883
1408,0	0,38866872431068417
1409,0	0,3873220934523343
1410,0	0,4340590829447585
1411,0	0,39278174688303835
1412,0	0,38645820937446357
1413,0	0,4121090431830359
1414,0	0,4197404233816272
1415,0	0,4058042000643792
1416,0	0,4029560179873767
1417,0	0,4146799779327535
1418,0	0,3990326706479556
1419,0	0,37809513859083055
1420,0	0,3458036112105598
1421,0	0,3223300623613298
1422,0	0,3566565206024075
1423,0	0,3435465642292301
1424,0	0,3347777200680178
1425,0	0,34278551866190676
1426,0	0,35545128968250844
1427,0	0,3533194178840168
1428,0	0,374586674475483
1429,0	0,3460906818589986
1430,0	0,37510831849852266
1431,0	0,31379697148814506
1432,0	0,2539486646103857
1433,0	0,2341920527471644
1434,0	0,2343214145627016
1435,0	0,22655783943847174
1436,0	0,17827272090598448
1437,0	0,1604091183347973
1438,0	0,1506113887987962
1439,0	0,11588655407275991
1440,0	0,1253520383593264
1441,0	0,09229584365785166
1442,0	0,07977471878602044
1443,0	0,10224023149397127
1444,0	0,11676331024039735
1445,0	0,1615659060897696
1446,0	0,11859920006018507
1447,0	0,19440030206738626
1448,0	0,209598015005158
1449,0	0,1960478334417612
1450,0	0,19625796474389817
1451,0	0,18705374937579317
1452,0	0,14921792223409291
1453,0	0,12852553912083978
1454,0	0,10786466713186195
1455,0	0,08795203453412477
1456,0	0,09715311525406413
1457,0	0,11308788981960595
1458,0	0,0737107987811762
1459,0	0,09273481292916555
1460,0	0,19247298866401977
1461,0	0,17806590411574943
1462,0	0,19314036400351578
1463,0	0,15761584282302937
1464,0	0,14498366491587292
1465,0	0,13942117965332299
1466,0	0,11579649777554375
1467,0	0,1518169435551881
1468,0	0,21307114867204824
1469,0	0,2273789568086567
1470,0	0,1836506619036181
1471,0	0,1829881596795495
1472,0	0,17795156901381534
1473,0	0,1848995788736655
1474,0	0,1399906521492865
1475,0	0,09426550816170182
1476,0	0,02674570059416458
1477,0	0,073387371550759
1478,0	0,07443140567626852
1479,0	0,11553887225140154
1480,0	0,10644995691464665
1481,0	0,19044162131742295
1482,0	0,24110722458063
1483,0	0,2449636112183654
1484,0	0,24164512781909556
1485,0	0,23053487708671935
1486,0	0,2387125901708334
1487,0	0,2747772120471043
1488,0	0,2483017712467034
1489,0	0,28991404394879894
1490,0	0,29519752408452216
1491,0	0,319149118694015
1492,0	0,42570676262402163
1493,0	0,44238904327533657
1494,0	0,5376805884134462
1495,0	0,4858666409366909
1496,0	0,5308020437654354
1497,0	0,5566514765486279
1498,0	0,567255126042858
1499,0	0,5761634903781899
1500,0	0,5965967121777725
1501,0	0,6294565832863657
1502,0	0,6481445184356819
1503,0	0,6374570112220287
1504,0	0,6030552314968679
1505,0	0,6028914655474081
1506,0	0,6099349619369137
1507,0	0,6664870278969468
1508,0	0,6636625631946403
1509,0	0,6796341480780452
1510,0	0,6725970288685595
1511,0	0,6445892968468272
1512,0	0,6220636112088105
1513,0	0,630935567304609
1514,0	0,6142684066239081
1515,0	0,547431445194268
1516,0	0,5780308742934517
1517,0	0,5407365001858455
1518,0	0,5452023445760715
1519,0	0,511617045110542
1520,0	0,4701999706259635
1521,0	0,5128742307856985
1522,0	0,46497894974226966
1523,0	0,46583139302788484
1524,0	0,4835688258423548
1525,0	0,44790683806361453
1526,0	0,4450990413974376
1527,0	0,3994068234708832
1528,0	0,4108799775556207
1529,0	0,4027177801494413
1530,0	0,42571770849001245
1531,0	0,456505084835899
1532,0	0,4874423057969232
1533,0	0,4901701630277998
1534,0	0,4788226233773817
1535,0	0,4582659310624277
1536,0	0,46415304934483276
1537,0	0,43531712084658497
1538,0	0,42183917094698653
1539,0	0,39362856907640803
1540,0	0,45171348025855274
1541,0	0,41544931409121144
1542,0	0,42557056753992356
1543,0	0,4688953039433577
1544,0	0,47272464913513645
1545,0	0,48288209368695917
1546,0	0,516954756878936
1547,0	0,5204950784424474
1548,0	0,5291482623490041
1549,0	0,5404051408572419
1550,0	0,46279211528068315
1551,0	0,4411214602290967
1552,0	0,43630211039858635
1553,0	0,40836167787847766
1554,0	0,41613292293261434
1555,0	0,4221166261527543
1556,0	0,3253403044903033
1557,0	0,3524426430393973
1558,0	0,33064496772640983
1559,0	0,3927293323144985
1560,0	0,4153974544413904
1561,0	0,42338594938858204
1562,0	0,43812278404286076
1563,0	0,4319540422888372
1564,0	0,43830112102001995
1565,0	0,4005324689893534
1566,0	0,3616608454485488
1567,0	0,3276305239825467
1568,0	0,2826539504219261
1569,0	0,25702137506604705
1570,0	0,24309905997708908
1571,0	0,209113324765015
1572,0	0,1875766432892411
1573,0	0,1442088450282349
1574,0	0,1682022558474518
1575,0	0,14580774977251235
1576,0	0,17826722340974907
1577,0	0,1719381808714884
1578,0	0,2625563035273058
1579,0	0,19374668404842646
1580,0	0,16230142209110074
1581,0	0,20632281077125134
1582,0	0,22150761827746432
1583,0	0,19108579433656944
1584,0	0,20661062797003832
1585,0	0,23460629494372853
1586,0	0,20910862602440614
1587,0	0,17910775002057497
1588,0	0,20931511277408724
1589,0	0,19338159066889457
1590,0	0,15404953781823227
1591,0	0,220913580216637
1592,0	0,17958631122363208
1593,0	0,1422100477463491
1594,0	0,16917189709884708
1595,0	0,1426504478791649
1596,0	0,154654197758485
1597,0	0,14444939744614196
1598,0	0,15706280190034322
1599,0	0,17319147367742332
1600,0	0,21163036243860814
1601,0	0,24404273132712992
1602,0	0,25524032765098725
1603,0	0,23131636751875248
1604,0	0,23484014988864696
1605,0	0,23924297214585946
1606,0	0,18063328261500516
1607,0	0,16995520446994303
1608,0	0,12884518967673503
1609,0	0,1390574503293315
1610,0	0,10823624507964472
1611,0	0,09826437525166182
1612,0	0,07377860483368065
1613,0	0,06909634814404435
1614,0	0,08171316286532014
1615,0	0,09136432118262354
1616,0	0,12023778148758013
1617,0	0,05932234773369797
1618,0	0,14314350922756341
1619,0	0,16091465854527168
1620,0	0,17183022313942106
1621,0	0,22659190355199382
1622,0	0,22115837411098405
1623,0	0,14463206801165113
1624,0	0,12422363093473487
1625,0	0,12866288532120732
1626,0	0,15451190454782376
1627,0	0,1259643015879026
1628,0	0,0881737392272286
1629,0	0,16088825179327862
1630,0	0,2665467527933145
1631,0	0,26236518968181816
1632,0	0,3801574302178473
1633,0	0,40068645643902706
1634,0	0,40137422915155624
1635,0	0,31356022931515404
1636,0	0,29686499001427535
1637,0	0,22695612190757036
1638,0	0,2918586938460125
1639,0	0,22285009039469958
1640,0	0,20474939339496318
1641,0	0,2008518781197109
1642,0	0,19782947915964344
1643,0	0,1736069982913679
1644,0	0,10357204759154671
1645,0	0,11016657006191279
1646,0	0,06618953641499238
1647,0	0,07867146972661207
1648,0	0,0861796410751567
1649,0	0,10639369925858806
1650,0	0,1385495026294449
1651,0	0,17389562264969233
1652,0	0,15771042318013148
1653,0	0,11601588669459874
1654,0	0,20394762026831018
1655,0	0,11646660473244239
1656,0	0,1322841060988427
1657,0	0,17216732879438457
1658,0	0,09467281603600432
1659,0	0,07339691746295349
1660,0	0,1375472441506558
1661,0	0,1156221951837169
1662,0	0,09472441915238526
1663,0	0,11114653268059141
1664,0	0,14024400826219802
1665,0	0,11682952713413143
1666,0	0,14073883301817258
1667,0	0,11478715167771042
1668,0	0,14036157382320352
1669,0	0,13314059108318943
1670,0	0,18488297625078812
1671,0	0,21949324640712342
1672,0	0,18927333568660873
1673,0	0,20076584926987764
1674,0	0,21138988398858602
1675,0	0,18105801390626888
1676,0	0,19870796499860738
1677,0	0,17276785542753406
1678,0	0,15714051358007292
1679,0	0,15716883366713194
1680,0	0,16134604001545558
1681,0	0,1448793191390681
1682,0	0,09697434361737059
1683,0	0,11801623312660245
1684,0	0,12085111835509534
1685,0	0,08669143223851579
1686,0	0,10396311171120062
1687,0	0,07748606187058248
1688,0	0,10581867579447633
1689,0	0,14416491279984295
1690,0	0,10438984368965966
1691,0	0,10548751855272502
1692,0	0,10723773135397519
1693,0	0,07266419393363045
1694,0	0,10557191121275511
1695,0	0,06345794721589695
1696,0	0,06811000767129266
1697,0	0,058335600158679966
1698,0	0,11481653999697114
1699,0	0,13442079526091394
1700,0	0,0811104776535872
1701,0	0,0919271659100461
1702,0	0,13211083206748428
1703,0	0,11206667728582159
1704,0	0,1186351476647917
1705,0	0,15005408429833417
1706,0	0,19163735085948522
1707,0	0,22355955733209362
1708,0	0,1804573191545029
1709,0	0,207455977837364
1710,0	0,22972334877627018
1711,0	0,2633989366748107
1712,0	0,2201685330949128
1713,0	0,2171662681283008
1714,0	0,2148800180071583
1715,0	0,21815096154356747
1716,0	0,21515086581533716
1717,0	0,21829639187719285
1718,0	0,1649991464188029
1719,0	0,17608143224550668
1720,0	0,2226731827871936
1721,0	0,2129635684354062
1722,0	0,19215229841152198
1723,0	0,19919586190159896
1724,0	0,2648970504988043
1725,0	0,3174966038605965
1726,0	0,3206593768753964
1727,0	0,3621261299397089
1728,0	0,4014035693959215
1729,0	0,39325652426455643
1730,0	0,3826073157597518
1731,0	0,33412397243826397
1732,0	0,38804221165688035
1733,0	0,44919203715518263
1734,0	0,3771635961307707
1735,0	0,41914245154652063
1736,0	0,4482955661173431
1737,0	0,44458283769187457
1738,0	0,45223333423060463
1739,0	0,4394994964843947
1740,0	0,5344387707373153
1741,0	0,5167347134358254
1742,0	0,4491666365212736
1743,0	0,4615298152892611
1744,0	0,4259946816942754
1745,0	0,43531209974652907
1746,0	0,4242613601788437
1747,0	0,5066277069484477
1748,0	0,5246934753898819
1749,0	0,5030898992086135
1750,0	0,4658642955009874
1751,0	0,46254221220637276
1752,0	0,45469828827198616
1753,0	0,4142575654874571
1754,0	0,44729350691214376
1755,0	0,5224602984645182
1756,0	0,5126407870161632
1757,0	0,4702879186820342
1758,0	0,41450315981369634
1759,0	0,3836996602536183
1760,0	0,4248169839079351
1761,0	0,31469250963442885
1762,0	0,35620273949576703
1763,0	0,39097986684238617
1764,0	0,38924415616770713
1765,0	0,3273595526257287
1766,0	0,2972261754614286
1767,0	0,22323581186949026
1768,0	0,31254217603757567
1769,0	0,36567194172696305
1770,0	0,3642464712141996
1771,0	0,35641990016997593
1772,0	0,34632380595502177
1773,0	0,21360827586416256
1774,0	0,19404921199972952
1775,0	0,15099681624837916
1776,0	0,1850466653260433
1777,0	0,2281587780445485
1778,0	0,2152625665178163
1779,0	0,2994492467040332
1780,0	0,25982668141610593
1781,0	0,24153892044896802
1782,0	0,23187347195614288
1783,0	0,24604465853200325
1784,0	0,28269275452747245
1785,0	0,2622478999865389
1786,0	0,2453314776662099
1787,0	0,2669615985659416
1788,0	0,20683632828915607
1789,0	0,16468903332034165
1790,0	0,12735103423749006
1791,0	0,09743175158603119
1792,0	0,14690609880355304
1793,0	0,12527816630587427
1794,0	0,09421575655263999
1795,0	0,11975244216558042
1796,0	0,1271762531670448
1797,0	0,18353148194686086
1798,0	0,22654745902173318
1799,0	0,20334075112375002
1800,0	0,17596675893907862
1801,0	0,10438588363092575
1802,0	0,08719954488427906
1803,0	0,160984150057408
1804,0	0,22523252438387883
1805,0	0,2724700004452811
1806,0	0,20711002971958387
1807,0	0,13492028111600637
1808,0	0,1293739917808991
1809,0	0,13680733110700163
1810,0	0,08145041555937751
1811,0	0,12921987934184936
1812,0	0,13124664457487697
1813,0	0,16904643045212053
1814,0	0,21861594402657944
1815,0	0,19556805371554611
1816,0	0,27685786430080916
1817,0	0,31610859231959754
1818,0	0,31403764124007943
1819,0	0,3086889691850148
1820,0	0,27594554719225023
1821,0	0,25418227962162243
1822,0	0,25987526115339227
1823,0	0,2571484537739818
1824,0	0,3071974229492385
1825,0	0,3213036654285265
1826,0	0,3046580926211693
1827,0	0,2810306885147025
1828,0	0,2603561173990883
1829,0	0,290919495927713
1830,0	0,27062073067887055
1831,0	0,23491791090994507
1832,0	0,2731194142022313
1833,0	0,3027810853159974
1834,0	0,26424380461979075
1835,0	0,3181710100888047
1836,0	0,380286640082795
1837,0	0,3468416180206239
1838,0	0,40028254512303835
1839,0	0,3720868383661075
1840,0	0,3672386163565904
1841,0	0,3261896256170164
1842,0	0,4269531100106186
1843,0	0,37420997181900273
1844,0	0,313711992616549
1845,0	0,33263110971699145
1846,0	0,3208225261426304
1847,0	0,35248276059506023
1848,0	0,35828349361738726
1849,0	0,36774742369679203
1850,0	0,33083158328668233
1851,0	0,2322382254597398
1852,0	0,20214268363208926
1853,0	0,23970558858487798
1854,0	0,20194299139136565
1855,0	0,20428940870107565
1856,0	0,21291985656655293
1857,0	0,21367223931245558
1858,0	0,19356795911282104
1859,0	0,27913057413808356
1860,0	0,28756671850940096
1861,0	0,3166667634785805
1862,0	0,324330824487833
1863,0	0,3437232391629396
1864,0	0,3688736077626729
1865,0	0,40705285372513517
1866,0	0,38980485644150237
1867,0	0,3974128796970359
1868,0	0,3733140132639584
1869,0	0,3289749739586073
1870,0	0,310600507929132
1871,0	0,2949994464232382
1872,0	0,2314280370663803
1873,0	0,21447247844714237
1874,0	0,19273295481022146
1875,0	0,2622978297735295
1876,0	0,32547863780871855
1877,0	0,34700797854976007
1878,0	0,44517216042363117
1879,0	0,4222402959093925
1880,0	0,45045688470671197
1881,0	0,4404317237258398
1882,0	0,3760748350919716
1883,0	0,3818763680493377
1884,0	0,3110080326772551
1885,0	0,2947456961436744
1886,0	0,2834182489215706
1887,0	0,3465320381205688
1888,0	0,40648584808126154
1889,0	0,3806946813173063
1890,0	0,4142690950799953
1891,0	0,3602820891489849
1892,0	0,37894908012623646
1893,0	0,3772119689901852
1894,0	0,3703627241643604
1895,0	0,3795796412152596
1896,0	0,38469204080663605
1897,0	0,38140878129359207
1898,0	0,39421691662899483
1899,0	0,43044106155177747
1900,0	0,3977182699668555
1901,0	0,4069255285210594
1902,0	0,39054764089242183
1903,0	0,3809949758652049
1904,0	0,3859320881131438
1905,0	0,36958742102471376
1906,0	0,35514757855195245
1907,0	0,3282002949440587
1908,0	0,3774596227207087
1909,0	0,4157347417943266
1910,0	0,39691944071850604
1911,0	0,447700263135791
1912,0	0,4296766899950156
1913,0	0,39605770971855087
1914,0	0,3931411252284996
1915,0	0,4770437663463214
1916,0	0,429677501093373
1917,0	0,4131557904469254
1918,0	0,4564437669275414
1919,0	0,4425157511838733
1920,0	0,4541913269973815
1921,0	0,44078634985968157
1922,0	0,45229229884136873
1923,0	0,4842106511623224
1924,0	0,4587795798035781
1925,0	0,4780704461333753
1926,0	0,4563035334103733
1927,0	0,4632432958421923
1928,0	0,4769857186490452
1929,0	0,47684802209079763
1930,0	0,47677018373593355
1931,0	0,5016785991535504
1932,0	0,4681253414954947
1933,0	0,3960740407228679
1934,0	0,3675505604633969
1935,0	0,37024544712646984
1936,0	0,431923809608339
1937,0	0,43114382843193866
1938,0	0,3687899768030388
1939,0	0,33339313559899497
1940,0	0,2585145030996599
1941,0	0,2848738142031872
1942,0	0,3240900460143269
1943,0	0,3602359427172594
1944,0	0,3536202979050227
1945,0	0,3246679170144381
1946,0	0,32819373207974784
1947,0	0,3280356044970684
1948,0	0,4130275949648002
1949,0	0,4612326603538774
1950,0	0,4965267476891798
1951,0	0,4960713539913109
1952,0	0,48886231855638046
1953,0	0,4850586083918668
1954,0	0,5103219337634753
1955,0	0,506331824232761
1956,0	0,46115483171633365
1957,0	0,42175782090939573
1958,0	0,40445310625756964
1959,0	0,3273730260615451
1960,0	0,28261832675547477
1961,0	0,22383744911821507
1962,0	0,15872587474744654
1963,0	0,22523043757741357
1964,0	0,3034819980524984
1965,0	0,3582666040343781
1966,0	0,35567931781234235
1967,0	0,3714897139741467
1968,0	0,3542484279091244
1969,0	0,43500929805521354
1970,0	0,39661873282758064
1971,0	0,3689787150777446
1972,0	0,338548385340445
1973,0	0,2675851792695617
1974,0	0,292902749513215
1975,0	0,30646847073961564
1976,0	0,261840687408465
1977,0	0,2502658189248988
1978,0	0,28487491687713234
1979,0	0,290205901382394
1980,0	0,3131464772031273
1981,0	0,3772074703147089
1982,0	0,42463418079296206
1983,0	0,38420081494410313
1984,0	0,37379680128454074
1985,0	0,3957423249042327
1986,0	0,4202047120074243
1987,0	0,3967622404933178
1988,0	0,3550485545847181
1989,0	0,264813457068316
1990,0	0,20992013840477847
1991,0	0,1247331451028158
1992,0	0,19361971049331933
1993,0	0,16873470236198046
1994,0	0,10404126982706101
1995,0	0,10351970243284064
1996,0	0,08296592712130481
1997,0	0,04960119148207098
1998,0	0,036166974272732126
1999,0	0,07971449310705706
2000,0	0,10700174028486832
