N: 300,0	L: 25,0	Density:0,48	Noise: 2,0
Time	 Va	
0,0	0,03100757090301591
1,0	0,12017738215830394
2,0	0,13453902120844827
3,0	0,11453495528563755
4,0	0,08738433329022549
5,0	0,07417343102987499
6,0	0,059006066411607314
7,0	0,07736030509787443
8,0	0,03885809437035822
9,0	0,08464330472708888
10,0	0,09126188836650519
11,0	0,09816062189897165
12,0	0,17501072368326182
13,0	0,24921263750942052
14,0	0,2493266764703399
15,0	0,2867100956577997
16,0	0,26092717917248137
17,0	0,18664048553545157
18,0	0,15935973536149844
19,0	0,16403910682392217
20,0	0,22376891687125086
21,0	0,20039374615966657
22,0	0,14468808092643984
23,0	0,14964525818073066
24,0	0,1930805327003848
25,0	0,2682252408148463
26,0	0,263687352104702
27,0	0,3000855911945238
28,0	0,266505578526161
29,0	0,22148714970887384
30,0	0,23151072453400975
31,0	0,2720551517117106
32,0	0,2926897907224148
33,0	0,29644049468670813
34,0	0,31522612070331685
35,0	0,33779352522472805
36,0	0,32940248646840786
37,0	0,3624507587555405
38,0	0,2919934564692529
39,0	0,290645563656299
40,0	0,3123886612158352
41,0	0,327516129394924
42,0	0,3184017063434538
43,0	0,3577672781499754
44,0	0,42902529229767206
45,0	0,4557238934784684
46,0	0,4781038647454655
47,0	0,4635714771813526
48,0	0,48315912231139313
49,0	0,4414712751985616
50,0	0,4400441029980321
51,0	0,4444223378310425
52,0	0,41574949396886757
53,0	0,45264762598478064
54,0	0,4735083717185257
55,0	0,4458641283310424
56,0	0,3869756386904684
57,0	0,3280826340868427
58,0	0,34510677579126176
59,0	0,37763226789872095
60,0	0,4359495519348519
61,0	0,43545429199743707
62,0	0,44711647936319926
63,0	0,42321759006282655
64,0	0,4065846544344298
65,0	0,4457331205243421
66,0	0,44470638818015373
67,0	0,4234956556438791
68,0	0,43391361093081987
69,0	0,4165242679033724
70,0	0,4252829745388104
71,0	0,46743097227314123
72,0	0,4393565126093195
73,0	0,4220531126672451
74,0	0,43790398561172544
75,0	0,4798353316617991
76,0	0,42772672140356566
77,0	0,46918992743653404
78,0	0,5061481394526469
79,0	0,5091383496733745
80,0	0,531376129142993
81,0	0,47210779582622286
82,0	0,4128297632530892
83,0	0,3900061222553442
84,0	0,2969465597061508
85,0	0,27886934305883243
86,0	0,2849582996686641
87,0	0,23820888098923246
88,0	0,22480708462363022
89,0	0,2080715721022267
90,0	0,14381296463026386
91,0	0,11153518723540717
92,0	0,13253823405308546
93,0	0,15511497881390074
94,0	0,2382559252489987
95,0	0,2384641209941076
96,0	0,22951661110654809
97,0	0,2640447123036702
98,0	0,2579693233817348
99,0	0,2182554281170381
100,0	0,20423916917998902
101,0	0,236525638885794
102,0	0,28420696863903394
103,0	0,2702742214836452
104,0	0,2813076689724847
105,0	0,3218703312189249
106,0	0,35175072796706375
107,0	0,3264386976838017
108,0	0,3012384733222484
109,0	0,3420013515197245
110,0	0,3301577866292576
111,0	0,33459125651417615
112,0	0,2857092691742407
113,0	0,30759503633193247
114,0	0,29638181042525197
115,0	0,27716020287730975
116,0	0,26432147323644456
117,0	0,35747005911792434
118,0	0,33745167667818404
119,0	0,2839133492102471
120,0	0,3467113128957756
121,0	0,3516708518839516
122,0	0,42333675295126333
123,0	0,40478203004165764
124,0	0,47597911794683967
125,0	0,4580636529876892
126,0	0,5347759327448898
127,0	0,5308357094961836
128,0	0,5011767824791886
129,0	0,47761840581420484
130,0	0,46075018179666083
131,0	0,4310794386549284
132,0	0,4481444658459072
133,0	0,3978241000815415
134,0	0,43888161235490486
135,0	0,4300333154479605
136,0	0,3766363382375244
137,0	0,37432582212415216
138,0	0,4257408971895176
139,0	0,4130787717584354
140,0	0,4832329405336824
141,0	0,527507733872235
142,0	0,4993720191466798
143,0	0,4989418292223836
144,0	0,4168181231266089
145,0	0,3990679630636142
146,0	0,43245210269496137
147,0	0,41292429321299456
148,0	0,3847300089185707
149,0	0,39267089905503383
150,0	0,332272076337241
151,0	0,334807179857692
152,0	0,2525715680941192
153,0	0,2521218980836796
154,0	0,24671413988273372
155,0	0,2548462257364799
156,0	0,25394622701025227
157,0	0,20925528675729094
158,0	0,1779895149092515
159,0	0,18955778573549642
160,0	0,15459034296204546
161,0	0,11369884015792345
162,0	0,18030039262614153
163,0	0,1606828321267687
164,0	0,20488232032916998
165,0	0,15766349113925154
166,0	0,12062066230491107
167,0	0,11711680716901124
168,0	0,16204804059439143
169,0	0,1610667863053535
170,0	0,2015553011940419
171,0	0,2736055243631417
172,0	0,3270985141672599
173,0	0,34753902763926414
174,0	0,4116124333466612
175,0	0,40543455321589045
176,0	0,4176654778801154
177,0	0,4213169749599197
178,0	0,3526178739781736
179,0	0,354575573781405
180,0	0,35677702290490837
181,0	0,32116234334405014
182,0	0,33561316502653626
183,0	0,37394026995386725
184,0	0,39873724699052043
185,0	0,36312675998821875
186,0	0,35047941872809635
187,0	0,37140661957022
188,0	0,3808139917232128
189,0	0,3911942083429534
190,0	0,382130884748389
191,0	0,39227055175553566
192,0	0,3991896631205219
193,0	0,4695199226753691
194,0	0,39256966689976414
195,0	0,45179892716378284
196,0	0,546618567457257
197,0	0,551780161934969
198,0	0,48354316790717855
199,0	0,5425880712660968
200,0	0,5117664303177646
201,0	0,5096473039875943
202,0	0,49839917047323695
203,0	0,5278768637829391
204,0	0,5025555664121178
205,0	0,44406783900978397
206,0	0,44838166119715045
207,0	0,4123934503046771
208,0	0,43494270001952645
209,0	0,4136003770889492
210,0	0,42802260547613247
211,0	0,4195721600954436
212,0	0,44442470020374025
213,0	0,40284128980375283
214,0	0,39350539965071024
215,0	0,34333759900543137
216,0	0,2807324877875901
217,0	0,2546878876475869
218,0	0,2643784839484794
219,0	0,2794653623606389
220,0	0,2904329448460851
221,0	0,30814136692239563
222,0	0,25661318106749664
223,0	0,2250241084067041
224,0	0,20327872393011184
225,0	0,21692025871914464
226,0	0,19724255347954722
227,0	0,1964413817232493
228,0	0,18223859125711492
229,0	0,21184884923651878
230,0	0,24743124452196913
231,0	0,20310560826451274
232,0	0,1916100986271293
233,0	0,22335784818594226
234,0	0,24662982592449584
235,0	0,22485174073125186
236,0	0,24716927967472266
237,0	0,3048830694280491
238,0	0,2776555599517898
239,0	0,28913302267792457
240,0	0,2319477110550741
241,0	0,22287292201999373
242,0	0,23313456685949088
243,0	0,2860785181416344
244,0	0,32688710978682284
245,0	0,34710147875928177
246,0	0,310389068541837
247,0	0,3006042203438055
248,0	0,3097975757915447
249,0	0,30419461441090967
250,0	0,326367194425857
251,0	0,35926570842967165
252,0	0,39454158260098054
253,0	0,42980533985616465
254,0	0,38972202056078403
255,0	0,3810500212131008
256,0	0,3707463501649041
257,0	0,37258658552582324
258,0	0,3782041734400932
259,0	0,38496473652798674
260,0	0,4041550004932428
261,0	0,37397603658435485
262,0	0,37729474190648415
263,0	0,40541885967782804
264,0	0,3570163215510333
265,0	0,42679382022494744
266,0	0,4505923154337337
267,0	0,4562717401549994
268,0	0,46382339844336107
269,0	0,47554194017954476
270,0	0,5103585310184434
271,0	0,5024800773885492
272,0	0,45048634765480766
273,0	0,4784926120561119
274,0	0,4327001334236611
275,0	0,43020285241957124
276,0	0,4708397087292634
277,0	0,45209470179681077
278,0	0,5005213603576973
279,0	0,5189270894981672
280,0	0,5386524782650367
281,0	0,5151983392241665
282,0	0,5211156673795713
283,0	0,5411183495365021
284,0	0,5349893043909878
285,0	0,49140580746503404
286,0	0,5049242296658415
287,0	0,4952948065638276
288,0	0,4703562822776973
289,0	0,5245903423523184
290,0	0,5114889730805499
291,0	0,4538355311486828
292,0	0,4594754070336779
293,0	0,4650564897147654
294,0	0,44966292124920315
295,0	0,4558309730341915
296,0	0,46337355598173663
297,0	0,43791999046668045
298,0	0,4677238644896717
299,0	0,4833860691283518
300,0	0,4852072491987977
301,0	0,4774595798682977
302,0	0,508530071277343
303,0	0,5083627937257059
304,0	0,486411531472091
305,0	0,5455956309375309
306,0	0,5678072062620896
307,0	0,5503124172303656
308,0	0,5449113394856573
309,0	0,5192704745157395
310,0	0,5394145647060613
311,0	0,5748263208412782
312,0	0,5150780710767694
313,0	0,5421032201209162
314,0	0,5457784747830904
315,0	0,5246632269486309
316,0	0,5562831974390923
317,0	0,5654520230505589
318,0	0,5607889864686981
319,0	0,567850879062836
320,0	0,5009045124715388
321,0	0,48277716428683054
322,0	0,5048708032198419
323,0	0,47603004844785024
324,0	0,4543104451590675
325,0	0,4370275419060328
326,0	0,423017101891701
327,0	0,41147484868720163
328,0	0,41952588714363753
329,0	0,4343304691292612
330,0	0,44803806804397867
331,0	0,44092263129255727
332,0	0,4095263065369907
333,0	0,41462502498977916
334,0	0,38929072615787164
335,0	0,43033241571309006
336,0	0,4284430744496766
337,0	0,4279532847579458
338,0	0,41764728602783996
339,0	0,40271990118174694
340,0	0,4387944440228189
341,0	0,4553405992145042
342,0	0,4439501893991554
343,0	0,40318945822977076
344,0	0,4135369259840299
345,0	0,32480353109025484
346,0	0,2620514806965028
347,0	0,24229422179277574
348,0	0,3104847699566355
349,0	0,2956477502514196
350,0	0,2867394132261821
351,0	0,3500214645485328
352,0	0,3919607847812713
353,0	0,3830724807696568
354,0	0,330801066455436
355,0	0,3495442462088791
356,0	0,4062229534687127
357,0	0,49308640931638303
358,0	0,5070262277261646
359,0	0,5665429126137917
360,0	0,5731196600627035
361,0	0,5886549560925245
362,0	0,5607754535455977
363,0	0,5464988297544101
364,0	0,5255517522221363
365,0	0,5321584902778357
366,0	0,5571719290655707
367,0	0,5796665759953074
368,0	0,5830884365846033
369,0	0,5843207442081636
370,0	0,6187265462505949
371,0	0,5765912650842936
372,0	0,5937949327458475
373,0	0,6152496883442554
374,0	0,6509302207942866
375,0	0,6564677459474274
376,0	0,6452587145157985
377,0	0,663941396067982
378,0	0,66594048935595
379,0	0,6113798842867241
380,0	0,6304785587547311
381,0	0,6507536272071003
382,0	0,6623134638517474
383,0	0,651812868861309
384,0	0,6629879131062945
385,0	0,6629991301452979
386,0	0,6301727255515837
387,0	0,6770484587477766
388,0	0,636889364817919
389,0	0,649989158795796
390,0	0,6507726322217415
391,0	0,6341157621022704
392,0	0,655082676582586
393,0	0,6488579813855662
394,0	0,6692513767306485
395,0	0,6491732138221465
396,0	0,658441488810906
397,0	0,629431925609025
398,0	0,6239815869603528
399,0	0,6368776928246819
400,0	0,637973885854104
401,0	0,6463837360957031
402,0	0,6574780375869996
403,0	0,6480709007575302
404,0	0,6507863177549574
405,0	0,6036869790289081
406,0	0,6116483680232501
407,0	0,6410071063795064
408,0	0,6162907581262927
409,0	0,6431879960313398
410,0	0,6390401193518204
411,0	0,6164934207609696
412,0	0,6325938842697457
413,0	0,6203581795192001
414,0	0,6486323497800833
415,0	0,6420863017893043
416,0	0,6454120553699436
417,0	0,655646704893827
418,0	0,638170248763167
419,0	0,6558534011570439
420,0	0,658317931403246
421,0	0,6262247745750337
422,0	0,6459783986207226
423,0	0,6523441689511853
424,0	0,6411736513977994
425,0	0,6425616647310938
426,0	0,6520705301354849
427,0	0,6587347806842355
428,0	0,6406759298569724
429,0	0,6475959229449327
430,0	0,6428177838801507
431,0	0,6055940923783126
432,0	0,5866676101306715
433,0	0,630483622266532
434,0	0,6563258386362368
435,0	0,6475311682721329
436,0	0,6571929868270918
437,0	0,6596990868501329
438,0	0,6381191933724667
439,0	0,624391920282803
440,0	0,6287455832939264
441,0	0,6674658290447943
442,0	0,6296137730613663
443,0	0,629909583818682
444,0	0,6457419830244018
445,0	0,6313275638117354
446,0	0,6435090084889132
447,0	0,643425902425022
448,0	0,6438877967434508
449,0	0,6383856403985521
450,0	0,6277038344653189
451,0	0,6284321804945523
452,0	0,6185142473435652
453,0	0,6375720137680302
454,0	0,6402923700900099
455,0	0,637758576730266
456,0	0,6522287898603084
457,0	0,6512039109849227
458,0	0,6510838634455788
459,0	0,649932810139091
460,0	0,6417320477415133
461,0	0,6544645596661044
462,0	0,6635477565330814
463,0	0,6704600909741616
464,0	0,6658276083682527
465,0	0,6501188333103097
466,0	0,6395004423763114
467,0	0,6507708532213712
468,0	0,6513893209175752
469,0	0,6134020693803969
470,0	0,622994179160328
471,0	0,6347923693124807
472,0	0,6308787666277879
473,0	0,6483715642420513
474,0	0,6729640017277139
475,0	0,6505158518733074
476,0	0,6522544049260783
477,0	0,7061008592739494
478,0	0,6891514740417959
479,0	0,6835712609820865
480,0	0,6650523790690703
481,0	0,6355741183077438
482,0	0,6409164173687617
483,0	0,6276550196303293
484,0	0,6226613457585615
485,0	0,6674058550495418
486,0	0,6574545302160772
487,0	0,6745373314201025
488,0	0,6852451277775682
489,0	0,6735286584639446
490,0	0,6599101653685018
491,0	0,6592966596153409
492,0	0,6625122796312907
493,0	0,6597735797623837
494,0	0,6398401565586713
495,0	0,6123942627834071
496,0	0,6012164525222914
497,0	0,5952355037066231
498,0	0,5584950576719265
499,0	0,5647019850735397
500,0	0,6052388433144038
501,0	0,596859098379999
502,0	0,5576116679075682
503,0	0,5465522278061942
504,0	0,5557104082696033
505,0	0,5159392167895025
506,0	0,5198098386389411
507,0	0,5706430666995673
508,0	0,5698958958908765
509,0	0,5733018399493659
510,0	0,5894994634685786
511,0	0,6259764639211483
512,0	0,5927197757815846
513,0	0,6118518351423355
514,0	0,5726029965511015
515,0	0,6050238337160926
516,0	0,5633354294331236
517,0	0,5350203322820579
518,0	0,5448779410308467
519,0	0,5651301653927743
520,0	0,5684058207889652
521,0	0,5708828207184733
522,0	0,5587870213006828
523,0	0,5823455221008255
524,0	0,5680880496479899
525,0	0,5976710066148657
526,0	0,6130691992756022
527,0	0,5967587361136439
528,0	0,5512160926483042
529,0	0,5494653935836751
530,0	0,5474399810989893
531,0	0,5519798983167856
532,0	0,5584123744160344
533,0	0,5790878537928239
534,0	0,5519617980577245
535,0	0,5490403922233612
536,0	0,5325481939944585
537,0	0,49059359021596777
538,0	0,5227984606851361
539,0	0,5338053614713707
540,0	0,5182241818199481
541,0	0,5316269846141827
542,0	0,5219196693825119
543,0	0,57713075487558
544,0	0,5957275727502129
545,0	0,6004599640752378
546,0	0,62911361067517
547,0	0,6513407829089151
548,0	0,6736751447989391
549,0	0,6209788141593958
550,0	0,6402121895798678
551,0	0,6385836524952635
552,0	0,6185474187958578
553,0	0,6059513345159518
554,0	0,5830628456146455
555,0	0,5967720138963624
556,0	0,6381702046611587
557,0	0,6293655665727269
558,0	0,6340287591921258
559,0	0,6670665481332488
560,0	0,6760439879264475
561,0	0,67295391497086
562,0	0,7062660561868813
563,0	0,6782129308936865
564,0	0,6547036333105166
565,0	0,6708562188286273
566,0	0,6489900838235686
567,0	0,6307219328351537
568,0	0,593526197825495
569,0	0,6181195988022667
570,0	0,6150637599432877
571,0	0,5775277494700815
572,0	0,5240860961903407
573,0	0,49522813912503916
574,0	0,4933852358944161
575,0	0,512812883431809
576,0	0,511436937944338
577,0	0,48370745941304
578,0	0,49895771837243424
579,0	0,4943972635425358
580,0	0,47692044048316623
581,0	0,46697042235806685
582,0	0,48357145994400075
583,0	0,4767562908784585
584,0	0,42347443357042136
585,0	0,4458156730363684
586,0	0,44667138551981145
587,0	0,4509453217332207
588,0	0,45349574001740317
589,0	0,45298130274561005
590,0	0,4609106637346997
591,0	0,4502323762361911
592,0	0,42264041163344934
593,0	0,43456072729109285
594,0	0,43040309659066867
595,0	0,4119920852233768
596,0	0,43252292345926935
597,0	0,4561337625327509
598,0	0,41279578044909937
599,0	0,48648230338352577
600,0	0,4807403454833389
601,0	0,5449907373777322
602,0	0,5509164192694664
603,0	0,5975975496932172
604,0	0,6034439478303305
605,0	0,588264933052846
606,0	0,6241906402041522
607,0	0,6317862188008639
608,0	0,6368238752505274
609,0	0,6675354507788364
610,0	0,636460196687403
611,0	0,6840116642293368
612,0	0,6606759985768433
613,0	0,6400415685968829
614,0	0,6363338700551379
615,0	0,6092203147223413
616,0	0,6183746296604631
617,0	0,6480660817455594
618,0	0,6969597766112013
619,0	0,651886134266365
620,0	0,6630775559863515
621,0	0,6566508501619165
622,0	0,6755472751440477
623,0	0,6608091597516782
624,0	0,6615710359469075
625,0	0,6530598267087852
626,0	0,6711604810273905
627,0	0,6715755319633296
628,0	0,6625219233705473
629,0	0,6015571703669914
630,0	0,5555735631634025
631,0	0,5362205214044251
632,0	0,5065795028605535
633,0	0,4960091992500563
634,0	0,47514185407481835
635,0	0,4497394538075223
636,0	0,47872992034545353
637,0	0,4696030353334571
638,0	0,4457608741218956
639,0	0,45706846614120017
640,0	0,4245244853310545
641,0	0,35570872890327176
642,0	0,3266249547994385
643,0	0,30260593927658724
644,0	0,3353902969583193
645,0	0,3341358679674763
646,0	0,343086453618772
647,0	0,3786769310889267
648,0	0,4014246791510824
649,0	0,4442342769328477
650,0	0,4654490157959712
651,0	0,3959916338613131
652,0	0,43123118973072766
653,0	0,4490664903601944
654,0	0,4534478419698097
655,0	0,4894201431173984
656,0	0,4843284254743197
657,0	0,4800415873543292
658,0	0,48510476079441534
659,0	0,4620227257147556
660,0	0,47940821475944256
661,0	0,474627394792904
662,0	0,4587556428125515
663,0	0,5088811104088713
664,0	0,485733246578087
665,0	0,5081456027412731
666,0	0,5032086646728344
667,0	0,5349838392631798
668,0	0,5685457128699242
669,0	0,5600063131194406
670,0	0,5663216980958846
671,0	0,5812684026151357
672,0	0,5654206576785339
673,0	0,5520084948500172
674,0	0,5217087584370668
675,0	0,5001208709839516
676,0	0,4985895784443164
677,0	0,5212764790018891
678,0	0,5421378348095098
679,0	0,5408337629101563
680,0	0,5546538882493661
681,0	0,5311909010297624
682,0	0,5187461448703281
683,0	0,5246452589651902
684,0	0,5171221372587513
685,0	0,5112756367437983
686,0	0,5002828296880851
687,0	0,5101649664121707
688,0	0,5149826206232813
689,0	0,4456932137472362
690,0	0,4043513487864745
691,0	0,41948127331049273
692,0	0,38948111551186837
693,0	0,436493461178861
694,0	0,4518147819513685
695,0	0,48478065768033035
696,0	0,4654250420453656
697,0	0,4670420852161983
698,0	0,4341435453174991
699,0	0,4281983635744066
700,0	0,4537830341956308
701,0	0,44210962171031726
702,0	0,47694422765113165
703,0	0,4965900664511273
704,0	0,5142579545927753
705,0	0,574117678397929
706,0	0,5468565874564529
707,0	0,5277809143423136
708,0	0,5046065727839383
709,0	0,4893584576775703
710,0	0,5153688710677979
711,0	0,49458291927289744
712,0	0,5234851380677642
713,0	0,5479652643475875
714,0	0,5566593845011064
715,0	0,5158581515851863
716,0	0,43620467404088753
717,0	0,4546118692021904
718,0	0,43278171117443315
719,0	0,3805991019588887
720,0	0,3387961524350344
721,0	0,3422819797550951
722,0	0,42007083047524374
723,0	0,4338573285066193
724,0	0,39394863118056084
725,0	0,41338321546188156
726,0	0,4060050240134049
727,0	0,3758804982653745
728,0	0,376159551728177
729,0	0,40445885827508604
730,0	0,4037458208353166
731,0	0,44690312438053886
732,0	0,48496040449223804
733,0	0,4742609218472411
734,0	0,536524268334182
735,0	0,5478369596881548
736,0	0,5476318553955898
737,0	0,6042322362486305
738,0	0,5674870243289382
739,0	0,515898186885675
740,0	0,48468975618028615
741,0	0,44214714416826045
742,0	0,417766383001001
743,0	0,3561701876198319
744,0	0,3326062622458707
745,0	0,32230916953945066
746,0	0,3171374491256094
747,0	0,22587441841501124
748,0	0,20075804819602527
749,0	0,18358367387000485
750,0	0,12399047899930206
751,0	0,12158393513454546
752,0	0,11936688152218912
753,0	0,09779875052530791
754,0	0,0651557376982199
755,0	0,05838368242691615
756,0	0,08886137673067757
757,0	0,13383309037547267
758,0	0,19685982812356204
759,0	0,2437678870139352
760,0	0,2485163183200478
761,0	0,3016888415888653
762,0	0,30017139873084875
763,0	0,2832329889124235
764,0	0,3255723544305512
765,0	0,3175054241086709
766,0	0,3261362207237998
767,0	0,3062015592043202
768,0	0,20260731170264437
769,0	0,2281630562952738
770,0	0,2357350026628875
771,0	0,22545747927611137
772,0	0,2364996963690936
773,0	0,20140870720291523
774,0	0,2336951579029244
775,0	0,31016430835150377
776,0	0,3117467378518494
777,0	0,3136388356125813
778,0	0,29159473695673727
779,0	0,25001496622373826
780,0	0,2906615481476048
781,0	0,3404634436249369
782,0	0,32418958175706375
783,0	0,27970318263452676
784,0	0,2848831845168948
785,0	0,29975739625358844
786,0	0,3340163015849508
787,0	0,2917631453140839
788,0	0,29586019616344983
789,0	0,25435527250889256
790,0	0,2670564011173083
791,0	0,2795528375020368
792,0	0,28134407449185556
793,0	0,296027453008573
794,0	0,3066647037281439
795,0	0,25766209705781906
796,0	0,2656959451312356
797,0	0,270032244539124
798,0	0,2843345234657963
799,0	0,2737763530173804
800,0	0,2755048845336033
801,0	0,28884740934843195
802,0	0,237483833739004
803,0	0,2726799622863759
804,0	0,25451844669083545
805,0	0,3288540568321142
806,0	0,32479323310340596
807,0	0,3756941083168512
808,0	0,36145256514674495
809,0	0,37156157940394263
810,0	0,34092505646256405
811,0	0,36626821937770193
812,0	0,34045218326088506
813,0	0,34574391577621677
814,0	0,3383977564000044
815,0	0,3279752720820532
816,0	0,29916979854791703
817,0	0,28244271539522864
818,0	0,31936642551266176
819,0	0,2625990775649497
820,0	0,17349719622077117
821,0	0,09503127098406963
822,0	0,0456782353993859
823,0	0,033723018052511156
824,0	0,062445196937609686
825,0	0,03435647338281664
826,0	0,03631655866816238
827,0	0,0745922579875951
828,0	0,07746385165752866
829,0	0,08481954466026359
830,0	0,12537412633641207
831,0	0,08154668894006827
832,0	0,14506278831368521
833,0	0,14352421273917462
834,0	0,12959048596954756
835,0	0,15298583971146124
836,0	0,12622429950810016
837,0	0,18311685929130025
838,0	0,22727385390342983
839,0	0,24331211454819449
840,0	0,24871439821844726
841,0	0,28510743224409785
842,0	0,3184264049650436
843,0	0,29923826425014644
844,0	0,25040926779503625
845,0	0,21608818645093136
846,0	0,2000838332823471
847,0	0,19995649675215219
848,0	0,22430776925044565
849,0	0,2956170124778207
850,0	0,31565207547650787
851,0	0,33868579660545345
852,0	0,3739451067505826
853,0	0,4500585890306393
854,0	0,49052669623615586
855,0	0,42451000313024073
856,0	0,4559633123063911
857,0	0,44101110608288685
858,0	0,42943721520072203
859,0	0,4073951503594346
860,0	0,4075411041971269
861,0	0,4088283320981404
862,0	0,42535711569290896
863,0	0,35581612453510564
864,0	0,34116029077946974
865,0	0,30109672500693646
866,0	0,2896618011168657
867,0	0,2900843384097189
868,0	0,2632991175776165
869,0	0,26203278855955126
870,0	0,2844877493469377
871,0	0,2757650703126453
872,0	0,2899850574620207
873,0	0,2811662254377614
874,0	0,2690330759317247
875,0	0,25242949279965854
876,0	0,2527657013925343
877,0	0,2761354121863366
878,0	0,3057692080221664
879,0	0,2974069796499504
880,0	0,27868012494782446
881,0	0,28575760721672977
882,0	0,32394083531481344
883,0	0,3080266405433838
884,0	0,3350699354260862
885,0	0,3500715825812707
886,0	0,3544628620969391
887,0	0,3621601094400854
888,0	0,39788790130919194
889,0	0,37234128961859436
890,0	0,3989204889221373
891,0	0,37608316823842936
892,0	0,3526672872555454
893,0	0,3633133457082068
894,0	0,32223603134400636
895,0	0,37535972271207246
896,0	0,39386414765572236
897,0	0,3445319925987269
898,0	0,37801834305577225
899,0	0,3931637932064511
900,0	0,3301635822202939
901,0	0,37206218797756396
902,0	0,39806593219592595
903,0	0,4207139811649147
904,0	0,419894773622236
905,0	0,38883007678991793
906,0	0,4453979750033988
907,0	0,4359251275298615
908,0	0,4214814580758016
909,0	0,4564603180430916
910,0	0,4570888247830372
911,0	0,46523192762010507
912,0	0,4764609473774949
913,0	0,47640535629384423
914,0	0,45416230359719806
915,0	0,44819036623782843
916,0	0,4294749463072088
917,0	0,4717758979661694
918,0	0,48383144362856134
919,0	0,4564517924856142
920,0	0,4408185590093958
921,0	0,4700546367147477
922,0	0,4424689197985878
923,0	0,48490893999794243
924,0	0,4847623395072654
925,0	0,536677626391204
926,0	0,5670145187929228
927,0	0,529199716404504
928,0	0,43481397013618234
929,0	0,4344632077359991
930,0	0,5035733370788583
931,0	0,5591841739064429
932,0	0,5262594066598583
933,0	0,5402846742218663
934,0	0,5726787430127451
935,0	0,5656800939639341
936,0	0,5652272328819155
937,0	0,5926407330662674
938,0	0,5550030578710726
939,0	0,4997091069779377
940,0	0,47681740273692114
941,0	0,4476566213056408
942,0	0,4406718503568609
943,0	0,40347261124187417
944,0	0,43836541461971135
945,0	0,516636381622982
946,0	0,520427283845969
947,0	0,5286202311778688
948,0	0,5160864511969361
949,0	0,5288194015838852
950,0	0,5234678813537677
951,0	0,5472205803127229
952,0	0,5473709831234369
953,0	0,5708222778250154
954,0	0,5840381199823781
955,0	0,5667611693823923
956,0	0,5656826005675073
957,0	0,5471477648747248
958,0	0,5483710938480428
959,0	0,5123009856660405
960,0	0,5130371951015089
961,0	0,5212799421597158
962,0	0,5257024437008299
963,0	0,5153111249212442
964,0	0,5388704800163059
965,0	0,5521582564174901
966,0	0,5603117750471212
967,0	0,5995641161185933
968,0	0,6016110537554444
969,0	0,5749529968922656
970,0	0,5317351354563531
971,0	0,520260183510528
972,0	0,6062391164368327
973,0	0,6313722394645481
974,0	0,6248189898405975
975,0	0,5996138446803495
976,0	0,5944329445446451
977,0	0,5800096404764185
978,0	0,5753035646673681
979,0	0,585036114483912
980,0	0,5820862643676042
981,0	0,5876467126878294
982,0	0,5564211648666805
983,0	0,5652686210604608
984,0	0,5992799263690342
985,0	0,6289054058209058
986,0	0,6569114217668105
987,0	0,6185265753564011
988,0	0,6158582638092355
989,0	0,6134660760155344
990,0	0,6247140627720003
991,0	0,6025865035453121
992,0	0,5920221393287126
993,0	0,6330648787867886
994,0	0,6085633924353377
995,0	0,6187416723897663
996,0	0,5816374974045541
997,0	0,547628541609196
998,0	0,5542584847583977
999,0	0,553252213031404
1000,0	0,5140452197961535
1001,0	0,5390161539658384
1002,0	0,49412756194803403
1003,0	0,5140115203263982
1004,0	0,5429428319900769
1005,0	0,5225444914908904
1006,0	0,48084363948874
1007,0	0,49621744292624725
1008,0	0,5023812219737757
1009,0	0,5085354483723005
1010,0	0,48668522572893924
1011,0	0,45286339258479685
1012,0	0,3986105334293876
1013,0	0,35897206731550024
1014,0	0,3954429244257717
1015,0	0,3356703580653943
1016,0	0,2884661511634806
1017,0	0,2609479800937769
1018,0	0,3185887358213044
1019,0	0,3538800532201697
1020,0	0,3680985124627794
1021,0	0,370033176171094
1022,0	0,3503149315104599
1023,0	0,2839961998951764
1024,0	0,31461768621267744
1025,0	0,28667025872740587
1026,0	0,2994126085632854
1027,0	0,3298082963665627
1028,0	0,32263995105037696
1029,0	0,2934927774851047
1030,0	0,25899828556146576
1031,0	0,2742879605531573
1032,0	0,2378100816091511
1033,0	0,21923273959957293
1034,0	0,23237348469330601
1035,0	0,27385898226413324
1036,0	0,19837625395657657
1037,0	0,21935381153834818
1038,0	0,17433037730430814
1039,0	0,11750476734044979
1040,0	0,20933811832000618
1041,0	0,2503318210390652
1042,0	0,24223856044968928
1043,0	0,25755039732761686
1044,0	0,2461189858449341
1045,0	0,2672328476816464
1046,0	0,2560350704279519
1047,0	0,26344387452389717
1048,0	0,23251413062562684
1049,0	0,22424643272297426
1050,0	0,28946282208238955
1051,0	0,2949873157441268
1052,0	0,21532196433783285
1053,0	0,21755602546660488
1054,0	0,21773808276440493
1055,0	0,21295398120110676
1056,0	0,2628655744652237
1057,0	0,3025091911388363
1058,0	0,3280001801596002
1059,0	0,28995890441906647
1060,0	0,3465379256196769
1061,0	0,3034941801700316
1062,0	0,3363987439353006
1063,0	0,2549252372143237
1064,0	0,2829739367500254
1065,0	0,3262944468530213
1066,0	0,3903629297094673
1067,0	0,3840755388595651
1068,0	0,3657292492635006
1069,0	0,40441820393548117
1070,0	0,3901397000488079
1071,0	0,4022540921311302
1072,0	0,4241867694151587
1073,0	0,4344341915989406
1074,0	0,44331084210441934
1075,0	0,3880357184341504
1076,0	0,40001082434427926
1077,0	0,362936321362571
1078,0	0,39756059950951705
1079,0	0,393333004721748
1080,0	0,4016489807220864
1081,0	0,39896308938742225
1082,0	0,3674568669674271
1083,0	0,4170603164866161
1084,0	0,3181647299893003
1085,0	0,34560600991707285
1086,0	0,35690995571204176
1087,0	0,38006146113067385
1088,0	0,4259594799368117
1089,0	0,46527788358047784
1090,0	0,4453191798477408
1091,0	0,3727183203716332
1092,0	0,3406101501047303
1093,0	0,3460170986449273
1094,0	0,38469031965525297
1095,0	0,40222610779261586
1096,0	0,4061633213234113
1097,0	0,4038212454362817
1098,0	0,41895285301429425
1099,0	0,46581561667594124
1100,0	0,43036773242708587
1101,0	0,4794826701974561
1102,0	0,4616522785887072
1103,0	0,477953265487601
1104,0	0,49735088339358413
1105,0	0,5343151403106373
1106,0	0,584873038786459
1107,0	0,6348118354143129
1108,0	0,6153817878039758
1109,0	0,5852916478727439
1110,0	0,5945274456967251
1111,0	0,5638064742070787
1112,0	0,507169647172833
1113,0	0,4827612549228296
1114,0	0,48344266088575166
1115,0	0,4813672465386548
1116,0	0,47040448033674714
1117,0	0,496970877218702
1118,0	0,47063139610137694
1119,0	0,521771770087207
1120,0	0,5262134702304734
1121,0	0,49021017501212644
1122,0	0,4606328592996757
1123,0	0,45892728721259024
1124,0	0,4422906607882767
1125,0	0,4377483887060775
1126,0	0,422755137364053
1127,0	0,4317840414162387
1128,0	0,4455015262237256
1129,0	0,4455461230242704
1130,0	0,49642165108177455
1131,0	0,4647621328804262
1132,0	0,4567518442380516
1133,0	0,4337377640568071
1134,0	0,4112265173219837
1135,0	0,36600977617711233
1136,0	0,36263739756204577
1137,0	0,3171371355009097
1138,0	0,3734170694848472
1139,0	0,3890667021281424
1140,0	0,29952329124569593
1141,0	0,32723198179618423
1142,0	0,31857655093514375
1143,0	0,2837043249643906
1144,0	0,23096124625212108
1145,0	0,18244443813457878
1146,0	0,17652470928272412
1147,0	0,1738531084565145
1148,0	0,17542069597758658
1149,0	0,17700315060177815
1150,0	0,16906747164445715
1151,0	0,19039068507245188
1152,0	0,23946046408810753
1153,0	0,28785645180997343
1154,0	0,2972529481706584
1155,0	0,3683093409198175
1156,0	0,3481199339239452
1157,0	0,301098223495997
1158,0	0,2977312136972854
1159,0	0,23399930394016763
1160,0	0,2687531203533202
1161,0	0,23795248015455112
1162,0	0,198886078467766
1163,0	0,20772521600611377
1164,0	0,22872247274911173
1165,0	0,26100282985065754
1166,0	0,2359256451900081
1167,0	0,26315063802019767
1168,0	0,23830725634496236
1169,0	0,24299981295242873
1170,0	0,2352032701224633
1171,0	0,22193496245877814
1172,0	0,17505743753583325
1173,0	0,1855442924134021
1174,0	0,11356842065037362
1175,0	0,113837441497445
1176,0	0,17836542400815994
1177,0	0,18912550994705207
1178,0	0,247644987626239
1179,0	0,190070518996178
1180,0	0,2122932514414346
1181,0	0,25552892252153037
1182,0	0,2053433169784962
1183,0	0,17843019526826348
1184,0	0,16760337990254964
1185,0	0,23175243722283273
1186,0	0,2531898278253726
1187,0	0,2377731742167829
1188,0	0,20364755020304945
1189,0	0,24291734900555326
1190,0	0,2808554640132227
1191,0	0,3342726516194816
1192,0	0,3283923760201039
1193,0	0,30167871536831453
1194,0	0,2729096387762209
1195,0	0,27915184011408367
1196,0	0,2734147809247384
1197,0	0,2657335656731857
1198,0	0,2021867528741947
1199,0	0,21331614852692546
1200,0	0,18619748760229607
1201,0	0,13195217328346576
1202,0	0,13132846606744658
1203,0	0,13140018305829038
1204,0	0,16550453325805276
1205,0	0,20120226142650874
1206,0	0,1753163170334556
1207,0	0,21006275251775716
1208,0	0,21732253190128512
1209,0	0,17382663159425063
1210,0	0,1445252398473867
1211,0	0,1307143912977284
1212,0	0,2046027402098492
1213,0	0,14505037356292388
1214,0	0,1982814542797602
1215,0	0,16792951302829762
1216,0	0,14790046699085144
1217,0	0,19700182976006866
1218,0	0,2322552188386812
1219,0	0,2708125005582977
1220,0	0,3219918573876685
1221,0	0,3112914301950559
1222,0	0,3386713617644009
1223,0	0,3380908820553165
1224,0	0,3343559183450712
1225,0	0,3268692190603732
1226,0	0,3332476375242141
1227,0	0,3411454394866012
1228,0	0,35678051721374465
1229,0	0,3849840976386103
1230,0	0,3448639997735149
1231,0	0,3354080084913752
1232,0	0,3907335010138078
1233,0	0,3582230909386318
1234,0	0,36210337723450003
1235,0	0,3155936020109905
1236,0	0,31026651186880144
1237,0	0,3030707467760166
1238,0	0,3040728171296889
1239,0	0,2609437298009953
1240,0	0,26700955330625825
1241,0	0,22350983146433634
1242,0	0,2170503350712481
1243,0	0,19139559870577427
1244,0	0,2523950510074931
1245,0	0,31074602254048855
1246,0	0,3226006016840628
1247,0	0,3162858151849166
1248,0	0,3477782063047747
1249,0	0,3563301277131075
1250,0	0,3235379409173333
1251,0	0,3627271706974524
1252,0	0,39876933837834766
1253,0	0,38935756837985397
1254,0	0,42423220655044513
1255,0	0,43055900494077953
1256,0	0,40476253496360154
1257,0	0,39464087280427484
1258,0	0,3827465054465926
1259,0	0,3643041559753895
1260,0	0,374388447675751
1261,0	0,41305857147865693
1262,0	0,4223576829365905
1263,0	0,4440271835474028
1264,0	0,47332425851212323
1265,0	0,45294498511619635
1266,0	0,4069001234792253
1267,0	0,38831890893932025
1268,0	0,3772153280090224
1269,0	0,3805161445293115
1270,0	0,3915868084908923
1271,0	0,3704325201034848
1272,0	0,3421186851964066
1273,0	0,40987793999529876
1274,0	0,4385965854225617
1275,0	0,4851737307398431
1276,0	0,46409854704055015
1277,0	0,44753280682269725
1278,0	0,3952342313920919
1279,0	0,3623283861904001
1280,0	0,3611054031533853
1281,0	0,39376142642565465
1282,0	0,363741052027018
1283,0	0,3713231674777793
1284,0	0,3825237715181111
1285,0	0,4165957147070211
1286,0	0,4383705344442573
1287,0	0,3950177827246659
1288,0	0,4115352785782613
1289,0	0,405034469268664
1290,0	0,45732293350559233
1291,0	0,4920356399821819
1292,0	0,5324268329364253
1293,0	0,5174882224471469
1294,0	0,5067436382615667
1295,0	0,4592821051682916
1296,0	0,462643869849517
1297,0	0,4427048639234758
1298,0	0,4574263738852094
1299,0	0,4658679547972599
1300,0	0,44781451238393377
1301,0	0,45602425191134544
1302,0	0,40377615458113
1303,0	0,41321590159694416
1304,0	0,471776358544116
1305,0	0,5130890426810665
1306,0	0,5639532939667636
1307,0	0,5652225110545341
1308,0	0,5827190637362059
1309,0	0,5940713325836516
1310,0	0,6068532098513783
1311,0	0,587818344552487
1312,0	0,5890827641162426
1313,0	0,6039102373234749
1314,0	0,6279199655517443
1315,0	0,6056246819211661
1316,0	0,5981907765410339
1317,0	0,5705892802059171
1318,0	0,5663993167347153
1319,0	0,5359532097899079
1320,0	0,49989488039180513
1321,0	0,5063466643633121
1322,0	0,5293308955867492
1323,0	0,5232961003482121
1324,0	0,49996979542869857
1325,0	0,5116096062729887
1326,0	0,47129990675448136
1327,0	0,48163055506858066
1328,0	0,4738867091872024
1329,0	0,4954007457200031
1330,0	0,5014667665135915
1331,0	0,520978250254644
1332,0	0,5467582039937976
1333,0	0,55036882249809
1334,0	0,5934951536449169
1335,0	0,6155134235584815
1336,0	0,6529937602431211
1337,0	0,671044440562233
1338,0	0,6513900509795894
1339,0	0,6632535433000751
1340,0	0,6665579820807825
1341,0	0,6259535181346034
1342,0	0,6246555790802465
1343,0	0,6089710972958332
1344,0	0,5590289603556752
1345,0	0,5688793501482742
1346,0	0,5412044729340757
1347,0	0,4987287691383946
1348,0	0,47397673155586495
1349,0	0,5004160477311568
1350,0	0,49612869172611807
1351,0	0,5101877890603187
1352,0	0,5266372623399198
1353,0	0,5416138568765745
1354,0	0,5250391348779295
1355,0	0,5039607013151127
1356,0	0,506942347092002
1357,0	0,5017940894714583
1358,0	0,5039596851330143
1359,0	0,5290174186227953
1360,0	0,48685248261066283
1361,0	0,5254024954058563
1362,0	0,4997565616575008
1363,0	0,47634668022509996
1364,0	0,49464690079453755
1365,0	0,4599007132179521
1366,0	0,4630124379336551
1367,0	0,3992651953719542
1368,0	0,4019861604541839
1369,0	0,4028686079198993
1370,0	0,36847080580319613
1371,0	0,3648775769868304
1372,0	0,3808936496372624
1373,0	0,39202644826212374
1374,0	0,3765485411072013
1375,0	0,36207107049752696
1376,0	0,3225714392142811
1377,0	0,3394418240641101
1378,0	0,29370831306055833
1379,0	0,260316194056746
1380,0	0,2318036504559618
1381,0	0,21833545982817013
1382,0	0,2071082342284643
1383,0	0,19942700023362814
1384,0	0,16134512180943034
1385,0	0,18916730758982084
1386,0	0,18585738380839614
1387,0	0,15973466740345227
1388,0	0,09310728576068232
1389,0	0,1288862396324779
1390,0	0,15013304818847042
1391,0	0,17427876286030689
1392,0	0,20157346936572532
1393,0	0,21959862788230547
1394,0	0,1899142796249543
1395,0	0,23340908016939244
1396,0	0,18854087336043282
1397,0	0,058011538394543295
1398,0	0,06239324877685502
1399,0	0,0901752088335562
1400,0	0,03839111104998586
1401,0	0,019925223871640762
1402,0	0,054439454951587835
1403,0	0,018497587276594358
1404,0	0,051370783153375676
1405,0	0,07589479772589156
1406,0	0,10024856977613134
1407,0	0,04775618024205755
1408,0	0,023587584075917226
1409,0	0,02009657156086045
1410,0	0,026080249472147106
1411,0	0,04902971185536402
1412,0	0,09193833138450729
1413,0	0,16724851746812303
1414,0	0,13716644338843925
1415,0	0,1258946361612736
1416,0	0,16657221955210513
1417,0	0,19678933391710857
1418,0	0,14718399253060635
1419,0	0,19273180376992652
1420,0	0,22093269751342257
1421,0	0,1956183482486607
1422,0	0,22524067669673087
1423,0	0,27342460892290266
1424,0	0,27716590987872297
1425,0	0,3438418618574191
1426,0	0,4324457279448211
1427,0	0,4844240671814977
1428,0	0,43946986270153704
1429,0	0,4251087060542581
1430,0	0,4307931071897485
1431,0	0,39898680896263683
1432,0	0,4445684672506902
1433,0	0,46902470445213323
1434,0	0,456158529314542
1435,0	0,4700298112932369
1436,0	0,46158492868536494
1437,0	0,486953405120829
1438,0	0,4406792757325663
1439,0	0,4475902993717854
1440,0	0,41103915441296557
1441,0	0,3763888030016421
1442,0	0,42745338164762997
1443,0	0,4218666774275279
1444,0	0,44077084528852517
1445,0	0,42980172487953167
1446,0	0,4093662092229745
1447,0	0,38614655057010355
1448,0	0,3778339162561809
1449,0	0,344652553125208
1450,0	0,33686569863022336
1451,0	0,34845463516817327
1452,0	0,3410695685350091
1453,0	0,2985787136740987
1454,0	0,36659583702015824
1455,0	0,41522667487599507
1456,0	0,4041585179579855
1457,0	0,3862034375004153
1458,0	0,3848227233065649
1459,0	0,38755055878108413
1460,0	0,33376429208597924
1461,0	0,33222702530974946
1462,0	0,28430788887239916
1463,0	0,2808298793606275
1464,0	0,3244533483842047
1465,0	0,3626899215012225
1466,0	0,3737728906893371
1467,0	0,3573728615551796
1468,0	0,2897629402888677
1469,0	0,27836625886319527
1470,0	0,28107626010047554
1471,0	0,2811346189367718
1472,0	0,35348824840373144
1473,0	0,32796661036711855
1474,0	0,30399243057639397
1475,0	0,29001677413692567
1476,0	0,28628302953596385
1477,0	0,2468198065312857
1478,0	0,24751446096101462
1479,0	0,3017447160465791
1480,0	0,2862445524421735
1481,0	0,31258444826682896
1482,0	0,37434146173894545
1483,0	0,3735470960347922
1484,0	0,3184279105701589
1485,0	0,33420778028715403
1486,0	0,2753507835718885
1487,0	0,32907556130739674
1488,0	0,346330848832094
1489,0	0,3497490196195651
1490,0	0,38993022626996743
1491,0	0,39828920551010555
1492,0	0,3985665157163864
1493,0	0,4448964077959934
1494,0	0,4204533416262539
1495,0	0,4184472860282164
1496,0	0,41503680274695703
1497,0	0,39566399308958206
1498,0	0,36238778684145334
1499,0	0,3792613155547745
1500,0	0,4448062276029743
1501,0	0,3919115192306564
1502,0	0,3698273835376297
1503,0	0,3117413200236402
1504,0	0,3246358549492854
1505,0	0,39436912050640544
1506,0	0,36773977828015586
1507,0	0,403142329672579
1508,0	0,44382300708409456
1509,0	0,38946892781671943
1510,0	0,3765108068292114
1511,0	0,46047557834290015
1512,0	0,4252249141948613
1513,0	0,45477793448227005
1514,0	0,45234813071840924
1515,0	0,4088910148032911
1516,0	0,39815765170007
1517,0	0,39093306380445086
1518,0	0,347133775661611
1519,0	0,33754259854223195
1520,0	0,253215801735315
1521,0	0,22312398127339345
1522,0	0,1965451725635384
1523,0	0,17559260031766402
1524,0	0,1471485144230578
1525,0	0,08818095949550665
1526,0	0,0449924548907782
1527,0	0,013774048978553796
1528,0	0,05308357517268916
1529,0	0,0383531302095119
1530,0	0,07923322032725812
1531,0	0,11497124146159185
1532,0	0,1263121522961274
1533,0	0,0919844908634331
1534,0	0,09293859605336442
1535,0	0,06317435476189338
1536,0	0,05807214245812086
1537,0	0,052376574946629714
1538,0	0,056550363810159994
1539,0	0,05883951708741296
1540,0	0,052691847713363486
1541,0	0,03541812698665132
1542,0	0,03145907394212175
1543,0	0,05077453201218947
1544,0	0,083871974577133
1545,0	0,04407116230991746
1546,0	0,04722543604167198
1547,0	0,060694618572865205
1548,0	0,1330959347364234
1549,0	0,06991886037213799
1550,0	0,04937468207988748
1551,0	0,06300455029801413
1552,0	0,1398276897067107
1553,0	0,1994486580908892
1554,0	0,275092304021076
1555,0	0,355745933391372
1556,0	0,3549292388584813
1557,0	0,4216641787694261
1558,0	0,4210010170291959
1559,0	0,46643396923524166
1560,0	0,44851469281471507
1561,0	0,4776442874242686
1562,0	0,45659603180439073
1563,0	0,4623299810200833
1564,0	0,43419168149355003
1565,0	0,44909886684438627
1566,0	0,4418617910612918
1567,0	0,46100956468786825
1568,0	0,4802618500877887
1569,0	0,4950687920841184
1570,0	0,5329684229040428
1571,0	0,5024886252285907
1572,0	0,46383409650180857
1573,0	0,47786412574409043
1574,0	0,5007715061479733
1575,0	0,47862043060674814
1576,0	0,4603189814794869
1577,0	0,4578950930137539
1578,0	0,46864478069753596
1579,0	0,4705201422107704
1580,0	0,42677380077539784
1581,0	0,3437151010089822
1582,0	0,3371834885034426
1583,0	0,3286091524758388
1584,0	0,3512998176345653
1585,0	0,3515845013289049
1586,0	0,373233752089102
1587,0	0,3852772159720341
1588,0	0,3906727120875069
1589,0	0,4059026120919711
1590,0	0,45139907643153804
1591,0	0,45053187337825323
1592,0	0,4239109924761768
1593,0	0,3851146237332191
1594,0	0,38179215196822597
1595,0	0,32055032585371684
1596,0	0,359955213922342
1597,0	0,3344646715415252
1598,0	0,3456363580224588
1599,0	0,40394287659014727
1600,0	0,48015307504812316
1601,0	0,5297402148946043
1602,0	0,5912855184475475
1603,0	0,6053690069084611
1604,0	0,6035839429032303
1605,0	0,6235460231424551
1606,0	0,5870690642674679
1607,0	0,5409089396230315
1608,0	0,5333342174617095
1609,0	0,5081356238805635
1610,0	0,485663452680825
1611,0	0,46556716005711757
1612,0	0,45194744764625766
1613,0	0,49028060752442154
1614,0	0,43693983473360504
1615,0	0,43081436565474696
1616,0	0,39816069739611337
1617,0	0,4417513104752422
1618,0	0,4329385454860324
1619,0	0,41708565772651357
1620,0	0,42172713327768147
1621,0	0,3994216620652508
1622,0	0,3436466632233223
1623,0	0,371054681930676
1624,0	0,33908762429433864
1625,0	0,3282397703097527
1626,0	0,3306270756724927
1627,0	0,30716547260371735
1628,0	0,2709122324675366
1629,0	0,3188389175493452
1630,0	0,33670944988708656
1631,0	0,35449255442233985
1632,0	0,32313739291161014
1633,0	0,3024807974522949
1634,0	0,3318989183741369
1635,0	0,2685823458503928
1636,0	0,2586343291017266
1637,0	0,33336879028858146
1638,0	0,3060016042427703
1639,0	0,3452559326900401
1640,0	0,377947248642072
1641,0	0,35788124756685735
1642,0	0,3012462406342346
1643,0	0,3321946415426771
1644,0	0,2730167488504021
1645,0	0,2560104189786835
1646,0	0,2740436017570462
1647,0	0,2507339948098577
1648,0	0,2626915460549294
1649,0	0,2551215744503231
1650,0	0,2673130259813954
1651,0	0,28545942897834564
1652,0	0,30733304912500115
1653,0	0,3178193344010404
1654,0	0,28156054800000363
1655,0	0,27007161604587954
1656,0	0,24283249241356383
1657,0	0,2504150689597539
1658,0	0,3082690704719974
1659,0	0,29066670707249814
1660,0	0,27755048873436017
1661,0	0,2890165427105272
1662,0	0,23604029086076977
1663,0	0,21423426093138928
1664,0	0,21612584182168987
1665,0	0,1617263540282536
1666,0	0,21084085858389542
1667,0	0,23677137981489935
1668,0	0,23877895532039722
1669,0	0,24633349792451995
1670,0	0,2552010741492386
1671,0	0,32073933508460856
1672,0	0,3462387589938139
1673,0	0,3121127915850196
1674,0	0,33528394149264984
1675,0	0,3328729691476143
1676,0	0,344391727541484
1677,0	0,3309775845513449
1678,0	0,40135151538216696
1679,0	0,4188716474762331
1680,0	0,42095858486257587
1681,0	0,4570023188106789
1682,0	0,45032022507701275
1683,0	0,3960963103840131
1684,0	0,3967760156418636
1685,0	0,43472294039987097
1686,0	0,4509653470653834
1687,0	0,41892648041741887
1688,0	0,3264587654460801
1689,0	0,34615361544546425
1690,0	0,3333571790992054
1691,0	0,2766734549232926
1692,0	0,2584554081353025
1693,0	0,2754916219936044
1694,0	0,3174807260835056
1695,0	0,2756778992627816
1696,0	0,30588785214175496
1697,0	0,35882903004458494
1698,0	0,3569621047637517
1699,0	0,3825463891622047
1700,0	0,38319243584527185
1701,0	0,2937222598153594
1702,0	0,3033901794127736
1703,0	0,23212667377916862
1704,0	0,2650137057950496
1705,0	0,28165484382688416
1706,0	0,2697484126798626
1707,0	0,24174534722300814
1708,0	0,2677738376839571
1709,0	0,2910287616020208
1710,0	0,2895544508232029
1711,0	0,28138704953909166
1712,0	0,26556613257850936
1713,0	0,2532980650820731
1714,0	0,2627428496520007
1715,0	0,2870760507984088
1716,0	0,3480435215700066
1717,0	0,37679073742546065
1718,0	0,3826489619509651
1719,0	0,2826426103208554
1720,0	0,25922953199675686
1721,0	0,2407063857278942
1722,0	0,2796291209119931
1723,0	0,2620250339410116
1724,0	0,28856452637240404
1725,0	0,32748809587873273
1726,0	0,34382683702998257
1727,0	0,32448348906029023
1728,0	0,39643754708359685
1729,0	0,3710642862568887
1730,0	0,3835707156547369
1731,0	0,38780448981517535
1732,0	0,3432221744372118
1733,0	0,33284373702701087
1734,0	0,34188091660314385
1735,0	0,3027452738342876
1736,0	0,2673217304173994
1737,0	0,21450724662055104
1738,0	0,16811615340533884
1739,0	0,22624017554140075
1740,0	0,23028599666366856
1741,0	0,15589683269479687
1742,0	0,12207288065870138
1743,0	0,16508247136700466
1744,0	0,2187203170937234
1745,0	0,23015872693547573
1746,0	0,2275809680922824
1747,0	0,1549685944205434
1748,0	0,18801964163288393
1749,0	0,2368714911208558
1750,0	0,22128706417406394
1751,0	0,23046674872510356
1752,0	0,2190700733684483
1753,0	0,254066486627376
1754,0	0,29126241529505326
1755,0	0,329691183024807
1756,0	0,364971236444137
1757,0	0,39433024081079276
1758,0	0,430740655485354
1759,0	0,3595584642499363
1760,0	0,37053928475909664
1761,0	0,3670242703109388
1762,0	0,33183573360363017
1763,0	0,35196971618636497
1764,0	0,3581553941743089
1765,0	0,3315533873758008
1766,0	0,36688173978301614
1767,0	0,33047889726474805
1768,0	0,32701295851172196
1769,0	0,39075126933851734
1770,0	0,33081437991810214
1771,0	0,33634293126086867
1772,0	0,343543189661468
1773,0	0,3632991936678198
1774,0	0,3470129203643318
1775,0	0,3307230206693022
1776,0	0,3533290702805439
1777,0	0,3092257011344191
1778,0	0,30686349434538374
1779,0	0,31480896687878346
1780,0	0,3572728297995697
1781,0	0,41740632265907995
1782,0	0,4266807623427828
1783,0	0,4183403490921287
1784,0	0,41453009962009085
1785,0	0,3786217181318931
1786,0	0,4055241716628888
1787,0	0,3498221929495964
1788,0	0,31695874320218764
1789,0	0,33457402527025576
1790,0	0,3586988093887344
1791,0	0,35611567558030344
1792,0	0,40823855326983366
1793,0	0,3820138957610294
1794,0	0,42614802537262453
1795,0	0,46857372013134735
1796,0	0,4574595916950626
1797,0	0,4883620488802088
1798,0	0,5018712934475065
1799,0	0,4801531584486525
1800,0	0,46668680592417494
1801,0	0,4949106488962977
1802,0	0,5195816214124354
1803,0	0,5237381189043474
1804,0	0,5497239358903347
1805,0	0,5693948455153124
1806,0	0,5468286224700836
1807,0	0,5775449626342138
1808,0	0,6255158414339056
1809,0	0,623408135221907
1810,0	0,5958865807232472
1811,0	0,6266344720024158
1812,0	0,6116269292107868
1813,0	0,550190724105531
1814,0	0,5279950062265377
1815,0	0,5363999961395429
1816,0	0,4990310617939905
1817,0	0,5198258495124763
1818,0	0,5238859013659802
1819,0	0,5162129288303289
1820,0	0,5285197997319686
1821,0	0,47955563277274266
1822,0	0,4899785928790885
1823,0	0,42640543546383475
1824,0	0,3979803959184392
1825,0	0,42281792822388575
1826,0	0,4621864303738753
1827,0	0,4916196830841953
1828,0	0,5240700867894278
1829,0	0,5070439392592028
1830,0	0,4997764981063602
1831,0	0,5138222075528914
1832,0	0,5155302829298611
1833,0	0,4961496147650466
1834,0	0,48916616150451325
1835,0	0,4934647153341902
1836,0	0,44853816247981965
1837,0	0,4067884448105875
1838,0	0,40875304676522645
1839,0	0,4164823024213096
1840,0	0,4276830370562604
1841,0	0,4229094004433913
1842,0	0,40402566416561086
1843,0	0,4543753879516309
1844,0	0,4612648517787143
1845,0	0,49199232222198913
1846,0	0,4837895122959018
1847,0	0,4714807377465472
1848,0	0,48089066052778207
1849,0	0,45725785344561864
1850,0	0,3996030367093957
1851,0	0,3759769336816718
1852,0	0,3928506650769896
1853,0	0,40992277038222047
1854,0	0,40438824049546895
1855,0	0,4279470172578858
1856,0	0,4348126672254478
1857,0	0,4195302981579043
1858,0	0,4045816001972375
1859,0	0,40387246948170763
1860,0	0,4724106201886647
1861,0	0,44785805744602725
1862,0	0,47570665665273537
1863,0	0,4640171475414961
1864,0	0,4398817189163184
1865,0	0,441860548679221
1866,0	0,4665600984732111
1867,0	0,4250256350034342
1868,0	0,34410977987244806
1869,0	0,3186539165310902
1870,0	0,3230787207429137
1871,0	0,28008836405708515
1872,0	0,3044275443849927
1873,0	0,3117775043072524
1874,0	0,3230342181479947
1875,0	0,3023487158924331
1876,0	0,2824629121106217
1877,0	0,3189064952676952
1878,0	0,3130538670279896
1879,0	0,3439909342137826
1880,0	0,4020738069879361
1881,0	0,42423682837268545
1882,0	0,45704671172678585
1883,0	0,4353942347148896
1884,0	0,44868034376927307
1885,0	0,45679224242745836
1886,0	0,41609743697174495
1887,0	0,40892102283465703
1888,0	0,41302761286154016
1889,0	0,42018390543672013
1890,0	0,4032450006322173
1891,0	0,4203714405973748
1892,0	0,4043203082955648
1893,0	0,43776569514677094
1894,0	0,45775806180071005
1895,0	0,49975345932372034
1896,0	0,4726489965895512
1897,0	0,4395183253186196
1898,0	0,43536790597838554
1899,0	0,44659627646763467
1900,0	0,4221880099986055
1901,0	0,42507839575586964
1902,0	0,4518246108885018
1903,0	0,4815010878421105
1904,0	0,4639191361964087
1905,0	0,4609732827975798
1906,0	0,43718702591486297
1907,0	0,4153482748390618
1908,0	0,4509245555952562
1909,0	0,4519733943772685
1910,0	0,4580495424606517
1911,0	0,4455658752140655
1912,0	0,3480506763096906
1913,0	0,2572822308532208
1914,0	0,2698785828443515
1915,0	0,20711022521417013
1916,0	0,20922739034897644
1917,0	0,2513630782311645
1918,0	0,24027584246710745
1919,0	0,18252102298271014
1920,0	0,16349186693007756
1921,0	0,20011047318712438
1922,0	0,19021869986541595
1923,0	0,16069935360974946
1924,0	0,13777539991486204
1925,0	0,10662710994876784
1926,0	0,08625736090257828
1927,0	0,10141291550626157
1928,0	0,11996784609685908
1929,0	0,0604710384496567
1930,0	0,10107403313386874
1931,0	0,1032171183051584
1932,0	0,1508264521274441
1933,0	0,14245754106536035
1934,0	0,19789152783989497
1935,0	0,20867172679386295
1936,0	0,256121196200906
1937,0	0,2832912430932463
1938,0	0,29594922304731974
1939,0	0,3672216550339554
1940,0	0,36243266481223274
1941,0	0,3669963599633555
1942,0	0,36270178878232695
1943,0	0,3792204044075982
1944,0	0,3763132901874542
1945,0	0,3372592225411356
1946,0	0,3754817875495711
1947,0	0,3782622072747326
1948,0	0,4135884554969863
1949,0	0,4731315887652621
1950,0	0,46780269448146594
1951,0	0,42924589904252
1952,0	0,4575699295456537
1953,0	0,46565532890349715
1954,0	0,48141749870063805
1955,0	0,43259615173951244
1956,0	0,3982692083367136
1957,0	0,43265831211797456
1958,0	0,4633382591907798
1959,0	0,4740377192209868
1960,0	0,42964941424705644
1961,0	0,41910816150471747
1962,0	0,4204793587931081
1963,0	0,4255553148667757
1964,0	0,4471377204472822
1965,0	0,4446368350974728
1966,0	0,4423898858382967
1967,0	0,4113637911214897
1968,0	0,38223432137689134
1969,0	0,3937249244453156
1970,0	0,36706036953369026
1971,0	0,3535367691970545
1972,0	0,36197421575733235
1973,0	0,33367252526655644
1974,0	0,32614520496483784
1975,0	0,34816398495670875
1976,0	0,3281060918923187
1977,0	0,2998797647911168
1978,0	0,310143727764159
1979,0	0,2853177418994343
1980,0	0,34930488588034986
1981,0	0,3379578605507662
1982,0	0,41791015429834666
1983,0	0,35589507178662666
1984,0	0,37720008251960846
1985,0	0,3261332425436809
1986,0	0,3214935875234023
1987,0	0,38515680870333946
1988,0	0,3596678437657026
1989,0	0,32907077708331933
1990,0	0,324603011224143
1991,0	0,33409928177717757
1992,0	0,29018889217016886
1993,0	0,24287413854365766
1994,0	0,23200331119362347
1995,0	0,19215428615514
1996,0	0,1403493333675754
1997,0	0,10051989195049751
1998,0	0,15545196377729353
1999,0	0,1443641117527046
2000,0	0,17651881951915152
