N: 400,0	L: 25,0	Density:0,64	Noise: 2,0
Time	 Va	
0,0	0,03666148618610225
1,0	0,09258739736725373
2,0	0,0852988296385634
3,0	0,08359637384985596
4,0	0,061517558513853696
5,0	0,053503174599447485
6,0	0,026107352568376728
7,0	0,06961732933419233
8,0	0,05651867971743748
9,0	0,12974057964923055
10,0	0,11840618597629032
11,0	0,14636791710071384
12,0	0,13215388818703228
13,0	0,11266822547104462
14,0	0,17978881259355237
15,0	0,1772308176351953
16,0	0,10866947337804063
17,0	0,10747923387676954
18,0	0,09676794954955344
19,0	0,13283102479659442
20,0	0,18195125205786694
21,0	0,172866256772842
22,0	0,22387399606865124
23,0	0,24932894301916614
24,0	0,25698147930529347
25,0	0,2792423488582496
26,0	0,2399184639256248
27,0	0,2175113501753788
28,0	0,1964441819772383
29,0	0,2501182269829966
30,0	0,24591366671746326
31,0	0,2297020353298036
32,0	0,18903454563034708
33,0	0,20583523283003693
34,0	0,18750241377498225
35,0	0,21711853875436357
36,0	0,2098819400366212
37,0	0,2226155277327367
38,0	0,2487618697434569
39,0	0,2558970638821607
40,0	0,22839599528107438
41,0	0,19477871535113953
42,0	0,18835065871075848
43,0	0,18711485781386777
44,0	0,17061494190535292
45,0	0,10672136776745263
46,0	0,08000644088267245
47,0	0,050597200972720704
48,0	0,02839535185312609
49,0	0,05979963489014721
50,0	0,04466727270345232
51,0	0,03388280278234205
52,0	0,04270895757046579
53,0	0,05908501264491929
54,0	0,05380812306322399
55,0	0,04413850757793419
56,0	0,07495711127830455
57,0	0,05964967389329663
58,0	0,08798365470834431
59,0	0,05615740548139767
60,0	0,05320825547043433
61,0	0,07636761676499788
62,0	0,10136678138483846
63,0	0,1265586875824743
64,0	0,10272854997748262
65,0	0,09991519709528897
66,0	0,1228903215710582
67,0	0,18525171922136735
68,0	0,2079085244533803
69,0	0,24180868618619175
70,0	0,28481947099513677
71,0	0,36514260335349086
72,0	0,3698302526225255
73,0	0,3818967964169311
74,0	0,4263468083168979
75,0	0,44048800105109187
76,0	0,4879436768144106
77,0	0,49357840309051254
78,0	0,4841102407282241
79,0	0,4899199795187198
80,0	0,49556982690529144
81,0	0,4816556863502762
82,0	0,5000483121889108
83,0	0,5129611176108174
84,0	0,48574174277193055
85,0	0,45819738367998813
86,0	0,5025749146502264
87,0	0,5417497102661054
88,0	0,5300496813967677
89,0	0,5151447427525873
90,0	0,46428649430594354
91,0	0,4214465772443895
92,0	0,40657540127588565
93,0	0,4433088125484677
94,0	0,4440986304326298
95,0	0,44135106913686123
96,0	0,43249543214241526
97,0	0,4367415189367643
98,0	0,46871985769553426
99,0	0,493654720868237
100,0	0,4839223551305067
101,0	0,4979105201685029
102,0	0,5196437440011484
103,0	0,5460623669452052
104,0	0,5622105647732444
105,0	0,5614837081836608
106,0	0,5370510106430129
107,0	0,49780309177249393
108,0	0,49923347024468495
109,0	0,5374711695852098
110,0	0,5112201808144073
111,0	0,49943887323089137
112,0	0,5376225661259677
113,0	0,5432064208803454
114,0	0,5466709158689663
115,0	0,5621544518664852
116,0	0,6122155116074574
117,0	0,5619089775901556
118,0	0,5409061192537848
119,0	0,4949715405349841
120,0	0,5097101876230662
121,0	0,5221962668650841
122,0	0,5287902089889944
123,0	0,5268577465992197
124,0	0,5291268182941836
125,0	0,5471979517498963
126,0	0,5384173911281286
127,0	0,5413834401699812
128,0	0,4891038569962261
129,0	0,5114487149262062
130,0	0,4976276314429676
131,0	0,4994771832965234
132,0	0,515549031279729
133,0	0,4935296984191912
134,0	0,49985482223999983
135,0	0,5220939050064112
136,0	0,5382474183373529
137,0	0,5534265799897898
138,0	0,5983484076047532
139,0	0,5778693006538309
140,0	0,5866540276250453
141,0	0,5957907414286091
142,0	0,5999079002695551
143,0	0,6122753033972412
144,0	0,607839822132403
145,0	0,5837752137777158
146,0	0,5909516439274568
147,0	0,5878560433221958
148,0	0,5662581360513917
149,0	0,6037111146712192
150,0	0,6240855897859457
151,0	0,5971528066041857
152,0	0,562137572990487
153,0	0,5767703973938806
154,0	0,5736299219699963
155,0	0,5641228164499311
156,0	0,5298593463435299
157,0	0,5024625429644767
158,0	0,4755504105183296
159,0	0,45734406125583005
160,0	0,4120999750260777
161,0	0,47951067835376354
162,0	0,4973396812839724
163,0	0,4990455640713892
164,0	0,47943006769939134
165,0	0,49873407413617604
166,0	0,49273511479742105
167,0	0,47008025274695636
168,0	0,4561637533056802
169,0	0,5197169452962038
170,0	0,4590254159205576
171,0	0,492805604369646
172,0	0,47762494529517086
173,0	0,4803682607525561
174,0	0,46069479333408947
175,0	0,5051908193071617
176,0	0,49728356188858297
177,0	0,5080478393107494
178,0	0,5349910685680827
179,0	0,5380847826254148
180,0	0,4923045903260556
181,0	0,46685831160374075
182,0	0,5000510876274227
183,0	0,5032802630058476
184,0	0,4930931829453797
185,0	0,508257751963738
186,0	0,5320838195595295
187,0	0,5222501412491235
188,0	0,5778550056893443
189,0	0,5256989080727671
190,0	0,5560608425627673
191,0	0,5676805696603159
192,0	0,5389164767091964
193,0	0,5759687060173133
194,0	0,5911069092943165
195,0	0,5818690208129361
196,0	0,5190017460023334
197,0	0,5490438575465746
198,0	0,5570675156957232
199,0	0,5547603825132047
200,0	0,5508279039969245
201,0	0,5810108172853921
202,0	0,5825802330013183
203,0	0,6166850662931983
204,0	0,6325865720771403
205,0	0,6209998321044155
206,0	0,6739571724671372
207,0	0,6461984462049163
208,0	0,6447007465116631
209,0	0,6723850512534298
210,0	0,6558575778733058
211,0	0,6676076292142574
212,0	0,6342892140429325
213,0	0,58980654581771
214,0	0,571807521940663
215,0	0,5611393239841528
216,0	0,574433183403826
217,0	0,5968901480678194
218,0	0,644938017132542
219,0	0,6610007901339363
220,0	0,6421037543895365
221,0	0,5933273712672394
222,0	0,6109804812969757
223,0	0,5705978486107921
224,0	0,5927917448161062
225,0	0,5728934322602198
226,0	0,5598461125876976
227,0	0,5259754155324267
228,0	0,5183830788117014
229,0	0,5390581980930752
230,0	0,5292000598168289
231,0	0,5325638474412098
232,0	0,4687668310912902
233,0	0,4533545557414572
234,0	0,42870662554035904
235,0	0,48029842057991196
236,0	0,5181646220552877
237,0	0,524448868111537
238,0	0,5254831906828171
239,0	0,5300541536287796
240,0	0,54678887794771
241,0	0,5594465034043058
242,0	0,5830309967168876
243,0	0,5828000893244365
244,0	0,5582784331539596
245,0	0,5640287412109434
246,0	0,5407158379360627
247,0	0,5428505795242021
248,0	0,5448001642329228
249,0	0,5600136054894006
250,0	0,5438138904445565
251,0	0,530109549288966
252,0	0,5207223136913035
253,0	0,49469124081177074
254,0	0,46664908479862
255,0	0,5166087624519359
256,0	0,5276156825054586
257,0	0,605763052670009
258,0	0,5810349490469741
259,0	0,61036027438045
260,0	0,6255828192790254
261,0	0,6134684264971662
262,0	0,5600987478446332
263,0	0,564193677987732
264,0	0,5797807143047404
265,0	0,5273711871659247
266,0	0,5079630607503268
267,0	0,48460514466145027
268,0	0,5128167222171237
269,0	0,5239243508786384
270,0	0,5004457343323172
271,0	0,5010393742130849
272,0	0,5172681412282905
273,0	0,518805180348965
274,0	0,522744697246807
275,0	0,5352725037264393
276,0	0,5222675597806321
277,0	0,5346253572782536
278,0	0,5319590891721976
279,0	0,47847905678608255
280,0	0,46890630049843285
281,0	0,4610080184664847
282,0	0,41265905333169045
283,0	0,4251745815493485
284,0	0,4171185053687682
285,0	0,4643410717831284
286,0	0,42559512137053446
287,0	0,4774423396496322
288,0	0,4748257543338784
289,0	0,45711211695649684
290,0	0,48221305201771014
291,0	0,44943650238876287
292,0	0,3971921197385556
293,0	0,39782291777865003
294,0	0,38945689728083777
295,0	0,3552373137941929
296,0	0,29317085527867276
297,0	0,3116753593320473
298,0	0,3162632520395678
299,0	0,3155930719369755
300,0	0,33398887039814185
301,0	0,3291227857357456
302,0	0,37296593657553323
303,0	0,3986928391126478
304,0	0,4224336950551776
305,0	0,44542650519532406
306,0	0,38970800927594496
307,0	0,4380884919227221
308,0	0,4746069523486381
309,0	0,46679963069935937
310,0	0,47799356559435596
311,0	0,488609724422006
312,0	0,4654255952763594
313,0	0,46909847513344627
314,0	0,48891051215656806
315,0	0,5221765499400427
316,0	0,5592394320955306
317,0	0,5485408702268064
318,0	0,49927208518156313
319,0	0,5520227618244394
320,0	0,5244387139844046
321,0	0,4866557536226829
322,0	0,4736759647613643
323,0	0,39599291878258386
324,0	0,3428884370563002
325,0	0,32619468355915393
326,0	0,3456703561476026
327,0	0,32189847786052445
328,0	0,2994820608021208
329,0	0,23946978274114636
330,0	0,24708023189319606
331,0	0,1541153435971185
332,0	0,18575856584339664
333,0	0,1911023352884783
334,0	0,21946173493288362
335,0	0,2167347982464886
336,0	0,21047068947318
337,0	0,20347525803826905
338,0	0,1987764634692005
339,0	0,2836116967112255
340,0	0,22870193055263913
341,0	0,1976058150075495
342,0	0,15507739876791432
343,0	0,18473429560831714
344,0	0,22184951557398955
345,0	0,21542007226273688
346,0	0,3121371262126116
347,0	0,3534265657244912
348,0	0,36257407886081655
349,0	0,4194460222092514
350,0	0,4358327425491071
351,0	0,39722493694967237
352,0	0,37815729798265046
353,0	0,4538337984417471
354,0	0,44114242498031797
355,0	0,4104054858067763
356,0	0,4460018997742843
357,0	0,4598708314367551
358,0	0,45316778062559493
359,0	0,48023325232992775
360,0	0,4936789016185951
361,0	0,5036353620783327
362,0	0,5280863861807311
363,0	0,5216692881898851
364,0	0,526494207692992
365,0	0,5095645764865184
366,0	0,500539611776856
367,0	0,5365170087690004
368,0	0,5467539520722079
369,0	0,5436871932281296
370,0	0,604321710745565
371,0	0,6013477414308884
372,0	0,6248641387102576
373,0	0,6277595150501167
374,0	0,5970783930903857
375,0	0,6135767457949395
376,0	0,5694383728801182
377,0	0,5505220983518317
378,0	0,5485848052652219
379,0	0,5440219209078989
380,0	0,5188288731619067
381,0	0,5392396990026123
382,0	0,5414571686831
383,0	0,5215556945200714
384,0	0,5176285782335142
385,0	0,4861232816848359
386,0	0,46182600749182756
387,0	0,48111531149317255
388,0	0,4755593580710892
389,0	0,4759605412990287
390,0	0,5316148833410896
391,0	0,5445352887863566
392,0	0,5535263432304209
393,0	0,5483316916417916
394,0	0,511705751960569
395,0	0,5669180761363496
396,0	0,5988593999900017
397,0	0,5979786383086989
398,0	0,5974827282526193
399,0	0,5749648924605117
400,0	0,5194789926986436
401,0	0,49807743786785075
402,0	0,5067884216260191
403,0	0,5336381937515485
404,0	0,5116321126826696
405,0	0,45335462691844997
406,0	0,4802217837587627
407,0	0,46476522490278194
408,0	0,47408502691478877
409,0	0,4400273154517072
410,0	0,39808825916740737
411,0	0,36675447337424055
412,0	0,3149888766321721
413,0	0,29319832045904376
414,0	0,33826645188778126
415,0	0,3017513683744216
416,0	0,270184195292941
417,0	0,3036789362460757
418,0	0,22944070239706982
419,0	0,21916034328129846
420,0	0,2380910967087251
421,0	0,25168626436557406
422,0	0,28414231585910305
423,0	0,34577206704291125
424,0	0,2981134142692345
425,0	0,28006969975775137
426,0	0,29508946616798715
427,0	0,31384014061268517
428,0	0,277575100058372
429,0	0,2466645506957058
430,0	0,22063626301407097
431,0	0,22545549509169113
432,0	0,2110338952511919
433,0	0,26324408099251295
434,0	0,24177720055242993
435,0	0,2843415862426556
436,0	0,2756134367866901
437,0	0,2533016389813868
438,0	0,19235743233623123
439,0	0,18671597987206426
440,0	0,16246958416576435
441,0	0,19418448351239978
442,0	0,21663007897262593
443,0	0,21763240295688896
444,0	0,23922916203489406
445,0	0,2562570444335297
446,0	0,26714771027924006
447,0	0,2313323056196725
448,0	0,2573634425050881
449,0	0,25174169908001315
450,0	0,22857151591128227
451,0	0,20367433356423492
452,0	0,1667403122805567
453,0	0,19546425821858132
454,0	0,16908137604873072
455,0	0,16574033856311685
456,0	0,1941950497150213
457,0	0,24786934983129688
458,0	0,2840521765966486
459,0	0,2556118834450369
460,0	0,24768599118855647
461,0	0,28908887072681877
462,0	0,30947424954846464
463,0	0,3741789274373982
464,0	0,3872819781055462
465,0	0,4369962419221713
466,0	0,36205174196696266
467,0	0,41765096073297214
468,0	0,4744675624611886
469,0	0,5285400045660167
470,0	0,5026074284365162
471,0	0,51469662183245
472,0	0,5091600519660533
473,0	0,5174382638435471
474,0	0,5456798695928569
475,0	0,5577973208608683
476,0	0,5649560250609632
477,0	0,5676656462239434
478,0	0,5773262517971961
479,0	0,576268276669534
480,0	0,5968890855464163
481,0	0,59095161363957
482,0	0,594213395255898
483,0	0,6016106825847307
484,0	0,618629060304394
485,0	0,6230644319425538
486,0	0,5745075295927012
487,0	0,5812881546373992
488,0	0,5831714334670722
489,0	0,5581746580244663
490,0	0,5933748640520147
491,0	0,5846623703451713
492,0	0,5759161951876999
493,0	0,5704296531084215
494,0	0,5481305381011653
495,0	0,516003458060123
496,0	0,5221726709547936
497,0	0,49621769391511633
498,0	0,5131484465155344
499,0	0,5167996738804019
500,0	0,5181065941538189
501,0	0,50714962877201
502,0	0,5343080356272544
503,0	0,5272948356858461
504,0	0,5486857597874024
505,0	0,5202239259759075
506,0	0,5176177466396339
507,0	0,5094816516598567
508,0	0,5495517722435757
509,0	0,5367321108035301
510,0	0,5518256431639745
511,0	0,5708763843284301
512,0	0,5586706843491457
513,0	0,5718121352664963
514,0	0,5739511755449684
515,0	0,5594571874754687
516,0	0,6038651440696178
517,0	0,5930080710889969
518,0	0,5957591549756049
519,0	0,5904641790040819
520,0	0,5890866519175371
521,0	0,5982688642879757
522,0	0,6102178795881137
523,0	0,6580702045804708
524,0	0,654604115820911
525,0	0,6265265693885544
526,0	0,6251849890585013
527,0	0,5993129972368472
528,0	0,5609576221615681
529,0	0,5871754658721527
530,0	0,5897604060871439
531,0	0,6187674986705022
532,0	0,6358423149132105
533,0	0,6316162553254023
534,0	0,6658402143759335
535,0	0,6475895416805416
536,0	0,6516402574958733
537,0	0,6566479629386499
538,0	0,6363092334749858
539,0	0,6182897760840722
540,0	0,6348484657355383
541,0	0,6175875298748716
542,0	0,6458413281434027
543,0	0,6442484725528672
544,0	0,6611005869330266
545,0	0,6399327392251941
546,0	0,6582487163054623
547,0	0,6340448245296185
548,0	0,6454371330876484
549,0	0,6554586791536531
550,0	0,6463286961896733
551,0	0,6675558171956641
552,0	0,6541234176539389
553,0	0,6600298239371163
554,0	0,6778888672303415
555,0	0,6507194924922945
556,0	0,6514780837743207
557,0	0,6511261249392347
558,0	0,6387651972190169
559,0	0,6223669881891332
560,0	0,6550546181810419
561,0	0,6616155930498936
562,0	0,6508215310145873
563,0	0,6510318012711179
564,0	0,6485870704470826
565,0	0,6265414756432883
566,0	0,661377649651278
567,0	0,6230831063264618
568,0	0,6118679029204886
569,0	0,6009425035445992
570,0	0,6065700785935917
571,0	0,6526881613677423
572,0	0,6233211430310241
573,0	0,6217509119638039
574,0	0,6470391090847526
575,0	0,6678406681004646
576,0	0,6650752012505419
577,0	0,6152897574347065
578,0	0,6305509077967402
579,0	0,6134070168919709
580,0	0,6111101426785688
581,0	0,6212894821732289
582,0	0,5987109405640004
583,0	0,5993648386923726
584,0	0,6420045139493854
585,0	0,6253067133694369
586,0	0,5793508789723577
587,0	0,612173104610445
588,0	0,6402826935262824
589,0	0,645010264633265
590,0	0,651626017191824
591,0	0,6297862610092122
592,0	0,6503753094504093
593,0	0,6718943513756239
594,0	0,6750475781305673
595,0	0,6609089508078547
596,0	0,6548530169455173
597,0	0,6652898348856376
598,0	0,6473396511290833
599,0	0,6578685337930156
600,0	0,683451146419781
601,0	0,6823188186518822
602,0	0,667852280864757
603,0	0,6472647495400623
604,0	0,659619612992161
605,0	0,6869624036552853
606,0	0,6979977496698564
607,0	0,6633323149242282
608,0	0,6898403495109274
609,0	0,687530229553741
610,0	0,6903717950794811
611,0	0,6770654943264239
612,0	0,6733443401501008
613,0	0,6403817580305403
614,0	0,6205048389834947
615,0	0,5747254750417033
616,0	0,5608967785504918
617,0	0,5674538116257077
618,0	0,5218385157290741
619,0	0,5906520343671117
620,0	0,5747852162078492
621,0	0,5989257649196122
622,0	0,5848174531352884
623,0	0,5727706567598013
624,0	0,5790548229053739
625,0	0,5152964222552441
626,0	0,49815849544897733
627,0	0,45653528565590445
628,0	0,40682188255151
629,0	0,42982491567743064
630,0	0,46438443693039255
631,0	0,46696017191458233
632,0	0,5007851669735791
633,0	0,49777899361429156
634,0	0,4131706356703056
635,0	0,4038346332478819
636,0	0,36597859240242586
637,0	0,33056094999673713
638,0	0,3545069758662048
639,0	0,3506075631122007
640,0	0,3892320197694176
641,0	0,4112262244187335
642,0	0,46850517746874304
643,0	0,4669213024358551
644,0	0,4573278199666303
645,0	0,4598829831281534
646,0	0,4555004500903735
647,0	0,4781744026307138
648,0	0,4714901691364567
649,0	0,473424886211513
650,0	0,543986529759599
651,0	0,549522962841097
652,0	0,5447770592676264
653,0	0,5625860526864105
654,0	0,556054481997791
655,0	0,5338209789325588
656,0	0,5319620292123016
657,0	0,5412143611262596
658,0	0,5682255354983291
659,0	0,5772328247755533
660,0	0,5934578582716656
661,0	0,5760355462892145
662,0	0,5751443792008091
663,0	0,5868080653967453
664,0	0,5538480205277867
665,0	0,5274781702551123
666,0	0,5496827879019305
667,0	0,534709620210487
668,0	0,5233287167830791
669,0	0,48646316185330746
670,0	0,5510369740478112
671,0	0,5475578257024988
672,0	0,5157368179029708
673,0	0,5010566961348923
674,0	0,5345776611320393
675,0	0,5479291601871258
676,0	0,5556913466264949
677,0	0,563447090815803
678,0	0,5960966726403636
679,0	0,5843985880192659
680,0	0,560313099200324
681,0	0,5740012416866449
682,0	0,5550935635608897
683,0	0,5393183920417408
684,0	0,5718735963286453
685,0	0,5545436372129846
686,0	0,5212950010204253
687,0	0,5316632299505145
688,0	0,5016791893304396
689,0	0,5126013292372645
690,0	0,5450076128007427
691,0	0,510322588108976
692,0	0,49005145195201544
693,0	0,437179752743282
694,0	0,45228376763400685
695,0	0,4520288480321181
696,0	0,4610459230722414
697,0	0,42041579419334246
698,0	0,4678524994473976
699,0	0,43308525198833886
700,0	0,48107672981227834
701,0	0,44651829213398997
702,0	0,49286831975926076
703,0	0,44453150318893814
704,0	0,4115289444966176
705,0	0,33736855756277995
706,0	0,3811006298266542
707,0	0,4235748850141864
708,0	0,38364701565041465
709,0	0,43491344516957364
710,0	0,4151095762016369
711,0	0,45063049281661
712,0	0,4461862895475036
713,0	0,45412062822050797
714,0	0,49097478988170623
715,0	0,4635231334077034
716,0	0,4809834056284788
717,0	0,4786599757032442
718,0	0,4620705882756041
719,0	0,47132610957746407
720,0	0,4811377605935646
721,0	0,46185477125891505
722,0	0,40892387911224765
723,0	0,4122483898146292
724,0	0,42469232137681395
725,0	0,4408691725214443
726,0	0,4283591916384998
727,0	0,44174623322538314
728,0	0,4514902502314756
729,0	0,4516397206172233
730,0	0,5156173886596067
731,0	0,5337279911798454
732,0	0,5365872691526334
733,0	0,5449877943177271
734,0	0,5224148606502956
735,0	0,5207111817776906
736,0	0,5227391254974041
737,0	0,4954013028479798
738,0	0,4631190495632899
739,0	0,4439978200958674
740,0	0,42578597299075577
741,0	0,4440442621791003
742,0	0,4420390289850251
743,0	0,44048507441436624
744,0	0,4404549587451514
745,0	0,5017046663149363
746,0	0,5473532615924854
747,0	0,5755775522039589
748,0	0,6131556063912866
749,0	0,5557795109122974
750,0	0,5344036207730856
751,0	0,5660874099897615
752,0	0,5803976182064549
753,0	0,5551509441695296
754,0	0,5627368768859177
755,0	0,5572302572208342
756,0	0,5917745371549408
757,0	0,5529457995116948
758,0	0,5474666563438476
759,0	0,5388083802621819
760,0	0,5200393214021437
761,0	0,48419119706791
762,0	0,4679999603376773
763,0	0,4847913962879502
764,0	0,4763149873788343
765,0	0,4778653259237979
766,0	0,5014408642653005
767,0	0,4934827299888746
768,0	0,4603864248107586
769,0	0,5114374950465709
770,0	0,5236478580619743
771,0	0,5378789926928839
772,0	0,5560031011387335
773,0	0,5873825733466809
774,0	0,5609043718170265
775,0	0,5334503702183232
776,0	0,5428586254594815
777,0	0,5413003884951891
778,0	0,5443669063743763
779,0	0,5294763723104661
780,0	0,5150916924357984
781,0	0,4772128610735294
782,0	0,4928260014708376
783,0	0,5162143952952485
784,0	0,5063545379243988
785,0	0,5131592189932046
786,0	0,5248930962671776
787,0	0,5182134775174662
788,0	0,5177535049306744
789,0	0,5348799548967401
790,0	0,5155010123138325
791,0	0,4619028282413089
792,0	0,536577962560584
793,0	0,5431016715631901
794,0	0,5318619157246498
795,0	0,5395109221236953
796,0	0,5783494673531682
797,0	0,568812769442051
798,0	0,6002201577354286
799,0	0,5991903513373076
800,0	0,6349316994386125
801,0	0,6161344804188121
802,0	0,6415390890931505
803,0	0,6736045705310367
804,0	0,6644214570243622
805,0	0,6888173514478283
806,0	0,6845589382197378
807,0	0,6606962518764393
808,0	0,6175780476881269
809,0	0,6534815896712132
810,0	0,6160381263221909
811,0	0,6302893611163749
812,0	0,603746024458273
813,0	0,5762841026140708
814,0	0,5312560377845991
815,0	0,5443355333199171
816,0	0,5498529649026256
817,0	0,5259728653698208
818,0	0,5381370119587348
819,0	0,5615009428895541
820,0	0,5862643812626949
821,0	0,5941374877246497
822,0	0,6041218188110438
823,0	0,599393145653604
824,0	0,6114486856676858
825,0	0,5995989812208983
826,0	0,5851716574492912
827,0	0,5370049611497737
828,0	0,5128803304618316
829,0	0,48130135286437664
830,0	0,46961118187856127
831,0	0,43961850385621976
832,0	0,48756279665654956
833,0	0,4588191042144259
834,0	0,4107186902543342
835,0	0,4178551866318309
836,0	0,44000912295737055
837,0	0,43926384004784264
838,0	0,44465688870690495
839,0	0,4588437978908801
840,0	0,5309018475437487
841,0	0,5330036288403385
842,0	0,5306580627500516
843,0	0,505875036348566
844,0	0,4898421886413071
845,0	0,474117992533543
846,0	0,48248841643648893
847,0	0,45314233218767275
848,0	0,4778612559221342
849,0	0,4549168241356039
850,0	0,4537605244779572
851,0	0,46635380170862795
852,0	0,47839583508718575
853,0	0,4598791504491165
854,0	0,4672710643551159
855,0	0,4419195683919742
856,0	0,45406170428269516
857,0	0,45636085605454263
858,0	0,4400212123969418
859,0	0,43987514064880107
860,0	0,4576040971041262
861,0	0,48726779685056554
862,0	0,5255455706294699
863,0	0,5443750656421124
864,0	0,5105153647245874
865,0	0,5276012865888974
866,0	0,5405253297804173
867,0	0,548049292187078
868,0	0,5299348773726826
869,0	0,5134019758558385
870,0	0,4972729240386896
871,0	0,4586384219171808
872,0	0,4612574551732333
873,0	0,4317946622573884
874,0	0,44557459107126474
875,0	0,42202642724574063
876,0	0,45001750228028087
877,0	0,47132971357805303
878,0	0,4558995669654255
879,0	0,41299859815512835
880,0	0,4517132292592741
881,0	0,4030458178919277
882,0	0,3894098215741141
883,0	0,4176211283785018
884,0	0,4540567079784408
885,0	0,4691756078615647
886,0	0,4751641069956028
887,0	0,4876508695396933
888,0	0,47322900615217606
889,0	0,5006306994981023
890,0	0,5386008162852552
891,0	0,5056033395254297
892,0	0,5051061174420549
893,0	0,5405081427778278
894,0	0,5735742871520526
895,0	0,5440038644813964
896,0	0,5212530266584963
897,0	0,46875622226229424
898,0	0,47427114108753393
899,0	0,46641957910712584
900,0	0,4666208494801513
901,0	0,47287989444770556
902,0	0,436651897880512
903,0	0,4261266223142171
904,0	0,40249856459567923
905,0	0,41503749053119243
906,0	0,435168800215942
907,0	0,43480626860263205
908,0	0,46002353936178925
909,0	0,45507036211269913
910,0	0,4739550104100106
911,0	0,46175174778457995
912,0	0,4499856681130968
913,0	0,45174219223652134
914,0	0,41459097980409526
915,0	0,4166663303160416
916,0	0,45627627100996365
917,0	0,4412228457390284
918,0	0,4685554707510951
919,0	0,48759068394971894
920,0	0,4841292000916812
921,0	0,49038151168856786
922,0	0,5255876903585468
923,0	0,5440341577278941
924,0	0,5656888226047952
925,0	0,5665634731277603
926,0	0,5521906410721992
927,0	0,5370627009757634
928,0	0,5280656781592695
929,0	0,5493111712858216
930,0	0,5587183289859633
931,0	0,5374270643008336
932,0	0,5094431080242467
933,0	0,5158995195773141
934,0	0,4848456823321944
935,0	0,5003584937696329
936,0	0,5394574879677013
937,0	0,5434729739674309
938,0	0,540096840714002
939,0	0,5367309902479442
940,0	0,5354589418710652
941,0	0,5339020776616279
942,0	0,5395665734635146
943,0	0,5645988797935875
944,0	0,554221057574759
945,0	0,5851784886786048
946,0	0,6010112049927469
947,0	0,5674076169767146
948,0	0,5597317888716422
949,0	0,5542399967465599
950,0	0,5560182990572357
951,0	0,5173763043638211
952,0	0,5402451667997913
953,0	0,5035961895435278
954,0	0,4974262156200206
955,0	0,4964715886776286
956,0	0,48649981252951896
957,0	0,481511194560783
958,0	0,49432270265165107
959,0	0,5160059943170954
960,0	0,5265199189821907
961,0	0,5160966193957507
962,0	0,5363712679632189
963,0	0,5120908393751521
964,0	0,4951787870820409
965,0	0,5336826101286579
966,0	0,5241258903161649
967,0	0,5615579372021847
968,0	0,5605339351778994
969,0	0,5784186733722675
970,0	0,5571119154325678
971,0	0,5171061258837178
972,0	0,5108724062814308
973,0	0,5484881178213772
974,0	0,5497697630748937
975,0	0,5844614087238753
976,0	0,5719571531797594
977,0	0,5680123637539548
978,0	0,5727336285678493
979,0	0,5790870895846044
980,0	0,611816526048824
981,0	0,6206793241137525
982,0	0,6112574461951799
983,0	0,6091940839521933
984,0	0,5945218531643032
985,0	0,5942473663746711
986,0	0,6070904379236054
987,0	0,5654018826516634
988,0	0,5562082833626284
989,0	0,5600310099194848
990,0	0,5377960883093554
991,0	0,5415914532856431
992,0	0,5422794441672028
993,0	0,5236374416242137
994,0	0,5148541913548897
995,0	0,4938483320531798
996,0	0,46455768655233487
997,0	0,4638066336667244
998,0	0,4504176433124916
999,0	0,430610653014111
1000,0	0,343181508060821
1001,0	0,36596306666818224
1002,0	0,3201202129373085
1003,0	0,32348685584140147
1004,0	0,2710364458978816
1005,0	0,3003508905560222
1006,0	0,35499995628584785
1007,0	0,3806855668123947
1008,0	0,3808807860237661
1009,0	0,39103468354745174
1010,0	0,40795379812893773
1011,0	0,40632537035808725
1012,0	0,413441931052233
1013,0	0,42926513844861447
1014,0	0,4695184562680479
1015,0	0,4325351444117597
1016,0	0,4424336539945911
1017,0	0,4324363417887264
1018,0	0,41122348307308354
1019,0	0,42611414502242917
1020,0	0,4176251028702983
1021,0	0,34279362544563996
1022,0	0,34703115219641967
1023,0	0,3303185366917216
1024,0	0,35175998150368043
1025,0	0,2797975991686717
1026,0	0,26378701033648977
1027,0	0,24472379440875286
1028,0	0,21491883373178514
1029,0	0,22735104039327042
1030,0	0,2173255052518411
1031,0	0,24463017398084963
1032,0	0,22534761204970652
1033,0	0,3019333393285061
1034,0	0,3483727494730273
1035,0	0,4265028304170561
1036,0	0,3860473991493037
1037,0	0,32693946569818105
1038,0	0,3996856865434122
1039,0	0,3967439227349424
1040,0	0,4256635028627183
1041,0	0,4816630374236089
1042,0	0,4988945040118311
1043,0	0,478512658340907
1044,0	0,507839315043142
1045,0	0,5377360291064922
1046,0	0,5245067163144544
1047,0	0,5333668207096837
1048,0	0,5616934768507219
1049,0	0,574660526346966
1050,0	0,6154957905921122
1051,0	0,5903197642922453
1052,0	0,5804384688898911
1053,0	0,6012924410559192
1054,0	0,5819407923621094
1055,0	0,5660010991161875
1056,0	0,596811529558352
1057,0	0,5957543937795066
1058,0	0,5344299094527153
1059,0	0,5244499521111803
1060,0	0,5059765299967538
1061,0	0,49433455425654116
1062,0	0,4992434853629615
1063,0	0,508044432628349
1064,0	0,4712154167327472
1065,0	0,4990412752649329
1066,0	0,5004157120132502
1067,0	0,47261442599404296
1068,0	0,48180535505749233
1069,0	0,4661133542824982
1070,0	0,5076096766911374
1071,0	0,5456161373196273
1072,0	0,5585373247196266
1073,0	0,5616612125160485
1074,0	0,5207646685892374
1075,0	0,4946715168717851
1076,0	0,5046700172349611
1077,0	0,48841632944521013
1078,0	0,5045869916675966
1079,0	0,5343044736236447
1080,0	0,5335185595069913
1081,0	0,4942302232121775
1082,0	0,45361990312792844
1083,0	0,4220101460925171
1084,0	0,4109315717153285
1085,0	0,43617601752928414
1086,0	0,49108109760862517
1087,0	0,52260138653727
1088,0	0,5389216493967101
1089,0	0,5239945155374431
1090,0	0,5548986767184998
1091,0	0,5326083954501092
1092,0	0,519058424318792
1093,0	0,5125661790949565
1094,0	0,45953472358475356
1095,0	0,4227915255670886
1096,0	0,3953030450219917
1097,0	0,48619432626945913
1098,0	0,5026136309270122
1099,0	0,48110914254829135
1100,0	0,47231181789597493
1101,0	0,5028445883327373
1102,0	0,5478978320975745
1103,0	0,5026462587012506
1104,0	0,5278891078913875
1105,0	0,5276731850595263
1106,0	0,5393428687483479
1107,0	0,552917047664599
1108,0	0,5106216465378057
1109,0	0,5015196297072992
1110,0	0,47734579197645105
1111,0	0,46670818403370135
1112,0	0,45974517365591955
1113,0	0,4271650800089182
1114,0	0,4023920168920402
1115,0	0,3824127193737068
1116,0	0,357426401190945
1117,0	0,3260802152804986
1118,0	0,32350141754582595
1119,0	0,32534920022002406
1120,0	0,3094910561585629
1121,0	0,2858762370148583
1122,0	0,327604806483305
1123,0	0,34684846322643526
1124,0	0,3477105308517684
1125,0	0,3330644525733296
1126,0	0,3304116759587343
1127,0	0,3892410052284217
1128,0	0,4122596457709611
1129,0	0,43462120706552726
1130,0	0,4019016080256281
1131,0	0,38245891244285524
1132,0	0,3872950489185523
1133,0	0,4409371423711699
1134,0	0,3963578208298835
1135,0	0,3835439439277592
1136,0	0,4113237669360912
1137,0	0,37696292349260846
1138,0	0,3798670956529663
1139,0	0,3292171149004217
1140,0	0,24733318430015547
1141,0	0,2225424932896232
1142,0	0,20838105414908997
1143,0	0,17932189732021803
1144,0	0,1891400584000794
1145,0	0,15002910726326196
1146,0	0,16830326705132093
1147,0	0,06317512845669325
1148,0	0,05482791613474107
1149,0	0,034592504711964865
1150,0	0,08134957823173869
1151,0	0,07523899320889822
1152,0	0,1401322037936535
1153,0	0,08175579216041574
1154,0	0,09049054390702678
1155,0	0,1214701147631406
1156,0	0,1442493704843586
1157,0	0,1902344955741658
1158,0	0,19341321853717658
1159,0	0,2255819367633444
1160,0	0,21461220263024838
1161,0	0,19730336464272982
1162,0	0,20643484331267475
1163,0	0,21627729684352198
1164,0	0,21514197831582202
1165,0	0,23122284137999802
1166,0	0,25795528305259147
1167,0	0,2383409893269194
1168,0	0,2648610331121516
1169,0	0,2632167734695696
1170,0	0,28074049219671576
1171,0	0,2950807429930469
1172,0	0,3022016008361804
1173,0	0,3213748311318353
1174,0	0,3149289865625006
1175,0	0,22550665761319716
1176,0	0,26760154486442045
1177,0	0,2250606412187583
1178,0	0,19006447275110677
1179,0	0,17672933110943373
1180,0	0,15217238929178342
1181,0	0,15404176572318876
1182,0	0,13205429634563667
1183,0	0,13537912219809334
1184,0	0,16138268712501347
1185,0	0,15560539461824932
1186,0	0,14460546809218736
1187,0	0,1463677214975972
1188,0	0,17399476533249622
1189,0	0,22467551835881985
1190,0	0,22701142561971663
1191,0	0,23369432063493126
1192,0	0,22865144232998322
1193,0	0,2803647425382474
1194,0	0,296056348859823
1195,0	0,27669490309136385
1196,0	0,27831811316458643
1197,0	0,33721892823991734
1198,0	0,3510726142082457
1199,0	0,35266770756273647
1200,0	0,33203725568488357
1201,0	0,36687877235146443
1202,0	0,36764822889043497
1203,0	0,40500145928154596
1204,0	0,4318519509573637
1205,0	0,4378081337045922
1206,0	0,45121724559262794
1207,0	0,4606310924637943
1208,0	0,43973400014629366
1209,0	0,4493555429834801
1210,0	0,4710734299378658
1211,0	0,43599909894151667
1212,0	0,3959610360971887
1213,0	0,3603993529037764
1214,0	0,3510571076370138
1215,0	0,4032102451818596
1216,0	0,38243274297867297
1217,0	0,38247913161360775
1218,0	0,3588550489418206
1219,0	0,40225855456476994
1220,0	0,4143835769779757
1221,0	0,4519419321984728
1222,0	0,4617768119789139
1223,0	0,48070519133416617
1224,0	0,48016804247025363
1225,0	0,47077191915706496
1226,0	0,4533821840313831
1227,0	0,4636345048706064
1228,0	0,4708189268479515
1229,0	0,406403298231836
1230,0	0,3784992727667227
1231,0	0,40338872256514546
1232,0	0,35495042507025737
1233,0	0,31241574005081973
1234,0	0,31852933428271757
1235,0	0,3488887119224104
1236,0	0,40102467157704774
1237,0	0,3745703427807297
1238,0	0,4155154501976543
1239,0	0,40941205921034596
1240,0	0,37840958572186667
1241,0	0,3934555165528379
1242,0	0,4252794269580355
1243,0	0,37835524207851595
1244,0	0,36964135474578236
1245,0	0,39932759776730503
1246,0	0,3986736515279648
1247,0	0,41985436064988624
1248,0	0,42418406177924195
1249,0	0,4584644206850473
1250,0	0,46156939744842057
1251,0	0,4662035151006289
1252,0	0,4015033573945572
1253,0	0,3917939639812373
1254,0	0,4359653029468918
1255,0	0,47674929780469116
1256,0	0,48960703091135344
1257,0	0,44647035567430404
1258,0	0,41390532841706557
1259,0	0,38864878077958476
1260,0	0,3854528287155542
1261,0	0,3844410670478434
1262,0	0,3994642557713814
1263,0	0,4239093565003883
1264,0	0,42816990279954026
1265,0	0,3726715223893241
1266,0	0,3207658154799352
1267,0	0,26979963330754564
1268,0	0,29871486789958457
1269,0	0,34529176942136064
1270,0	0,36934531643264207
1271,0	0,3750101600549091
1272,0	0,404225010114094
1273,0	0,43256562424409223
1274,0	0,43846017740722515
1275,0	0,4091520231944711
1276,0	0,40417153908719944
1277,0	0,4356510041936186
1278,0	0,4349452729308471
1279,0	0,4284595201819584
1280,0	0,3861547651229715
1281,0	0,3965047411743149
1282,0	0,39603399557171304
1283,0	0,4078119612681647
1284,0	0,4661511276723184
1285,0	0,4680864121830807
1286,0	0,4738685677077167
1287,0	0,4828685411721322
1288,0	0,5235340150871488
1289,0	0,5331622996714348
1290,0	0,5427095613370428
1291,0	0,5883844102400609
1292,0	0,5942358907297628
1293,0	0,5820478463233162
1294,0	0,5859521784329659
1295,0	0,5939139147189609
1296,0	0,6218883785406565
1297,0	0,6303439016427397
1298,0	0,6476590191207041
1299,0	0,6264736712246513
1300,0	0,6564880649566585
1301,0	0,649134984209345
1302,0	0,6442267305151318
1303,0	0,6686303495463385
1304,0	0,6782555341265185
1305,0	0,6139078672907721
1306,0	0,5790775397151146
1307,0	0,5353675652271748
1308,0	0,5211471787300774
1309,0	0,5764974157892181
1310,0	0,5927762877816388
1311,0	0,6223510854054434
1312,0	0,5980070312262218
1313,0	0,6283063754705143
1314,0	0,6073906062225458
1315,0	0,5847694122628938
1316,0	0,6123258793422071
1317,0	0,6020552061096833
1318,0	0,5764543089891021
1319,0	0,5418768195490564
1320,0	0,5696804917281799
1321,0	0,5971997401149094
1322,0	0,5633602904381096
1323,0	0,5460122170905247
1324,0	0,5093548038085756
1325,0	0,5260085747753396
1326,0	0,5586369893846185
1327,0	0,5250251120371261
1328,0	0,5086352493413387
1329,0	0,5105363257801829
1330,0	0,5041626944504355
1331,0	0,48394330418132964
1332,0	0,4767712519335746
1333,0	0,4959123890374594
1334,0	0,4935958582140999
1335,0	0,4674669067872274
1336,0	0,487745199050796
1337,0	0,4403227845585807
1338,0	0,46585720657251095
1339,0	0,43794435573088547
1340,0	0,4941286094986489
1341,0	0,5231451549170744
1342,0	0,5268804029675823
1343,0	0,5394349490268192
1344,0	0,5106490095694359
1345,0	0,473270526492447
1346,0	0,4560060810537866
1347,0	0,4864526051243175
1348,0	0,45996429365531194
1349,0	0,4500249671910964
1350,0	0,4994135078673308
1351,0	0,4708883785088164
1352,0	0,45133512621230415
1353,0	0,42321723323987004
1354,0	0,3541690842771181
1355,0	0,34159720296145923
1356,0	0,3086028516794857
1357,0	0,3155375295768542
1358,0	0,3014181370191347
1359,0	0,26322883682530546
1360,0	0,24641861841790036
1361,0	0,2498290063564338
1362,0	0,25096750258762607
1363,0	0,21963920759841418
1364,0	0,2559745058207076
1365,0	0,29889654543877037
1366,0	0,282439259418134
1367,0	0,27272638788249987
1368,0	0,2074294752610947
1369,0	0,21818391941097606
1370,0	0,18431224477520308
1371,0	0,2824958708676919
1372,0	0,2819245488635681
1373,0	0,307716118528038
1374,0	0,3473957961198678
1375,0	0,30303251019665023
1376,0	0,3120297532062967
1377,0	0,26904978049856215
1378,0	0,23150549518368158
1379,0	0,22834218290799105
1380,0	0,26136213059882796
1381,0	0,27040141034435744
1382,0	0,3129152627645289
1383,0	0,3563293791600096
1384,0	0,3761427670243058
1385,0	0,4239897740475783
1386,0	0,43259091623247886
1387,0	0,4142663853811185
1388,0	0,41994610493420725
1389,0	0,43004929264733466
1390,0	0,4172924214285777
1391,0	0,39628556722530794
1392,0	0,3788097382022834
1393,0	0,4230463358565431
1394,0	0,41418024821473715
1395,0	0,4054109678103639
1396,0	0,4133381413803007
1397,0	0,4561136118253737
1398,0	0,48511549680033017
1399,0	0,4742678437045117
1400,0	0,48239073771732505
1401,0	0,46803472753087344
1402,0	0,46771474259991613
1403,0	0,5031794840886488
1404,0	0,5086536339449022
1405,0	0,5379313594300356
1406,0	0,590624195861435
1407,0	0,6179511326907856
1408,0	0,6118313913647716
1409,0	0,5889771344968576
1410,0	0,6016291185573933
1411,0	0,6153793486968164
1412,0	0,594594082628078
1413,0	0,5921291487495289
1414,0	0,5568845398271838
1415,0	0,5699681599854259
1416,0	0,5605031718806825
1417,0	0,5334199109258287
1418,0	0,5416437373559825
1419,0	0,5381614102516451
1420,0	0,5147752448939827
1421,0	0,47782845036275007
1422,0	0,4483152711120911
1423,0	0,45338839268713343
1424,0	0,41983728667751913
1425,0	0,38968668685032093
1426,0	0,4070828239306322
1427,0	0,398514863195876
1428,0	0,39622228169420315
1429,0	0,395338809495011
1430,0	0,3737250695551791
1431,0	0,3485991282145805
1432,0	0,3437928445956558
1433,0	0,34525294091441494
1434,0	0,3893642754890717
1435,0	0,4061615576192114
1436,0	0,3956643384218426
1437,0	0,3903045897021463
1438,0	0,4295908013404089
1439,0	0,3926624941873191
1440,0	0,38813610038683327
1441,0	0,400334593580011
1442,0	0,3955135635553362
1443,0	0,38384919548343743
1444,0	0,3784331956121275
1445,0	0,36938343695170023
1446,0	0,3739666823284874
1447,0	0,40790127783449814
1448,0	0,4341440033432614
1449,0	0,4766904644104453
1450,0	0,45144588182810536
1451,0	0,46507560165747497
1452,0	0,4804441879297237
1453,0	0,5088693959928435
1454,0	0,5375091332880573
1455,0	0,5012259420665652
1456,0	0,5028400997475897
1457,0	0,5332980545815079
1458,0	0,5341876698525778
1459,0	0,5257793279956561
1460,0	0,5513295698452328
1461,0	0,537022651661275
1462,0	0,5035080466868824
1463,0	0,4468351992710512
1464,0	0,4619625928524116
1465,0	0,45610934403210546
1466,0	0,5019488042647441
1467,0	0,5031834067873746
1468,0	0,4848670825150475
1469,0	0,48615299742244444
1470,0	0,5078848365571023
1471,0	0,5222500515047798
1472,0	0,5044592534487525
1473,0	0,48847198370924144
1474,0	0,49243871358874514
1475,0	0,517354840977208
1476,0	0,5108711692120099
1477,0	0,5556831269747969
1478,0	0,5431307539874377
1479,0	0,524514625047758
1480,0	0,5314617829028538
1481,0	0,48668714341128627
1482,0	0,4751262871119784
1483,0	0,4821266813728876
1484,0	0,4785620850075016
1485,0	0,49169342431807384
1486,0	0,49527854089334805
1487,0	0,4950654310139561
1488,0	0,4971365955764207
1489,0	0,5340091064272544
1490,0	0,5723645386610787
1491,0	0,5087786570739541
1492,0	0,4803172503600724
1493,0	0,4123675471599043
1494,0	0,4514106633110582
1495,0	0,48493426854662425
1496,0	0,514308314768263
1497,0	0,5318528122482388
1498,0	0,4978467800949034
1499,0	0,5188711739879
1500,0	0,49870257977336246
1501,0	0,47537666694941827
1502,0	0,47519510118089486
1503,0	0,45436903407478685
1504,0	0,45980580180110486
1505,0	0,4813294780094545
1506,0	0,4708430884885066
1507,0	0,4810583254338244
1508,0	0,4623284723413138
1509,0	0,43773470459565383
1510,0	0,41212962859828817
1511,0	0,41835348766657376
1512,0	0,45056232424555326
1513,0	0,4815337367681434
1514,0	0,49787711165357945
1515,0	0,5079491553295973
1516,0	0,5008049896073914
1517,0	0,5042261066211895
1518,0	0,48132925088055717
1519,0	0,4825088163501574
1520,0	0,5089000856384956
1521,0	0,5108863944791388
1522,0	0,5119158045741738
1523,0	0,4434531325019553
1524,0	0,4616801326445073
1525,0	0,44538319913388824
1526,0	0,41864821973053334
1527,0	0,3955436177666354
1528,0	0,4214442953532094
1529,0	0,4331052283295151
1530,0	0,48577643116057806
1531,0	0,5170599575276922
1532,0	0,5463607591713895
1533,0	0,5896427596281412
1534,0	0,6278225348818968
1535,0	0,6262718984572544
1536,0	0,6032336454563904
1537,0	0,5934829188828161
1538,0	0,6219584492930914
1539,0	0,6174395956242482
1540,0	0,61256658913344
1541,0	0,6087323206053584
1542,0	0,6141337210502871
1543,0	0,5990965333338546
1544,0	0,637085398123441
1545,0	0,6396900591839156
1546,0	0,618722080697884
1547,0	0,6198731776664369
1548,0	0,6137425679152508
1549,0	0,6177355171371925
1550,0	0,6216064569333146
1551,0	0,6142028207977689
1552,0	0,6321379476621095
1553,0	0,6031741966714057
1554,0	0,5910608519559977
1555,0	0,575864376124315
1556,0	0,5843424230540578
1557,0	0,5594195867092523
1558,0	0,5529844803553086
1559,0	0,537240162873826
1560,0	0,5306789197011405
1561,0	0,5261962107638751
1562,0	0,526334391685608
1563,0	0,5428563807915949
1564,0	0,5311499125028418
1565,0	0,5149016612844592
1566,0	0,5420056980237902
1567,0	0,5672172746930254
1568,0	0,5569187405193384
1569,0	0,533755926983752
1570,0	0,6002642945804222
1571,0	0,5838822334415171
1572,0	0,6358772959783
1573,0	0,6390532244405069
1574,0	0,6433665432892371
1575,0	0,6334746886446218
1576,0	0,651917047223955
1577,0	0,6781572601344817
1578,0	0,6746207149943495
1579,0	0,6467947354304826
1580,0	0,6278140330293557
1581,0	0,6256025961698827
1582,0	0,5745897722919782
1583,0	0,5791637280128931
1584,0	0,5531691236332283
1585,0	0,5367463562473526
1586,0	0,5183789474609035
1587,0	0,4728036846129918
1588,0	0,4699110949902973
1589,0	0,4595741202406539
1590,0	0,5042462689885374
1591,0	0,5743678019650692
1592,0	0,5579278763076334
1593,0	0,525963820348147
1594,0	0,5363528821692424
1595,0	0,5746738144097957
1596,0	0,5885920851784111
1597,0	0,569717791675214
1598,0	0,5541058140851695
1599,0	0,552189574806528
1600,0	0,5530673890835445
1601,0	0,51198853358097
1602,0	0,5335222049635929
1603,0	0,5573740604094339
1604,0	0,5156217869524392
1605,0	0,5670798214688925
1606,0	0,5865062807712851
1607,0	0,6055834812411927
1608,0	0,5959246269186683
1609,0	0,5921551891830761
1610,0	0,5717610432705
1611,0	0,5643489756150533
1612,0	0,5220096050319561
1613,0	0,5537134659574413
1614,0	0,5380249671944147
1615,0	0,5282088323779867
1616,0	0,5286673356318924
1617,0	0,5196806973906399
1618,0	0,5559270435080875
1619,0	0,5118494720791789
1620,0	0,5427799530052051
1621,0	0,5787569071157025
1622,0	0,6357346505069039
1623,0	0,6221320534338834
1624,0	0,6428063887433549
1625,0	0,6093452448299843
1626,0	0,6073323227242893
1627,0	0,5748712813162716
1628,0	0,5779697099829562
1629,0	0,5944382826810447
1630,0	0,5817157011636976
1631,0	0,6036768221695882
1632,0	0,5808827910012176
1633,0	0,5742818675115964
1634,0	0,5716068926709231
1635,0	0,6238661177771625
1636,0	0,653779978112251
1637,0	0,645876998834485
1638,0	0,6332307186623273
1639,0	0,6729538879072753
1640,0	0,663733671734617
1641,0	0,6741440054893529
1642,0	0,670222294755901
1643,0	0,6423488468690746
1644,0	0,633391730384551
1645,0	0,6494977990047208
1646,0	0,630353473800446
1647,0	0,6493144864549728
1648,0	0,6709918666206857
1649,0	0,6815956253508625
1650,0	0,7024283913974175
1651,0	0,6556557469458227
1652,0	0,6519542631215013
1653,0	0,6005657422758641
1654,0	0,5942756344471902
1655,0	0,5515256876980533
1656,0	0,5168204463723581
1657,0	0,5374459301496545
1658,0	0,5107944624395163
1659,0	0,5269915426707369
1660,0	0,5495048234955272
1661,0	0,5635705756387933
1662,0	0,5189677405970283
1663,0	0,5230316874272659
1664,0	0,5092728311890441
1665,0	0,4977532606560146
1666,0	0,46657721651967055
1667,0	0,5123976010542666
1668,0	0,5202757347624661
1669,0	0,5005414578104354
1670,0	0,506030821525298
1671,0	0,48870347742399434
1672,0	0,4466992705480292
1673,0	0,4511670318980748
1674,0	0,4496459481277851
1675,0	0,4583030521688021
1676,0	0,45851841511511704
1677,0	0,4656870701842651
1678,0	0,48896517047925764
1679,0	0,4839082626473381
1680,0	0,4609072877801669
1681,0	0,5132718211776425
1682,0	0,5196802494159395
1683,0	0,5304361915467514
1684,0	0,5915609097491461
1685,0	0,631514225452258
1686,0	0,6165158386967414
1687,0	0,6219716212630334
1688,0	0,5731888836463617
1689,0	0,556397123586092
1690,0	0,5582482136148376
1691,0	0,5622493718062376
1692,0	0,537949244675726
1693,0	0,5595437999447053
1694,0	0,5320758240175552
1695,0	0,5025561172652628
1696,0	0,4701919950484171
1697,0	0,4522492246977272
1698,0	0,42528963472519354
1699,0	0,47621164270313737
1700,0	0,47824896770529585
1701,0	0,4609106281160695
1702,0	0,49586593334904466
1703,0	0,5124721761358725
1704,0	0,5074840386018217
1705,0	0,48683925127837485
1706,0	0,4625774906085168
1707,0	0,4653820059329072
1708,0	0,4228515818930596
1709,0	0,4299892959997346
1710,0	0,4382906643915649
1711,0	0,42337460369445556
1712,0	0,4417295156938071
1713,0	0,4178283779131098
1714,0	0,4501337864134543
1715,0	0,44444243992760324
1716,0	0,4222770839608407
1717,0	0,4284943313745397
1718,0	0,4276063378829554
1719,0	0,40630386657295897
1720,0	0,42293926105133006
1721,0	0,3899612376946957
1722,0	0,30995157778035404
1723,0	0,33261163467123667
1724,0	0,3123529350259387
1725,0	0,2799726739346466
1726,0	0,23821750495872474
1727,0	0,24472755068448912
1728,0	0,22043912773419147
1729,0	0,27781340498858964
1730,0	0,31601138952319074
1731,0	0,2636245716258837
1732,0	0,26504668300539513
1733,0	0,28939310585677347
1734,0	0,2798545120482229
1735,0	0,2959233603367552
1736,0	0,32644911912317676
1737,0	0,3221405946697164
1738,0	0,24625277311620344
1739,0	0,23848029794142073
1740,0	0,1893915130171355
1741,0	0,14752942611806238
1742,0	0,12990913652424793
1743,0	0,159247004338527
1744,0	0,17906817733461253
1745,0	0,1458531529343544
1746,0	0,17752422402933096
1747,0	0,15307883444396206
1748,0	0,1588009283049262
1749,0	0,1689323170739363
1750,0	0,17329085952805395
1751,0	0,17255079121514819
1752,0	0,16066727656297836
1753,0	0,19411016492749475
1754,0	0,17456979436627532
1755,0	0,17389522919956377
1756,0	0,16160193035545525
1757,0	0,20187920262446948
1758,0	0,12964019182524947
1759,0	0,18887320103413627
1760,0	0,1952407420013233
1761,0	0,1869269504099299
1762,0	0,1932326146297813
1763,0	0,22514175215401488
1764,0	0,21629922495507328
1765,0	0,21366453637213803
1766,0	0,22451495307913835
1767,0	0,2546564741136988
1768,0	0,3066564435515889
1769,0	0,29515784156121494
1770,0	0,25716830777787447
1771,0	0,28487754489107875
1772,0	0,22870720327396246
1773,0	0,24622666822825215
1774,0	0,22382949570957025
1775,0	0,3414554524551476
1776,0	0,39460905530330087
1777,0	0,4698293785217292
1778,0	0,44049591924365444
1779,0	0,4390030745615644
1780,0	0,45815798615619846
1781,0	0,4543042149618663
1782,0	0,5177181522821732
1783,0	0,5152742378684924
1784,0	0,49422028625067865
1785,0	0,4816584042349296
1786,0	0,4876658331189122
1787,0	0,4792003544297493
1788,0	0,5036938027821866
1789,0	0,5354978803440367
1790,0	0,5174421812853444
1791,0	0,48227032207393106
1792,0	0,47163614069694
1793,0	0,4616878362987238
1794,0	0,420751435038115
1795,0	0,42127301492290836
1796,0	0,4286355775941692
1797,0	0,41819572913733893
1798,0	0,3800343780664537
1799,0	0,39959222661805655
1800,0	0,41718049276201435
1801,0	0,40197915871467793
1802,0	0,3611838118941011
1803,0	0,33783042059338914
1804,0	0,2834615668234796
1805,0	0,2723669992005241
1806,0	0,2236722044652831
1807,0	0,22184146061928764
1808,0	0,15617680025764785
1809,0	0,14794579929109944
1810,0	0,18982013052798072
1811,0	0,13216537568227835
1812,0	0,17458010934843357
1813,0	0,21493443401845164
1814,0	0,27179761971078037
1815,0	0,2741877630165919
1816,0	0,2882760439511916
1817,0	0,2582032175477884
1818,0	0,23395325531693792
1819,0	0,22753727602331877
1820,0	0,2279349403468372
1821,0	0,22161381790030127
1822,0	0,24374046436514268
1823,0	0,1932707740840543
1824,0	0,1348438247505837
1825,0	0,13261756450928272
1826,0	0,10137803582863215
1827,0	0,0752146677793958
1828,0	0,06512898950737178
1829,0	0,020427110396463784
1830,0	0,009983337006103172
1831,0	0,052123399370670224
1832,0	0,08080528567608487
1833,0	0,07767811534213505
1834,0	0,11923554472457512
1835,0	0,11642837073262928
1836,0	0,0904890092730711
1837,0	0,15076559249529595
1838,0	0,17520780315110576
1839,0	0,2090311459570181
1840,0	0,22125018693432397
1841,0	0,22608285544928378
1842,0	0,2106203914353703
1843,0	0,23245336460799101
1844,0	0,2507496309586532
1845,0	0,2885363693119717
1846,0	0,33367915045541113
1847,0	0,3842568855072124
1848,0	0,4269924083419837
1849,0	0,41601886443797437
1850,0	0,43340021121989597
1851,0	0,44853362355875775
1852,0	0,395115980585088
1853,0	0,4116325922091241
1854,0	0,43412573703257207
1855,0	0,45893335842603283
1856,0	0,45808770376567864
1857,0	0,4553430183610079
1858,0	0,44410017462013235
1859,0	0,4487155860284913
1860,0	0,4526842134283356
1861,0	0,4932444303335354
1862,0	0,5356487637265599
1863,0	0,5653632571343236
1864,0	0,5703286499714723
1865,0	0,6154933186396341
1866,0	0,6385896420894903
1867,0	0,6501998117574794
1868,0	0,6711713116024501
1869,0	0,6087490463860826
1870,0	0,6216685319688487
1871,0	0,6310458397628413
1872,0	0,621195890544108
1873,0	0,6307757742640538
1874,0	0,6338660238317728
1875,0	0,6329341465798048
1876,0	0,6533398474571227
1877,0	0,6362912622052794
1878,0	0,6383171449021593
1879,0	0,6431793762690038
1880,0	0,6727747781911736
1881,0	0,7058100545879716
1882,0	0,7028961087950434
1883,0	0,6792531289409179
1884,0	0,6862683205858856
1885,0	0,728121861874938
1886,0	0,7025887902958033
1887,0	0,6996315361622848
1888,0	0,6802887739441843
1889,0	0,6426551359970963
1890,0	0,6329109123575399
1891,0	0,6626981339975884
1892,0	0,6567165774740459
1893,0	0,6437432446467309
1894,0	0,6038852767456798
1895,0	0,5991471144705796
1896,0	0,5652087608445944
1897,0	0,5459522495020013
1898,0	0,5698675875426283
1899,0	0,5474893187092097
1900,0	0,578510484928821
1901,0	0,558068494847764
1902,0	0,5839360077365383
1903,0	0,5876469505508228
1904,0	0,581983805880316
1905,0	0,5376417456174138
1906,0	0,47810173226769537
1907,0	0,44811988819812215
1908,0	0,4371600681615384
1909,0	0,45976772467932786
1910,0	0,431399176873362
1911,0	0,4447153781229496
1912,0	0,4448208481158819
1913,0	0,46009647917290825
1914,0	0,456858302705041
1915,0	0,440824966185657
1916,0	0,40604297261225525
1917,0	0,4306909952333049
1918,0	0,4436602565676615
1919,0	0,4935042196402611
1920,0	0,49313824519495186
1921,0	0,5360515991576382
1922,0	0,5290083432656651
1923,0	0,5318723041330222
1924,0	0,5712134458090335
1925,0	0,5273364035246755
1926,0	0,5550540121300747
1927,0	0,5731819885584893
1928,0	0,5800332589821657
1929,0	0,5882636665590671
1930,0	0,5553120782519568
1931,0	0,5785993011940309
1932,0	0,5677801851271125
1933,0	0,5937904682761244
1934,0	0,5792796793518057
1935,0	0,5027057186111735
1936,0	0,46528628946249384
1937,0	0,466607150311361
1938,0	0,39837193432663337
1939,0	0,3961804893652392
1940,0	0,3948524450288119
1941,0	0,4142648930958134
1942,0	0,4212327224107472
1943,0	0,3831262494506085
1944,0	0,37112063445461346
1945,0	0,34745293850057046
1946,0	0,36757276393450533
1947,0	0,3448671161275102
1948,0	0,3504023627452587
1949,0	0,34325459779836187
1950,0	0,36261168926789494
1951,0	0,3369408378692915
1952,0	0,3299149930461318
1953,0	0,281510497406984
1954,0	0,2972654128930723
1955,0	0,29442960031133664
1956,0	0,286104414177235
1957,0	0,27421977355575766
1958,0	0,30965735606671546
1959,0	0,3165410524152163
1960,0	0,2639309276738258
1961,0	0,25444832255940075
1962,0	0,20383404803191943
1963,0	0,2140077023973314
1964,0	0,2325705713192389
1965,0	0,17912653285800556
1966,0	0,23254118752927655
1967,0	0,26711091242829377
1968,0	0,304268423599559
1969,0	0,2991857142567492
1970,0	0,24269550225472483
1971,0	0,1782039737363985
1972,0	0,18977748587491292
1973,0	0,16912141680186832
1974,0	0,21062915535592405
1975,0	0,11590950292259386
1976,0	0,14985760957657143
1977,0	0,19262312806383589
1978,0	0,21146346552521217
1979,0	0,21637395256321035
1980,0	0,14865164354481747
1981,0	0,1719327252531982
1982,0	0,13483800870074178
1983,0	0,13450367538356353
1984,0	0,13402463844661988
1985,0	0,1661701816690959
1986,0	0,1621308165723536
1987,0	0,1407607285982992
1988,0	0,14026489580808368
1989,0	0,16190993405919657
1990,0	0,19669214706957938
1991,0	0,19776471530570308
1992,0	0,20115311721592824
1993,0	0,09973586060917229
1994,0	0,06852466080216704
1995,0	0,07611490010081229
1996,0	0,0857787061418367
1997,0	0,06020105863796071
1998,0	0,09643465893744631
1999,0	0,05237182237534494
2000,0	0,10048946947808408
