N: 500,0	L: 	Density:0,8	Noise: 1,1
Time	 Va	
0,0	0,06073857268235675
1,0	0,07245957780204838
2,0	0,07901747601281156
3,0	0,07093670883977973
4,0	0,05503393664518253
5,0	0,05926266547973609
6,0	0,06266647015190493
7,0	0,08067214587773856
8,0	0,10289343996615256
9,0	0,0970420380573135
10,0	0,10610907779579007
11,0	0,10184919748761656
12,0	0,11220387544552445
13,0	0,12013453428333444
14,0	0,14943223163489477
15,0	0,15030506275789807
16,0	0,1729238835209121
17,0	0,17358314845419195
18,0	0,16405255806065705
19,0	0,19436944063360803
20,0	0,21413026588371642
21,0	0,23305350107625591
22,0	0,23858542777843483
23,0	0,24869998233748353
24,0	0,27637454497922387
25,0	0,30668288064867244
26,0	0,3420892701518389
27,0	0,3641799598008102
28,0	0,40031375004256353
29,0	0,3908066481682147
30,0	0,418075321661887
31,0	0,44054635080730786
32,0	0,4350609028956447
33,0	0,47162163085941233
34,0	0,5085062956146544
35,0	0,5527166450388634
36,0	0,5690733895775015
37,0	0,5789121131938615
38,0	0,5426404803961064
39,0	0,5569513139547119
40,0	0,5413365855486435
41,0	0,5181099257313427
42,0	0,5444559318502331
43,0	0,5192517359132264
44,0	0,544570764399925
45,0	0,544195456476167
46,0	0,5757991964035947
47,0	0,6026393712394863
48,0	0,6427225397359456
49,0	0,6547971672934326
50,0	0,6381783112654923
51,0	0,6492699175022856
52,0	0,6633271272670287
53,0	0,6865658128772509
54,0	0,6954847834027859
55,0	0,7283622963702908
56,0	0,7400538763800893
57,0	0,7189361012960702
58,0	0,7198700995172796
59,0	0,7137324385644028
60,0	0,7157583645443261
61,0	0,7296719824409421
62,0	0,7219311530503082
63,0	0,7494600931156692
64,0	0,747701331062384
65,0	0,7598922515310204
66,0	0,7830487352346113
67,0	0,7933228550121999
68,0	0,8041134699567698
69,0	0,7805439112732475
70,0	0,7747712525006868
71,0	0,7802222271092252
72,0	0,7934690869748253
73,0	0,7890248871818892
74,0	0,7817835681552505
75,0	0,7845538664283684
76,0	0,8021014399223664
77,0	0,824061016302566
78,0	0,8246098350813983
79,0	0,8208312947679317
80,0	0,8187249168698947
81,0	0,7934738523704045
82,0	0,8066505080932639
83,0	0,7931578855078093
84,0	0,7722145617132086
85,0	0,7583951859173326
86,0	0,7513100311817771
87,0	0,7584052542100492
88,0	0,7616628583084087
89,0	0,7685755461002085
90,0	0,761678507114923
91,0	0,7573121043524351
92,0	0,7599140764580685
93,0	0,7428461362493874
94,0	0,7341311674917222
95,0	0,7205395127851838
96,0	0,7210524635272012
97,0	0,7234200477201957
98,0	0,7070736246278747
99,0	0,696022862748435
100,0	0,688118794552282
101,0	0,6907621497103837
102,0	0,6842703052149101
103,0	0,7238202460759412
104,0	0,7518535526496757
105,0	0,7907528986860215
106,0	0,8183862892502144
107,0	0,8337670072225773
108,0	0,8249887376896552
109,0	0,8177466939876261
110,0	0,8209093252400284
111,0	0,8033685257426674
112,0	0,8088909175937131
113,0	0,799316535095114
114,0	0,7737146765220917
115,0	0,7677836015004436
116,0	0,7709166922450411
117,0	0,7631378966288108
118,0	0,7723528169878313
119,0	0,7892058514662725
120,0	0,7932044329753787
121,0	0,7835802314181758
122,0	0,7882446351484116
123,0	0,7923221663356622
124,0	0,7946836948402611
125,0	0,8097606863489404
126,0	0,8295592699803527
127,0	0,8387816480462695
128,0	0,850124373292784
129,0	0,8586971502816473
130,0	0,8687542670554796
131,0	0,8776518440997898
132,0	0,8810710358237708
133,0	0,875212141685887
134,0	0,8739889096468204
135,0	0,8837603723273902
136,0	0,8827004578886282
137,0	0,8852589652458869
138,0	0,8889962039537308
139,0	0,8948458989465907
140,0	0,8973615465527727
141,0	0,8918530105468953
142,0	0,8845514428583876
143,0	0,8868961723964898
144,0	0,8925281544357423
145,0	0,8864758602096848
146,0	0,877542746367564
147,0	0,8798316875905976
148,0	0,8893861561989779
149,0	0,8786624622272198
150,0	0,8767820202023711
151,0	0,8890585254188227
152,0	0,8705732108878139
153,0	0,8728428772031249
154,0	0,8808413845898372
155,0	0,8716669240729896
156,0	0,8665484427090983
157,0	0,8573291277798188
158,0	0,858441958687834
159,0	0,8594492917571991
160,0	0,8595007890120631
161,0	0,8597561671125927
162,0	0,8633566243839647
163,0	0,8646316329879787
164,0	0,8765565369102382
165,0	0,8780123340629861
166,0	0,878836471839064
167,0	0,8655774552289808
168,0	0,87262002538961
169,0	0,8697901517169155
170,0	0,8552025455544733
171,0	0,843667033141359
172,0	0,8437427641895809
173,0	0,8468114432843191
174,0	0,8616780117624924
175,0	0,8652214467295175
176,0	0,8674670837623795
177,0	0,8754445159952805
178,0	0,8939065695384215
179,0	0,8945753270331981
180,0	0,8844922670543379
181,0	0,8931824816329023
182,0	0,8950341165394902
183,0	0,9007998983188734
184,0	0,902539282612043
185,0	0,8902591266353755
186,0	0,8842340263900919
187,0	0,8776374427603351
188,0	0,8803947426954735
189,0	0,8731230545065841
190,0	0,8766078399321674
191,0	0,8758736591971118
192,0	0,8768670492162143
193,0	0,8722198060621641
194,0	0,8840563592314256
195,0	0,8801639877313763
196,0	0,8827370708472347
197,0	0,875228212966678
198,0	0,881182734529886
199,0	0,8795629274762159
200,0	0,8654469426980488
201,0	0,8611502717230405
202,0	0,8628182341489152
203,0	0,8732949996598662
204,0	0,8686218368041667
205,0	0,8657189848669774
206,0	0,8627463725515667
207,0	0,8530246461984907
208,0	0,8594128532313889
209,0	0,8635762415831698
210,0	0,8654378691578235
211,0	0,8747356764116051
212,0	0,8520355525902708
213,0	0,8665094680689513
214,0	0,8773896165322772
215,0	0,8718969263159837
216,0	0,866527783597834
217,0	0,8713848357271623
218,0	0,8621259574640838
219,0	0,8504376273908903
220,0	0,8627998449333726
221,0	0,859951813224553
222,0	0,8815376063287789
223,0	0,8786815390804745
224,0	0,8889848645640392
225,0	0,8920234701310835
226,0	0,881193445524053
227,0	0,8867958329737636
228,0	0,8862979161122236
229,0	0,898659642827454
230,0	0,8837197750310721
231,0	0,8836393942978119
232,0	0,8832310897992847
233,0	0,866542469353176
234,0	0,8785589349935213
235,0	0,8700173775187873
236,0	0,8529026381730058
237,0	0,8466032507273825
238,0	0,8530513697113354
239,0	0,8425307720202152
240,0	0,8404218015725196
241,0	0,8548595667294071
242,0	0,847654605398158
243,0	0,8522188748947453
244,0	0,858163797539212
245,0	0,8692082644156744
246,0	0,8729359772034121
247,0	0,8580425890409148
248,0	0,8640419212942311
249,0	0,8742452891646354
250,0	0,8804610675179595
251,0	0,8869763407184533
252,0	0,8835873701574906
253,0	0,8912799149467157
254,0	0,8891558227470563
255,0	0,884505980989222
256,0	0,876098853396898
257,0	0,8849139520747497
258,0	0,8868454268498264
259,0	0,8845593955594249
260,0	0,8747165774690681
261,0	0,8797354383719643
262,0	0,8664492341497565
263,0	0,8531079111822194
264,0	0,8652576509604419
265,0	0,8542471376339902
266,0	0,8604812694836251
267,0	0,8590378984561755
268,0	0,8487788545277123
269,0	0,8546879477467595
270,0	0,8609566287917189
271,0	0,8585293105914008
272,0	0,8556932444269953
273,0	0,843480451415627
274,0	0,8367906095502035
275,0	0,8552925992663275
276,0	0,8526070185608942
277,0	0,849266170265437
278,0	0,8662676408221023
279,0	0,879317976018474
280,0	0,8789485946168376
281,0	0,8841610930199114
282,0	0,8787035716368798
283,0	0,8873119050067063
284,0	0,8949128921820712
285,0	0,9010473739326259
286,0	0,9029930624985334
287,0	0,9086374341026833
288,0	0,911855208485473
289,0	0,9050695068412815
290,0	0,9036558456127831
291,0	0,9019590555804232
292,0	0,9109007961429052
293,0	0,9084831919371339
294,0	0,9225286385549981
295,0	0,9142274072707731
296,0	0,9193077205258633
297,0	0,9139096514428703
298,0	0,9203873396759751
299,0	0,9131709747948187
300,0	0,9134523293098554
301,0	0,921725256140597
302,0	0,9209901878267832
303,0	0,9164703227688318
304,0	0,9102499140874005
305,0	0,9051612745027847
306,0	0,9149318934944908
307,0	0,91548541580628
308,0	0,9158134080023365
309,0	0,9206494839337416
310,0	0,9116825339320763
311,0	0,9023289204850001
312,0	0,914029160079959
313,0	0,9100402247368341
314,0	0,9102879725459139
315,0	0,9079117386811713
316,0	0,9144955201167003
317,0	0,9142495285192062
318,0	0,9160824378887981
319,0	0,920263146436781
320,0	0,9182595048467022
321,0	0,9100420042188858
322,0	0,9135079685520738
323,0	0,9115013786968589
324,0	0,9104696419126661
325,0	0,9176948644685222
326,0	0,9206382165889146
327,0	0,9225856709791206
328,0	0,9289144001178568
329,0	0,9314841719031624
330,0	0,9375325095764786
331,0	0,9389497189447271
332,0	0,9394586362275089
333,0	0,9309447588259507
334,0	0,9282069036456142
335,0	0,9277754159743646
336,0	0,9361790419686774
337,0	0,9339128519235504
338,0	0,9240894049466313
339,0	0,9260812294510087
340,0	0,9223088693411506
341,0	0,9273340619344624
342,0	0,9181773156757028
343,0	0,91325841967078
344,0	0,8943179810590406
345,0	0,8902271087154009
346,0	0,8875084461381649
347,0	0,8885557010779634
348,0	0,8862403445921901
349,0	0,8830394791349865
350,0	0,870953284590733
351,0	0,879055625974395
352,0	0,8838649221022475
353,0	0,8736211655522059
354,0	0,8870945384268699
355,0	0,8907185488648389
356,0	0,8819150051842364
357,0	0,8748194663414023
358,0	0,8895134442267821
359,0	0,8892347405195843
360,0	0,8902608652874278
361,0	0,8952167703567295
362,0	0,8930630312343201
363,0	0,8888772374991567
364,0	0,8888410204951056
365,0	0,8820069668785874
366,0	0,8751570159555924
367,0	0,8812749575023313
368,0	0,8919957578763522
369,0	0,8916828450915026
370,0	0,9009364066074299
371,0	0,8992880278403843
372,0	0,8974148617602883
373,0	0,8967593049684995
374,0	0,8950506124370785
375,0	0,8885020814355715
376,0	0,8800906745165954
377,0	0,8807798532975255
378,0	0,8721268908632506
379,0	0,8858966301927906
380,0	0,8780200608284813
381,0	0,878753790405184
382,0	0,875769139776538
383,0	0,872986173291967
384,0	0,8729111201410134
385,0	0,862586410663302
386,0	0,8681247529198611
387,0	0,8738866148696015
388,0	0,8922182009737483
389,0	0,904773287749451
390,0	0,9083918393200364
391,0	0,9172472185785571
392,0	0,9274192174210266
393,0	0,9225936234556481
394,0	0,9071655076737212
395,0	0,9116926262460862
396,0	0,9062499109111535
397,0	0,8996719894782128
398,0	0,9087360586066817
399,0	0,9088430078175962
400,0	0,9123009899409933
401,0	0,9161921731510063
402,0	0,9135620433100465
403,0	0,8979789204669527
404,0	0,8968158107307111
405,0	0,9052929179342382
406,0	0,9004518556000485
407,0	0,9012868331521814
408,0	0,9034555043640542
409,0	0,8836336769864691
410,0	0,8886208247751597
411,0	0,8934994757794491
412,0	0,9011586918934851
413,0	0,8985055113324066
414,0	0,8945175988844938
415,0	0,9125117007345527
416,0	0,9069380319832495
417,0	0,9130973073595515
418,0	0,9073890116079402
419,0	0,8940848312873568
420,0	0,9057939325986655
421,0	0,9062125898847768
422,0	0,9103515335577671
423,0	0,9082363421794281
424,0	0,906982782132099
425,0	0,8995827964171165
426,0	0,896667464213203
427,0	0,900355743263401
428,0	0,8858827622742071
429,0	0,8918853534375811
430,0	0,8964127665610784
431,0	0,8902736005580573
432,0	0,8890100748893817
433,0	0,8942099402085326
434,0	0,8936702784204922
435,0	0,8965554646293111
436,0	0,8909423696057366
437,0	0,8973156302255387
438,0	0,9032391015981983
439,0	0,9023398202497193
440,0	0,9009002593463936
441,0	0,906103991815585
442,0	0,8955175377849901
443,0	0,8984978565662325
444,0	0,891393835338133
445,0	0,8998048341939413
446,0	0,906718599968131
447,0	0,897402031471269
448,0	0,8952917502077118
449,0	0,8960666060774092
450,0	0,9009330244767909
451,0	0,8928941008526308
452,0	0,8878910130990515
453,0	0,8986591460961406
454,0	0,8877705310039503
455,0	0,8773950864207561
456,0	0,8824102315591663
457,0	0,8804462569861784
458,0	0,8795856281376833
459,0	0,8885343602538992
460,0	0,8946544993722618
461,0	0,8980190552085414
462,0	0,9007638024636503
463,0	0,8829075509608246
464,0	0,8812239298256844
465,0	0,8840266767303044
466,0	0,8798327411013086
467,0	0,884882323334684
468,0	0,8879731795115561
469,0	0,8838955568797957
470,0	0,8839296108987162
471,0	0,8931105931470199
472,0	0,9034628402251808
473,0	0,9060528679890909
474,0	0,913694659055791
475,0	0,9092250066072977
476,0	0,9104280506099112
477,0	0,9112277039925967
478,0	0,9135955838774602
479,0	0,9077188511585581
480,0	0,9017395829887973
481,0	0,8900565260039218
482,0	0,8910406948324986
483,0	0,8851515518597576
484,0	0,8901389771100776
485,0	0,8988960557323126
486,0	0,8949440993477444
487,0	0,8817936120600147
488,0	0,8921417980165057
489,0	0,8929687965155546
490,0	0,9013564632311777
491,0	0,896104543817928
492,0	0,9018229444012789
493,0	0,9115401029582171
494,0	0,9037069343406515
495,0	0,8949784920371558
496,0	0,89984715182416
497,0	0,8907443323108157
498,0	0,9019382880884937
499,0	0,89927277538161
500,0	0,9059025396730933
501,0	0,8870294646450172
502,0	0,8759157954076215
503,0	0,8740142919810289
504,0	0,8819940402503857
505,0	0,8997416698221979
506,0	0,8953573407975504
507,0	0,891830031565378
508,0	0,9139917058606325
509,0	0,9265943015762798
510,0	0,9207618652908969
511,0	0,9351552377122634
512,0	0,9314787301343921
513,0	0,9320052664719413
514,0	0,92345823674545
515,0	0,9209444698695141
516,0	0,9258477780312098
517,0	0,9292919278940647
518,0	0,9267481780958526
519,0	0,9212968501870692
520,0	0,921385961393949
521,0	0,9204440794195647
522,0	0,924677924690188
523,0	0,923514144143579
524,0	0,9165831750523116
525,0	0,9133124523055262
526,0	0,9163505431564598
527,0	0,9110945347880316
528,0	0,9079628317196667
529,0	0,9078317437740548
530,0	0,90541023701618
531,0	0,9070007547204856
532,0	0,9022273885632764
533,0	0,8973939197908691
534,0	0,9049606791384991
535,0	0,9006317623470133
536,0	0,9059709390400017
537,0	0,9028477199096354
538,0	0,9031328110007013
539,0	0,8995326799124096
540,0	0,8848451481145753
541,0	0,872896616781746
542,0	0,8619636271385983
543,0	0,842278451462073
544,0	0,8441608811948575
545,0	0,8563049533435213
546,0	0,8660181779640046
547,0	0,8592478549611609
548,0	0,8522323090604268
549,0	0,8508706144978136
550,0	0,8490335212436076
551,0	0,8570557945607497
552,0	0,8551984113945923
553,0	0,8552191759465618
554,0	0,8674457620162451
555,0	0,8698843575266202
556,0	0,8634128498361981
557,0	0,8618057949675048
558,0	0,8680296065013101
559,0	0,87688348206908
560,0	0,8724074686449469
561,0	0,8833232370067592
562,0	0,8891778933136777
563,0	0,8769499200646816
564,0	0,8694832689065197
565,0	0,8696697155632842
566,0	0,8688427430811254
567,0	0,8652247330988105
568,0	0,8511638349620422
569,0	0,8417978808147029
570,0	0,838533568410775
571,0	0,8283885002021926
572,0	0,8267864157887811
573,0	0,8163395640530728
574,0	0,8224268061303501
575,0	0,8186309685794735
576,0	0,8182332234254331
577,0	0,8260466295706025
578,0	0,8284439418621742
579,0	0,827311934450758
580,0	0,8278179802985745
581,0	0,8391966265243742
582,0	0,8430546118779968
583,0	0,8326351660282597
584,0	0,8218827469386422
585,0	0,8295083989465905
586,0	0,829093217003278
587,0	0,8268091017997937
588,0	0,8348057839211626
589,0	0,8386567840615556
590,0	0,8401439833680818
591,0	0,851141692603551
592,0	0,8639597758747307
593,0	0,8668101422305984
594,0	0,8583023893323383
595,0	0,8458669406662349
596,0	0,823182817386194
597,0	0,7981829744218507
598,0	0,8003113221234922
599,0	0,8080358972400211
600,0	0,8165058932944189
601,0	0,8247508770806756
602,0	0,8125127416018239
603,0	0,8043823985690618
604,0	0,7979737264621588
605,0	0,8022415202533851
606,0	0,7948105971351337
607,0	0,8028508709895203
608,0	0,7863619929747241
609,0	0,7888896980846875
610,0	0,7845231007006384
611,0	0,766777530868562
612,0	0,7610204747381777
613,0	0,7643222037724048
614,0	0,760799081253943
615,0	0,7755558667088116
616,0	0,7844139520694832
617,0	0,7775848928528837
618,0	0,7844044419201603
619,0	0,796739425363193
620,0	0,7849855476324824
621,0	0,7613041376590676
622,0	0,7660504816687582
623,0	0,7569121305887797
624,0	0,7655854208492565
625,0	0,7830402316419116
626,0	0,7671672443801486
627,0	0,7617282341428104
628,0	0,7724928273794012
629,0	0,7686777791956307
630,0	0,7701335260084965
631,0	0,7959007969516839
632,0	0,7906764697355487
633,0	0,7944830013417647
634,0	0,7902314331800266
635,0	0,7838514051712333
636,0	0,7854418517332082
637,0	0,793026981005312
638,0	0,7897747508770243
639,0	0,785085161374242
640,0	0,7913345681805455
641,0	0,7998781842350637
642,0	0,7993972227455142
643,0	0,7915952103773496
644,0	0,7801497014116247
645,0	0,7860062540713422
646,0	0,7977775941751786
647,0	0,7812101978587332
648,0	0,7694729291782428
649,0	0,7709015328122455
650,0	0,765443372739663
651,0	0,759578736625226
652,0	0,7562584968635933
653,0	0,7491257743570957
654,0	0,7808500984721469
655,0	0,7892690160921322
656,0	0,8110147355198543
657,0	0,8103717115228969
658,0	0,8092342964465431
659,0	0,8214376316160915
660,0	0,8033679185696353
661,0	0,8016916474032443
662,0	0,8315384812109674
663,0	0,82353468929571
664,0	0,8176900847581496
665,0	0,8307657628616782
666,0	0,8219001543689224
667,0	0,8359222490117539
668,0	0,8500105851916779
669,0	0,8511424255427623
670,0	0,8566408855206326
671,0	0,858171065733236
672,0	0,8377412724724611
673,0	0,8302018472015398
674,0	0,8160452349978496
675,0	0,8098534605879177
676,0	0,8116030483909249
677,0	0,8013003222819323
678,0	0,7933059022279167
679,0	0,7918613210994194
680,0	0,775333862229057
681,0	0,7645597800764258
682,0	0,7773208436543774
683,0	0,7884671635200642
684,0	0,8015190563708416
685,0	0,7907676528415994
686,0	0,7920712138985158
687,0	0,8136114545528547
688,0	0,8270543906875389
689,0	0,8369151653321047
690,0	0,8271429885762769
691,0	0,8333648220301356
692,0	0,8211532378350387
693,0	0,8225711642125304
694,0	0,8154125183132317
695,0	0,8016469086868488
696,0	0,7933972667526146
697,0	0,7967205806586706
698,0	0,7839842247189545
699,0	0,7835525569362177
700,0	0,7941295900651466
701,0	0,7966284814935161
702,0	0,8008302962867533
703,0	0,8088525130533999
704,0	0,8107372565200486
705,0	0,8146049246497943
706,0	0,819873905481465
707,0	0,8215717556433596
708,0	0,8226791067967215
709,0	0,813476894334768
710,0	0,7960511602595609
711,0	0,7651131688055242
712,0	0,7573020259660467
713,0	0,7611619637988841
714,0	0,7577451422447422
715,0	0,7552457283326776
716,0	0,7210409624191351
717,0	0,7131024078034408
718,0	0,6914518215464995
719,0	0,677050286453263
720,0	0,6527879571938945
721,0	0,640523953056269
722,0	0,6442424375587036
723,0	0,6180137351679998
724,0	0,6193148072567609
725,0	0,6159706203928899
726,0	0,6214435565035185
727,0	0,6261304307362823
728,0	0,6263599344574334
729,0	0,6045834541422562
730,0	0,6207682361574898
731,0	0,6160242398904793
732,0	0,6195473018501204
733,0	0,6326750302787072
734,0	0,6617942560142716
735,0	0,6547775147379266
736,0	0,6562531892723773
737,0	0,6349747601290718
738,0	0,61625312323573
739,0	0,5955406022989364
740,0	0,5854419947070506
741,0	0,584063407553466
742,0	0,5999343550385143
743,0	0,5980735946061994
744,0	0,5950905179501952
745,0	0,5896020617530954
746,0	0,6248746655510405
747,0	0,6865529607250773
748,0	0,7128280049462264
749,0	0,7253670255155861
750,0	0,7259284584303961
751,0	0,7052227929874436
752,0	0,7014890164002359
753,0	0,6877456858597989
754,0	0,6556641471830258
755,0	0,6558886429481257
756,0	0,6556704454997008
757,0	0,6378794078111273
758,0	0,6401521552757331
759,0	0,6501029986235445
760,0	0,6379302420931093
761,0	0,6535573050540658
762,0	0,6469112481358453
763,0	0,6408137914502927
764,0	0,646258713130251
765,0	0,6529689172628614
766,0	0,6412551748538161
767,0	0,642153745279814
768,0	0,6339552395127409
769,0	0,6269126125683303
770,0	0,6579212504375184
771,0	0,6799287944396272
772,0	0,6645617709673772
773,0	0,665199953032035
774,0	0,6617534493340818
775,0	0,6583532046718867
776,0	0,6405676365236107
777,0	0,6578473995050769
778,0	0,6741757284428238
779,0	0,6715844553481051
780,0	0,6449172571020395
781,0	0,641674969582937
782,0	0,665145131724762
783,0	0,6762381480982034
784,0	0,722820103413519
785,0	0,7539165351547036
786,0	0,7690831886017585
787,0	0,7872934157361763
788,0	0,7991873076666806
789,0	0,8067715154653011
790,0	0,8304412595958793
791,0	0,8404951248109412
792,0	0,8330126333364368
793,0	0,8277243788100059
794,0	0,817890892041328
795,0	0,8353435801583646
796,0	0,8362530636645221
797,0	0,8242183724770009
798,0	0,8293971436987578
799,0	0,8424820883057073
800,0	0,840863271990594
801,0	0,8125240908966909
802,0	0,8207282877292813
803,0	0,8140319669654507
804,0	0,8017235960630023
805,0	0,8106926177789635
806,0	0,8030221977840937
807,0	0,8135518487412489
808,0	0,8129492400777075
809,0	0,8115164867080863
810,0	0,8214232185863661
811,0	0,8216380827813815
812,0	0,7838256124863994
813,0	0,7938045560754008
814,0	0,7816474261463863
815,0	0,7722973330729982
816,0	0,7782266293144112
817,0	0,78526364345809
818,0	0,8029341673850875
819,0	0,8136342129802818
820,0	0,8129885774093067
821,0	0,8097586202762586
822,0	0,7999236142840972
823,0	0,7830963602076793
824,0	0,7817257572255811
825,0	0,7643823486139768
826,0	0,7697761974730133
827,0	0,7614401999663762
828,0	0,7732819327495004
829,0	0,7667478430434608
830,0	0,7719639388250475
831,0	0,7703720571860079
832,0	0,777019154965166
833,0	0,7660345994275695
834,0	0,7669491701273792
835,0	0,7799235557073456
836,0	0,7761087808959034
837,0	0,7684466154759925
838,0	0,7586005482091577
839,0	0,7484589594055554
840,0	0,7513321593689041
841,0	0,7273875459160463
842,0	0,730953480785707
843,0	0,7465148907659988
844,0	0,7428200551976404
845,0	0,7574440843952619
846,0	0,7897527780800131
847,0	0,7720202386445711
848,0	0,7868192199271821
849,0	0,7776402969866061
850,0	0,7555372514269618
851,0	0,7390197055302761
852,0	0,739535517498209
853,0	0,7297220434015195
854,0	0,7242889530349839
855,0	0,734290502692445
856,0	0,751858486362891
857,0	0,7440974181357971
858,0	0,731534280435412
859,0	0,7351766792603643
860,0	0,725678993092219
861,0	0,7393186270829818
862,0	0,7576198725723977
863,0	0,7737847493727459
864,0	0,7857288895835827
865,0	0,8020950194405809
866,0	0,8014899905208851
867,0	0,8068121921204336
868,0	0,8123027360812669
869,0	0,8101156145829834
870,0	0,8164444419248981
871,0	0,8061966769496541
872,0	0,8072140668698965
873,0	0,791335773285983
874,0	0,7954630529869252
875,0	0,7972709348036098
876,0	0,79260689036667
877,0	0,7750202538989718
878,0	0,7744948515491383
879,0	0,77411151825665
880,0	0,7695657484092404
881,0	0,7695564080925431
882,0	0,76921012423462
883,0	0,7766947294608294
884,0	0,7721783876448485
885,0	0,7800212589314067
886,0	0,7579278805186633
887,0	0,7698536270287879
888,0	0,770557908718462
889,0	0,7770903119721674
890,0	0,757772397385342
891,0	0,7365766954466674
892,0	0,7381710401807585
893,0	0,7610007323822023
894,0	0,7872129760629158
895,0	0,7600572068535467
896,0	0,7459172905874433
897,0	0,7392781083112924
898,0	0,7302244524399413
899,0	0,7171696452348442
900,0	0,7449974678955648
901,0	0,7738134005273085
902,0	0,7840547645040429
903,0	0,7851691960189613
904,0	0,7714087871991125
905,0	0,7572077001379912
906,0	0,7797502135904529
907,0	0,7578166389878694
908,0	0,7611001164103601
909,0	0,7693447908090977
910,0	0,774367880226786
911,0	0,7830340519121215
912,0	0,7950685236657671
913,0	0,7937742379445694
914,0	0,7927509130016639
915,0	0,782147629012483
916,0	0,7736374043587051
917,0	0,79003519047067
918,0	0,8044989055158002
919,0	0,7939450981289627
920,0	0,7882827007809243
921,0	0,7835877739131673
922,0	0,7930916668220565
923,0	0,785090291616167
924,0	0,7809530362328567
925,0	0,7882318263441713
926,0	0,7941614482587529
927,0	0,7833189951726833
928,0	0,7710501514848676
929,0	0,8025637010390705
930,0	0,7816777234553446
931,0	0,7713924726143501
932,0	0,7651469074520919
933,0	0,7766227047858001
934,0	0,7768105471285826
935,0	0,7662427456618196
936,0	0,7906521013418103
937,0	0,8029122918840356
938,0	0,8041332210545958
939,0	0,8355933294348591
940,0	0,8484835040981225
941,0	0,8384287240946287
942,0	0,839628839435209
943,0	0,8457325150726545
944,0	0,8438315711886785
945,0	0,8614397203207746
946,0	0,8664010919779304
947,0	0,8686187210118282
948,0	0,859357552623736
949,0	0,84784169091774
950,0	0,8518448814482293
951,0	0,8564530244943173
952,0	0,8513724228710583
953,0	0,8516558817988562
954,0	0,8532764271574979
955,0	0,8450870911131638
956,0	0,8408176034281092
957,0	0,8234879764065911
958,0	0,8181627351532805
959,0	0,8280779028591416
960,0	0,8218678103377445
961,0	0,8201388239237695
962,0	0,818681394552673
963,0	0,828287574226797
964,0	0,8260268926005134
965,0	0,8310962660959188
966,0	0,8313150604947643
967,0	0,817304071793226
968,0	0,8153110943545527
969,0	0,8334318798709013
970,0	0,8399956788553882
971,0	0,849994703300788
972,0	0,8398795941638552
973,0	0,8410558313424075
974,0	0,8315478900066106
975,0	0,813615007533148
976,0	0,7834841479457466
977,0	0,7785691370924236
978,0	0,7706585531783914
979,0	0,7848988614768889
980,0	0,7986505300400799
981,0	0,7976535286490489
982,0	0,7875964245942705
983,0	0,7902612407586583
984,0	0,7901377702358323
985,0	0,8040586676206622
986,0	0,824893265373284
987,0	0,8292640958072652
988,0	0,8240115546840066
989,0	0,8332833659624478
990,0	0,8413030609861293
991,0	0,8455402604457832
992,0	0,8369091529518006
993,0	0,8517321106590714
994,0	0,868813725684991
995,0	0,8593287405193402
996,0	0,8668164142902072
997,0	0,8524341641537362
998,0	0,8442334469440961
999,0	0,8487510572665952
1000,0	0,8414262258239448
1001,0	0,8328890314317142
1002,0	0,8435366735440843
1003,0	0,8264512123673452
1004,0	0,8324668294813918
1005,0	0,824408107665393
1006,0	0,8288970851162722
1007,0	0,8431617898469064
1008,0	0,8404775724373903
1009,0	0,839604339705372
1010,0	0,8412706961482574
1011,0	0,8230255730334655
1012,0	0,8088360127093446
1013,0	0,8030806175055187
1014,0	0,799783285938928
1015,0	0,7980239121615087
1016,0	0,7961787678629785
1017,0	0,7811554648888698
1018,0	0,7958980114502878
1019,0	0,7943640194624555
1020,0	0,7954100104374561
1021,0	0,8216602423498014
1022,0	0,8225798285651919
1023,0	0,8213831054106786
1024,0	0,8280261731038631
1025,0	0,831099411327501
1026,0	0,82450322164478
1027,0	0,8398510751344798
1028,0	0,8477757748405373
1029,0	0,8701970880321515
1030,0	0,8750855984618189
1031,0	0,8705581633985232
1032,0	0,8708871409528303
1033,0	0,8817177529157345
1034,0	0,8781083680837607
1035,0	0,8714672250713573
1036,0	0,8633095557644487
1037,0	0,8721142778416386
1038,0	0,8718840115594956
1039,0	0,8818886458521634
1040,0	0,8933777021155199
1041,0	0,8906866630977621
1042,0	0,9007217990819938
1043,0	0,8978770964525163
1044,0	0,8848497016621669
1045,0	0,8877264653650777
1046,0	0,8805351391872173
1047,0	0,8710957895562743
1048,0	0,8603688967441108
1049,0	0,8502783384272817
1050,0	0,8595368057043737
1051,0	0,8515748507934535
1052,0	0,8378583312085254
1053,0	0,8413999546866333
1054,0	0,8453807766481469
1055,0	0,8312113101643374
1056,0	0,8163584987939779
1057,0	0,8036139666444653
1058,0	0,7934507746022753
1059,0	0,803731243097414
1060,0	0,7889270465920905
1061,0	0,7840455793457015
1062,0	0,7715552951420095
1063,0	0,7717499359836679
1064,0	0,7843799844440243
1065,0	0,8043195143777083
1066,0	0,7848647677297477
1067,0	0,77946664435829
1068,0	0,7906891790094137
1069,0	0,7930673927558654
1070,0	0,8035210346379978
1071,0	0,7970635134091126
1072,0	0,8097866987937976
1073,0	0,8138958106958357
1074,0	0,7999487085429504
1075,0	0,796652687578072
1076,0	0,7909355078631181
1077,0	0,7936092231293279
1078,0	0,8033069639712765
1079,0	0,7931426807978261
1080,0	0,8120908441921038
1081,0	0,8220775800251514
1082,0	0,8207524541789727
1083,0	0,8240257364004245
1084,0	0,8234685837904459
1085,0	0,8294021245206022
1086,0	0,8123826743084761
1087,0	0,8202400754300443
1088,0	0,8156587238573384
1089,0	0,8283802191884823
1090,0	0,8459229720844411
1091,0	0,8545031635150425
1092,0	0,8470177972231403
1093,0	0,8475589095731665
1094,0	0,8520850207537347
1095,0	0,8556272318760373
1096,0	0,8506934626772061
1097,0	0,8341730493150483
1098,0	0,835180371537882
1099,0	0,8423326687311151
1100,0	0,8476150102545429
1101,0	0,8426548396415835
1102,0	0,8444045863331238
1103,0	0,8388164897939595
1104,0	0,8488054993374322
1105,0	0,8448344242217265
1106,0	0,8358449443955192
1107,0	0,8376198850392543
1108,0	0,8114320187454105
1109,0	0,821127085675043
1110,0	0,8162187492056737
1111,0	0,8154426956473309
1112,0	0,8159123128654356
1113,0	0,812974686472908
1114,0	0,8171400007468589
1115,0	0,8166154569770634
1116,0	0,8245628751816034
1117,0	0,8189233814746869
1118,0	0,8260518597554009
1119,0	0,8297637389917722
1120,0	0,8149618762845546
1121,0	0,816773800945435
1122,0	0,8219219756913212
1123,0	0,8296356241083226
1124,0	0,8493812501008168
1125,0	0,8555710522488007
1126,0	0,8686548474016927
1127,0	0,8573707515163876
1128,0	0,8663138297031694
1129,0	0,8678732812826092
1130,0	0,868438159371383
1131,0	0,8675303810642373
1132,0	0,8690518753834946
1133,0	0,8659808037581894
1134,0	0,8602182299265301
1135,0	0,8478327196861969
1136,0	0,8455026957125575
1137,0	0,8491678311152953
1138,0	0,852005322880178
1139,0	0,8618629639037524
1140,0	0,8568365677131995
1141,0	0,8473144807950601
1142,0	0,8433941766519478
1143,0	0,8525019170944679
1144,0	0,8691234595342877
1145,0	0,8809474607491821
1146,0	0,8808963575673254
1147,0	0,8830952167278137
1148,0	0,8814091244487691
1149,0	0,8808616546815284
1150,0	0,8739483969942118
1151,0	0,8638712849110296
1152,0	0,8604228720518037
1153,0	0,8742335197489175
1154,0	0,8736432865621051
1155,0	0,8805999403301956
1156,0	0,8851397934892763
1157,0	0,8821111445554336
1158,0	0,8891581202614686
1159,0	0,8973369821052444
1160,0	0,8974152835938773
1161,0	0,8761698330070332
1162,0	0,874942217620306
1163,0	0,8695718307341764
1164,0	0,8616091666336175
1165,0	0,8652053544611019
1166,0	0,850288361865378
1167,0	0,8629527921316177
1168,0	0,8571597724540552
1169,0	0,8406039784188056
1170,0	0,8351274119185651
1171,0	0,8328362679651935
1172,0	0,8352784194800055
1173,0	0,8311375905126647
1174,0	0,8288038800892948
1175,0	0,8338195148283037
1176,0	0,8372414185051026
1177,0	0,8405541566249704
1178,0	0,8254741197382869
1179,0	0,8412026965974195
1180,0	0,8641517728475502
1181,0	0,8509313762958984
1182,0	0,8667013988411046
1183,0	0,8529252451446133
1184,0	0,8497198305682115
1185,0	0,8527666381948374
1186,0	0,8679811735783227
1187,0	0,8803045318525068
1188,0	0,8892424819948112
1189,0	0,8829972339593868
1190,0	0,8726362534481196
1191,0	0,8730143688510733
1192,0	0,8782985246096857
1193,0	0,8607279335685936
1194,0	0,8538046722559115
1195,0	0,8577431627116797
1196,0	0,878619735598095
1197,0	0,8838348994255973
1198,0	0,8767401165075565
1199,0	0,8796672920524092
1200,0	0,8777759014422575
1201,0	0,8734687506368783
1202,0	0,8827190566614225
1203,0	0,8822352416197553
1204,0	0,8910413629272419
1205,0	0,8806146550888962
1206,0	0,8789339086196255
1207,0	0,9028296140980041
1208,0	0,9059827789250052
1209,0	0,9159914778309868
1210,0	0,8946560021119567
1211,0	0,889160769680283
1212,0	0,882479848187527
1213,0	0,8732935998629585
1214,0	0,8796658705202051
1215,0	0,8837337515767467
1216,0	0,8776348906802137
1217,0	0,8792577376597469
1218,0	0,8762271420899259
1219,0	0,8800678032849375
1220,0	0,88681417732802
1221,0	0,8781014461052524
1222,0	0,8613861267397118
1223,0	0,8633495296889176
1224,0	0,8427876089595082
1225,0	0,8295504128613568
1226,0	0,834234712329477
1227,0	0,8110881040244116
1228,0	0,8075314775736028
1229,0	0,8085257467091315
1230,0	0,8188720210949939
1231,0	0,8235834706739799
1232,0	0,8262737706290757
1233,0	0,8242014248531045
1234,0	0,8368380112284197
1235,0	0,8458096292956195
1236,0	0,853117052405005
1237,0	0,8486760956778732
1238,0	0,839613168818963
1239,0	0,834733216811576
1240,0	0,8294742210629772
1241,0	0,8292033811105759
1242,0	0,8539300994174542
1243,0	0,8649454247741473
1244,0	0,8770247459870615
1245,0	0,8701764951792308
1246,0	0,8754331713572886
1247,0	0,8880513196437818
1248,0	0,8844227307633626
1249,0	0,8768273042540382
1250,0	0,8708306398220422
1251,0	0,8717851234682384
1252,0	0,8690047621261944
1253,0	0,866167431175684
1254,0	0,8651852098111262
1255,0	0,8528342534123409
1256,0	0,8441119456463805
1257,0	0,8377307109594396
1258,0	0,8371977821975457
1259,0	0,8516039420193251
1260,0	0,8502569551910616
1261,0	0,8420181017511258
1262,0	0,8469476225472594
1263,0	0,849154994940705
1264,0	0,8356167876430013
1265,0	0,817366213554509
1266,0	0,8090708462409216
1267,0	0,8306580638012366
1268,0	0,8319690254596934
1269,0	0,8428980545409284
1270,0	0,8354560803074047
1271,0	0,8412077697039886
1272,0	0,8339847466485356
1273,0	0,8372746009112427
1274,0	0,8514354726018047
1275,0	0,8583590880068831
1276,0	0,8610163151019747
1277,0	0,8615532750971288
1278,0	0,8504014143657118
1279,0	0,8428662973354941
1280,0	0,8431459041647074
1281,0	0,8426425197701832
1282,0	0,8504181522037445
1283,0	0,8422911347099196
1284,0	0,8613139084167603
1285,0	0,8532699074351132
1286,0	0,8425353134896618
1287,0	0,835566247156788
1288,0	0,8422398699951887
1289,0	0,8330112515018426
1290,0	0,8288971249438563
1291,0	0,8219131782290845
1292,0	0,8274485065095208
1293,0	0,8215119255207024
1294,0	0,8195017532107636
1295,0	0,8230165222522322
1296,0	0,8224510189372277
1297,0	0,82189987751108
1298,0	0,8050429352420898
1299,0	0,8075376216380069
1300,0	0,7996122874012539
1301,0	0,7764636098891576
1302,0	0,7765888178635404
1303,0	0,7751276372869419
1304,0	0,7692615838664397
1305,0	0,7585601621578574
1306,0	0,7628433333868809
1307,0	0,7664700415584863
1308,0	0,7913592396829064
1309,0	0,799245707600181
1310,0	0,7940678344784505
1311,0	0,7778643101152823
1312,0	0,7795447292857469
1313,0	0,7760527994219414
1314,0	0,7954878181280894
1315,0	0,800130869987565
1316,0	0,8137140199678523
1317,0	0,8156210696358124
1318,0	0,8261359618675813
1319,0	0,8165898788892324
1320,0	0,819454358734562
1321,0	0,8119696754309282
1322,0	0,8036632837140713
1323,0	0,8015512300044844
1324,0	0,8084614813042379
1325,0	0,8103888676470371
1326,0	0,8009244650027285
1327,0	0,8015422938519754
1328,0	0,8017008092683868
1329,0	0,8001402701421325
1330,0	0,8039808154508179
1331,0	0,8082968869762521
1332,0	0,8095808068925285
1333,0	0,814742505697074
1334,0	0,8100442294683403
1335,0	0,8108816658999686
1336,0	0,8123392949549566
1337,0	0,8232549289380767
1338,0	0,8176910864801901
1339,0	0,8248493427354485
1340,0	0,80813408150013
1341,0	0,7958162781214982
1342,0	0,8100838677449517
1343,0	0,808274434247627
1344,0	0,799184137973614
1345,0	0,7966293090933226
1346,0	0,8114642649999508
1347,0	0,8111254954324729
1348,0	0,8161499524979444
1349,0	0,8275887342785692
1350,0	0,8415038850309153
1351,0	0,8491517384544334
1352,0	0,8699202212699185
1353,0	0,87315468408619
1354,0	0,8885021971212071
1355,0	0,8780070072269772
1356,0	0,8900994695657403
1357,0	0,8914799520579093
1358,0	0,8882264734414658
1359,0	0,8744462059880698
1360,0	0,8745051331812901
1361,0	0,884643075771667
1362,0	0,8813620659789223
1363,0	0,8759017091772233
1364,0	0,8732104521876242
1365,0	0,8873423167231566
1366,0	0,8931944397108916
1367,0	0,8973151211976762
1368,0	0,9052034137867192
1369,0	0,9027095918904154
1370,0	0,9031291489421811
1371,0	0,8893351426710602
1372,0	0,8813943917117218
1373,0	0,888943473690712
1374,0	0,8861267077116027
1375,0	0,875366803850213
1376,0	0,8639378435642648
1377,0	0,8285455441329489
1378,0	0,8161722113603238
1379,0	0,800794623002501
1380,0	0,8030342705605064
1381,0	0,8241091338092974
1382,0	0,8384203686064381
1383,0	0,8316609802029575
1384,0	0,8335597726119728
1385,0	0,8395571378360422
1386,0	0,8477803851430405
1387,0	0,842265991037368
1388,0	0,8396586187640621
1389,0	0,8177505361604651
1390,0	0,8192128075975222
1391,0	0,8290113873067643
1392,0	0,8391813018510171
1393,0	0,851059539165123
1394,0	0,8411619684031901
1395,0	0,8500986581380326
1396,0	0,8525634219105833
1397,0	0,869618627478373
1398,0	0,8739666401528806
1399,0	0,8580813878840717
1400,0	0,8714163253774746
1401,0	0,8615993168930361
1402,0	0,8700852385098767
1403,0	0,8608907303853484
1404,0	0,85749031567357
1405,0	0,8221240748104317
1406,0	0,778906795196049
1407,0	0,7677763500806493
1408,0	0,7659080995573848
1409,0	0,7639552765586752
1410,0	0,7611771399752312
1411,0	0,7725924755913389
1412,0	0,7532380778509018
1413,0	0,7255749219287806
1414,0	0,7193164141361176
1415,0	0,7257175394443354
1416,0	0,6995166452897315
1417,0	0,6923279848185939
1418,0	0,7001542909053478
1419,0	0,7244286784779489
1420,0	0,7430646783828074
1421,0	0,7578322881734437
1422,0	0,7749992296026186
1423,0	0,7590023830752333
1424,0	0,7797682566993756
1425,0	0,7945414100893374
1426,0	0,7909858504921288
1427,0	0,7998401853412681
1428,0	0,776474655869001
1429,0	0,7634778748658652
1430,0	0,7705337736707657
1431,0	0,7772422437671462
1432,0	0,7760088388370101
1433,0	0,7788816625311086
1434,0	0,7892134105617185
1435,0	0,7837474937982106
1436,0	0,7879340625284903
1437,0	0,7984880435386731
1438,0	0,8161186388295206
1439,0	0,8260067045946077
1440,0	0,8425447022476934
1441,0	0,846065587258932
1442,0	0,8602187050109793
1443,0	0,8578038860081131
1444,0	0,8434274823568169
1445,0	0,8404659500250321
1446,0	0,8151705229057732
1447,0	0,8150901395212755
1448,0	0,8065022617787135
1449,0	0,8044666733805829
1450,0	0,7972897141594758
1451,0	0,7831028884609518
1452,0	0,77427847081978
1453,0	0,7717751214751416
1454,0	0,756710134225306
1455,0	0,7541692043806327
1456,0	0,7624740819194926
1457,0	0,7596132766080731
1458,0	0,7398682217845893
1459,0	0,7214050036488986
1460,0	0,7243565195723135
1461,0	0,7564874422234962
1462,0	0,737451025329205
1463,0	0,7335724353922918
1464,0	0,736459010648038
1465,0	0,7386186321304674
1466,0	0,7468215013307795
1467,0	0,7487298167846401
1468,0	0,7291359865396266
1469,0	0,7296440447709762
1470,0	0,7231318138783654
1471,0	0,7161046048198842
1472,0	0,7403972860384807
1473,0	0,7488836235085926
1474,0	0,7416277750029838
1475,0	0,7302419593801874
1476,0	0,7406209844911624
1477,0	0,7459617570250647
1478,0	0,7460568642328677
1479,0	0,7289000824488887
1480,0	0,7201375574511247
1481,0	0,7222494170912713
1482,0	0,747105924914425
1483,0	0,7860341501473364
1484,0	0,79207854189748
1485,0	0,7936284157455523
1486,0	0,7779810568655812
1487,0	0,7585045921007012
1488,0	0,7832960295993604
1489,0	0,7519712015510613
1490,0	0,7242568805613019
1491,0	0,7339765977719691
1492,0	0,7342993491424765
1493,0	0,7312416995918501
1494,0	0,7411178365923008
1495,0	0,7494344144943906
1496,0	0,7413920241550265
1497,0	0,7263098448334488
1498,0	0,7263737870916344
1499,0	0,7005500858244741
1500,0	0,695044327593305
1501,0	0,6817248803308353
1502,0	0,7023800215638797
1503,0	0,704053901554696
1504,0	0,6969684913403903
1505,0	0,6709627359574498
1506,0	0,6948087864208758
1507,0	0,705986738513773
1508,0	0,7100805009023018
1509,0	0,7183163887923739
1510,0	0,6803276756532458
1511,0	0,661864743627094
1512,0	0,6499791797041425
1513,0	0,6834737360978352
1514,0	0,7046622526538019
1515,0	0,6831609263252002
1516,0	0,6528585288967167
1517,0	0,6301011702220635
1518,0	0,6379195201518159
1519,0	0,6210380469752809
1520,0	0,6205705010475563
1521,0	0,6136033731350304
1522,0	0,6299674347246209
1523,0	0,6531554420323643
1524,0	0,6402255105472316
1525,0	0,656517884499582
1526,0	0,6554376615980588
1527,0	0,6665288597244817
1528,0	0,684943101634018
1529,0	0,6667643923722177
1530,0	0,6535070554307478
1531,0	0,655685765062435
1532,0	0,6648595817876238
1533,0	0,6722806109842298
1534,0	0,6567637313611959
1535,0	0,6751276049877516
1536,0	0,664608697169924
1537,0	0,6673377025914659
1538,0	0,6669265146741681
1539,0	0,68171747543807
1540,0	0,662713654392611
1541,0	0,6908903383081515
1542,0	0,6929213265335289
1543,0	0,7151389812232408
1544,0	0,7730634854786409
1545,0	0,7867999656108786
1546,0	0,7948238347039916
1547,0	0,8132341894790801
1548,0	0,8267769222891275
1549,0	0,8520809468320661
1550,0	0,857107901004758
1551,0	0,8619116067767605
1552,0	0,8554541143669477
1553,0	0,8558779886572688
1554,0	0,8625762098684991
1555,0	0,8554868451857923
1556,0	0,8476557873763149
1557,0	0,852440705779502
1558,0	0,8616442991078558
1559,0	0,8612751826003353
1560,0	0,8597520084232501
1561,0	0,8555941529062142
1562,0	0,8265718944763241
1563,0	0,8148197603986692
1564,0	0,8093336117526336
1565,0	0,8032547354301406
1566,0	0,8026777422843216
1567,0	0,7975830839550185
1568,0	0,8008295608779378
1569,0	0,7961294992597147
1570,0	0,811015844814072
1571,0	0,8150953570832342
1572,0	0,8135605485976232
1573,0	0,8073260180175187
1574,0	0,7890469316886763
1575,0	0,8039656490259297
1576,0	0,800914485434986
1577,0	0,8037998341064909
1578,0	0,8006444939432616
1579,0	0,8022431474398668
1580,0	0,80610803604965
1581,0	0,8046690850251004
1582,0	0,8158290252212691
1583,0	0,8219231955889917
1584,0	0,8234046600969332
1585,0	0,8143101006350775
1586,0	0,822787796172882
1587,0	0,8141310924056536
1588,0	0,8122295651418437
1589,0	0,8072200806503458
1590,0	0,7972862294270612
1591,0	0,7929264014207874
1592,0	0,7979565531885936
1593,0	0,8055100649480263
1594,0	0,7956236074005775
1595,0	0,7996350333390053
1596,0	0,8063776522561635
1597,0	0,8036019331145219
1598,0	0,7988158625976536
1599,0	0,7749098615933357
1600,0	0,7950238586822531
1601,0	0,7971237253604136
1602,0	0,8032105111450364
1603,0	0,7992737202285897
1604,0	0,812875642302651
1605,0	0,8048161482992722
1606,0	0,8143621050427209
1607,0	0,8006455709430229
1608,0	0,8093893278176341
1609,0	0,8089897241006616
1610,0	0,8118902936036705
1611,0	0,8208394242834001
1612,0	0,8224675587143181
1613,0	0,8309800450967241
1614,0	0,8269790140085427
1615,0	0,8328362934949782
1616,0	0,8336123161651251
1617,0	0,8228751527613637
1618,0	0,8218128957981127
1619,0	0,8165458234728413
1620,0	0,8291663695738679
1621,0	0,8203480717528364
1622,0	0,8163908994171458
1623,0	0,8216603880220466
1624,0	0,8129958209800008
1625,0	0,8171112881644743
1626,0	0,803393011757995
1627,0	0,8080859902593079
1628,0	0,8097781994263524
1629,0	0,8046278846652415
1630,0	0,7979056715638071
1631,0	0,7878410108374057
1632,0	0,7922288334358635
1633,0	0,7929910648984191
1634,0	0,7911587828144078
1635,0	0,7748317629077522
1636,0	0,7751685506043718
1637,0	0,7772001909963796
1638,0	0,7874604950495877
1639,0	0,7871764380947669
1640,0	0,7944226470557676
1641,0	0,791842063175367
1642,0	0,8208502832040244
1643,0	0,8421984756555332
1644,0	0,847744713376952
1645,0	0,8626782774174899
1646,0	0,8665523108532308
1647,0	0,8625280204550305
1648,0	0,8486484559981371
1649,0	0,8596595533277027
1650,0	0,8480646486352842
1651,0	0,856787961692574
1652,0	0,8384050886026309
1653,0	0,8386565778125236
1654,0	0,8522460814284764
1655,0	0,8442601403844104
1656,0	0,8503313098881508
1657,0	0,8491305948178348
1658,0	0,8520040962659686
1659,0	0,8545664547433385
1660,0	0,8293105955600465
1661,0	0,8254397668814061
1662,0	0,8315304390918341
1663,0	0,8376259685452441
1664,0	0,8440352127953977
1665,0	0,8494982867763171
1666,0	0,836391786358959
1667,0	0,8301465096205484
1668,0	0,8491437935735859
1669,0	0,8452934756193093
1670,0	0,8521758908717633
1671,0	0,8403011174849577
1672,0	0,8252070267392783
1673,0	0,8155934554530856
1674,0	0,8036933109868314
1675,0	0,7975572191468557
1676,0	0,7960608353975278
1677,0	0,7992116047065065
1678,0	0,82573960020887
1679,0	0,835144519520337
1680,0	0,8508915755403749
1681,0	0,8673146524003514
1682,0	0,8663919715781087
1683,0	0,8490236024344776
1684,0	0,8479061392293352
1685,0	0,8430755081002791
1686,0	0,8277244781982478
1687,0	0,8334605248889931
1688,0	0,833308434040886
1689,0	0,8386043544055282
1690,0	0,8460058373476914
1691,0	0,8379845029466307
1692,0	0,8443027496255109
1693,0	0,8606652149546385
1694,0	0,8694118635491364
1695,0	0,860707552166621
1696,0	0,8634440616625555
1697,0	0,8703530406927509
1698,0	0,8625014913519193
1699,0	0,8540694105572876
1700,0	0,8574650525378937
1701,0	0,8554948766397219
1702,0	0,8576739212663194
1703,0	0,8629051866569938
1704,0	0,8732487774595828
1705,0	0,8560126163786728
1706,0	0,8472888253514863
1707,0	0,8510895588326649
1708,0	0,8447217477574966
1709,0	0,8447890825150328
1710,0	0,8613924927648128
1711,0	0,8561218848923288
1712,0	0,8549268023186073
1713,0	0,8613893504706188
1714,0	0,8755416680829
1715,0	0,8675875569843072
1716,0	0,8527234848990294
1717,0	0,8293653402785356
1718,0	0,8458341409507157
1719,0	0,8507885203195132
1720,0	0,8636056445112081
1721,0	0,8580494117027111
1722,0	0,8560685315577664
1723,0	0,8487586430873275
1724,0	0,8528953773930475
1725,0	0,8482195026837807
1726,0	0,8439192872547001
1727,0	0,8434175455468238
1728,0	0,842121376865665
1729,0	0,8178186368013842
1730,0	0,8409309367201026
1731,0	0,8434852083123279
1732,0	0,8288458729293642
1733,0	0,8244357027971886
1734,0	0,8345726182032878
1735,0	0,8384366257572586
1736,0	0,8423913461242734
1737,0	0,8212675705175706
1738,0	0,821326930393188
1739,0	0,8234040348084435
1740,0	0,8298643855523392
1741,0	0,8446630837453991
1742,0	0,8463150004868988
1743,0	0,8432009356920127
1744,0	0,8370446376159266
1745,0	0,8405087512957967
1746,0	0,8370302236389244
1747,0	0,8343521883607279
1748,0	0,8294169956643365
1749,0	0,8178510865699691
1750,0	0,8235600471925619
1751,0	0,8239666145981226
1752,0	0,8352234996876184
1753,0	0,8388216802971912
1754,0	0,8362512593736435
1755,0	0,844923579783381
1756,0	0,8449419575825317
1757,0	0,8426004922375973
1758,0	0,849250490489676
1759,0	0,8519473236882216
1760,0	0,8485913183275982
1761,0	0,856052612586188
1762,0	0,8539423337687064
1763,0	0,8453551880420792
1764,0	0,8439373120587681
1765,0	0,8557244194975994
1766,0	0,8554159133438488
1767,0	0,8532669464643072
1768,0	0,8514868995803055
1769,0	0,8400395529821078
1770,0	0,8549244428119365
1771,0	0,8462117877329929
1772,0	0,853947438075215
1773,0	0,8721307551702694
1774,0	0,8657933339862762
1775,0	0,8586974139529013
1776,0	0,861783680105382
1777,0	0,8595840699272351
1778,0	0,8478255052033695
1779,0	0,8501244415747505
1780,0	0,8536893752362115
1781,0	0,8470542451004885
1782,0	0,8484908533008322
1783,0	0,8517041450923244
1784,0	0,8514029783954694
1785,0	0,8494768351349755
1786,0	0,8552457901251248
1787,0	0,8551668400766668
1788,0	0,8506838874595448
1789,0	0,8481468612094137
1790,0	0,8467415825196134
1791,0	0,8442894824017464
1792,0	0,8429566184605289
1793,0	0,8546337873900764
1794,0	0,8426061652686959
1795,0	0,848036492792074
1796,0	0,8492501725636815
1797,0	0,8510385471744243
1798,0	0,8497344130445127
1799,0	0,8485375219628913
1800,0	0,8411527959598079
1801,0	0,830686746669001
1802,0	0,834180144676405
1803,0	0,8325367253781382
1804,0	0,8315284223471338
1805,0	0,8269183834001083
1806,0	0,8254809000093825
1807,0	0,8388338914773169
1808,0	0,8339949162779261
1809,0	0,8267338000089268
1810,0	0,8191990393794368
1811,0	0,8209325951596987
1812,0	0,8377539291986168
1813,0	0,8599650965954155
1814,0	0,8588314172019811
1815,0	0,8746950191589258
1816,0	0,8833860482372156
1817,0	0,8810220921750821
1818,0	0,8901021137093514
1819,0	0,8958381620778014
1820,0	0,8804275687374996
1821,0	0,885013988995422
1822,0	0,8850590778187907
1823,0	0,8750643760196425
1824,0	0,8801563295272519
1825,0	0,8792376964775159
1826,0	0,8627897328088869
1827,0	0,8700357746516583
1828,0	0,8819639829014028
1829,0	0,8853478542852478
1830,0	0,8839056700140993
1831,0	0,8835256468612737
1832,0	0,8742869645081415
1833,0	0,8733012151652492
1834,0	0,8670279603173285
1835,0	0,8663597289387487
1836,0	0,8641387731224218
1837,0	0,8563444107380095
1838,0	0,8642796043656714
1839,0	0,8652471918071211
1840,0	0,8594813862706694
1841,0	0,8635348605306937
1842,0	0,8626414631649404
1843,0	0,8497961208717583
1844,0	0,8455101429219889
1845,0	0,8315381870835971
1846,0	0,8439416609609752
1847,0	0,836989679962633
1848,0	0,852179770056307
1849,0	0,8619993423427318
1850,0	0,8599956945003255
1851,0	0,8799624800126236
1852,0	0,8893926252296475
1853,0	0,9047797818674375
1854,0	0,905302673782897
1855,0	0,9047557407021204
1856,0	0,9139200587094193
1857,0	0,9193952665833861
1858,0	0,9203190627696841
1859,0	0,9170345131593155
1860,0	0,9181367330357199
1861,0	0,9318079033411808
1862,0	0,9311954624879424
1863,0	0,9279460965002329
1864,0	0,9192223201003575
1865,0	0,9104020452703626
1866,0	0,9116590642339715
1867,0	0,9187352456959375
1868,0	0,8982474564856835
1869,0	0,8909648415670616
1870,0	0,8849433565244954
1871,0	0,8696511077209268
1872,0	0,8753692966811402
1873,0	0,8659087711920382
1874,0	0,858431700112774
1875,0	0,8607409820381088
1876,0	0,8525516141718064
1877,0	0,8346412588715298
1878,0	0,8294875076582313
1879,0	0,8356371672365835
1880,0	0,8336774877425509
1881,0	0,8269098319425706
1882,0	0,8300112263971825
1883,0	0,8231729498809625
1884,0	0,8328682000145213
1885,0	0,8500067997106737
1886,0	0,8552938495830124
1887,0	0,8634329485508977
1888,0	0,8665050991786835
1889,0	0,8668075302970881
1890,0	0,8714352776585502
1891,0	0,8785190239168195
1892,0	0,8690031159534533
1893,0	0,8666932037029337
1894,0	0,8634201615825229
1895,0	0,8598511354094662
1896,0	0,8462856168278862
1897,0	0,8210901575892061
1898,0	0,8259524023851202
1899,0	0,8238642505679995
1900,0	0,8259012966276471
1901,0	0,8423907106465919
1902,0	0,8325653368802686
1903,0	0,8421038577351336
1904,0	0,8378537805661556
1905,0	0,8432819206610987
1906,0	0,847187697374634
1907,0	0,8544248793633699
1908,0	0,8681751736164997
1909,0	0,8836278695880463
1910,0	0,8760962191557424
1911,0	0,8654900461899763
1912,0	0,8662713241893916
1913,0	0,8583010725075552
1914,0	0,8574618345711953
1915,0	0,866940125419707
1916,0	0,8747316728441645
1917,0	0,8520804324335081
1918,0	0,8629322885692958
1919,0	0,856788123131851
1920,0	0,8652353145184215
1921,0	0,8662897420239112
1922,0	0,8779648433063757
1923,0	0,8781030301539139
1924,0	0,8805367833485866
1925,0	0,8822638905772006
1926,0	0,8715570535416681
1927,0	0,8645735545393393
1928,0	0,8624297090228007
1929,0	0,8599917843308915
1930,0	0,8606820442428723
1931,0	0,8558495909662611
1932,0	0,8427145255131255
1933,0	0,8359046473067031
1934,0	0,8389056590882642
1935,0	0,8497386213758771
1936,0	0,8582861193030211
1937,0	0,8692105291488539
1938,0	0,8666190093519236
1939,0	0,8742235126383477
1940,0	0,8637983036123984
1941,0	0,8486350094732725
1942,0	0,8397853035832887
1943,0	0,8420019564173099
1944,0	0,8410594005753652
1945,0	0,8366477705658101
1946,0	0,8349044774773605
1947,0	0,8328146222791992
1948,0	0,8204387877043983
1949,0	0,8093061581524834
1950,0	0,8066499072701772
1951,0	0,8088220767206605
1952,0	0,8119362050009231
1953,0	0,7932729992164178
1954,0	0,8054280376933786
1955,0	0,7954672111612284
1956,0	0,8147450515011543
1957,0	0,8150465371743374
1958,0	0,8147363569215244
1959,0	0,8216430811116422
1960,0	0,8095455959799275
1961,0	0,8045671862256834
1962,0	0,8285748148450525
1963,0	0,8349516830031304
1964,0	0,8501347433576172
1965,0	0,8571137468772189
1966,0	0,8553237317806274
1967,0	0,8607393977095749
1968,0	0,862194852615501
1969,0	0,8518410139360979
1970,0	0,8474878652810345
1971,0	0,8748366783550765
1972,0	0,8794457606588714
1973,0	0,8847951766392623
1974,0	0,8874734440732578
1975,0	0,8877471495399889
1976,0	0,8966419712524898
1977,0	0,8951102437065396
1978,0	0,8904482935796697
1979,0	0,8937978566120988
1980,0	0,8944783111842366
1981,0	0,8945253085633118
1982,0	0,9026657562952936
1983,0	0,8911023219280715
1984,0	0,8933235161504914
1985,0	0,8992336050342539
1986,0	0,9113712453384488
1987,0	0,9041070007597364
1988,0	0,9109716304433513
1989,0	0,9200766477303616
1990,0	0,9170379781415793
1991,0	0,9150023569069038
1992,0	0,9100149845072849
1993,0	0,9099244921539164
1994,0	0,9139556679940629
1995,0	0,898906084929711
1996,0	0,9094226644241322
1997,0	0,9021894904186984
1998,0	0,918108244170567
1999,0	0,9204284622006911
2000,0	0,9193402059226677
