N: 500,0	L: 25,0	Density:0,8	Noise: 2,0
Time	 Va	
0,0	0,015463797767544335
1,0	0,07616013442916902
2,0	0,04141457633536754
3,0	0,0609963147617989
4,0	0,06291375993351139
5,0	0,07036145884413282
6,0	0,10048813925590357
7,0	0,11346536405158403
8,0	0,1094470975478583
9,0	0,10378644026200085
10,0	0,10796337890772965
11,0	0,10153164409824832
12,0	0,0944233803546701
13,0	0,11356209558970881
14,0	0,14614931827578642
15,0	0,202202450578922
16,0	0,20706693368744492
17,0	0,1970232649904023
18,0	0,21967425735196808
19,0	0,22023483051669795
20,0	0,1592924514560609
21,0	0,16373901146428507
22,0	0,18159740843017336
23,0	0,14144558112894948
24,0	0,1570471221208402
25,0	0,18736045559738435
26,0	0,18682880803170115
27,0	0,17074870039326334
28,0	0,21834271151705437
29,0	0,18171117559787758
30,0	0,2084216378078467
31,0	0,22924763109862237
32,0	0,22785629049187633
33,0	0,21732125185503237
34,0	0,21063763221316323
35,0	0,20020660546501104
36,0	0,1953300855878119
37,0	0,23490954314854107
38,0	0,2317083727500552
39,0	0,27672603072813695
40,0	0,29697727089491605
41,0	0,3175356661835046
42,0	0,30084096686721695
43,0	0,3136314057680082
44,0	0,3428028633260579
45,0	0,3242787838533843
46,0	0,3584277614564751
47,0	0,3112074036794576
48,0	0,3892082085154874
49,0	0,4132077020400254
50,0	0,4189292181246552
51,0	0,4043691994673967
52,0	0,41013722793278873
53,0	0,3883671106279972
54,0	0,3733656384330522
55,0	0,35309719640843235
56,0	0,33956969893763117
57,0	0,29646821372529125
58,0	0,3423182057967465
59,0	0,36017139544108995
60,0	0,38463887336512637
61,0	0,39826900199985116
62,0	0,3617484554847896
63,0	0,3343781633739416
64,0	0,25889929448568233
65,0	0,1870537476569875
66,0	0,15850542812156826
67,0	0,1659241533197343
68,0	0,19229769072076364
69,0	0,22940466810101237
70,0	0,2240196914494047
71,0	0,19007176666502443
72,0	0,17401163305765086
73,0	0,19556005717232824
74,0	0,1960261660172929
75,0	0,13761772473703018
76,0	0,14807768576633012
77,0	0,1578581346127726
78,0	0,11377664054715088
79,0	0,13965258903161074
80,0	0,16386360414853515
81,0	0,2301369991334188
82,0	0,22273684108009362
83,0	0,22169233206483246
84,0	0,24360277198988986
85,0	0,2069089692683029
86,0	0,24220690363559064
87,0	0,22571482143163502
88,0	0,22656691197280704
89,0	0,26271322589657503
90,0	0,22784481662414965
91,0	0,267700601872268
92,0	0,2786695733837119
93,0	0,2657477622674095
94,0	0,21973980736632573
95,0	0,2147878519524627
96,0	0,20849680121393022
97,0	0,20534989087523162
98,0	0,16116953801143413
99,0	0,17221576042888437
100,0	0,17039521822035691
101,0	0,199988212318421
102,0	0,16781095380530753
103,0	0,16176249461788236
104,0	0,18394776609445845
105,0	0,1789930566572789
106,0	0,1357576886398677
107,0	0,12994283034367488
108,0	0,16138655294567114
109,0	0,19507502175397506
110,0	0,16380930162107363
111,0	0,14625908255292364
112,0	0,11346252827152936
113,0	0,10135045657666772
114,0	0,1353406408565968
115,0	0,15668960699551807
116,0	0,13156640022698526
117,0	0,14480868331466812
118,0	0,1598192129002339
119,0	0,13723906509178024
120,0	0,13821745873444327
121,0	0,18299188301818053
122,0	0,13579044328281994
123,0	0,17984229954683317
124,0	0,14414809667324266
125,0	0,16680107016099735
126,0	0,09443223603058938
127,0	0,09648861874395316
128,0	0,11140688175606529
129,0	0,12517410129412546
130,0	0,1540534726746519
131,0	0,17400077630096747
132,0	0,19414339794354213
133,0	0,13790960829201854
134,0	0,16012060197298852
135,0	0,12254927594637682
136,0	0,12147852102321634
137,0	0,10393431343294232
138,0	0,09156451076434782
139,0	0,07722198182296046
140,0	0,06172866025296594
141,0	0,10809239762110884
142,0	0,1306608124087663
143,0	0,19316308171081467
144,0	0,2037974957563291
145,0	0,21697214087150687
146,0	0,23475328083261138
147,0	0,19301835695730524
148,0	0,19322621444740348
149,0	0,209113587865753
150,0	0,1802577682004323
151,0	0,19049163730456756
152,0	0,19683574615576704
153,0	0,19014279691221142
154,0	0,22264847358046486
155,0	0,24364989251073685
156,0	0,24811129376520755
157,0	0,23289098068354305
158,0	0,20172643968082993
159,0	0,22413383166524586
160,0	0,1982986328110663
161,0	0,17675909424347547
162,0	0,19714610866576215
163,0	0,19272802547975218
164,0	0,22124860792868029
165,0	0,20856190530142896
166,0	0,19957576070953875
167,0	0,21193967984692458
168,0	0,20121642549570798
169,0	0,19475107821673238
170,0	0,21838867106482676
171,0	0,2031577120432545
172,0	0,23906194679219567
173,0	0,2503183566352394
174,0	0,26813682059683175
175,0	0,2707909963763802
176,0	0,2546362985353906
177,0	0,2624519017909621
178,0	0,297371817061776
179,0	0,3200224838184675
180,0	0,3330562050987846
181,0	0,3496964885377226
182,0	0,38740041701013755
183,0	0,39310530792811965
184,0	0,4163166000079483
185,0	0,40734757092856555
186,0	0,40237895505376436
187,0	0,3990363566256261
188,0	0,3988250046469928
189,0	0,423753328513434
190,0	0,4085241395605288
191,0	0,4088070942488619
192,0	0,444486084180072
193,0	0,4497961198013299
194,0	0,46178836007196244
195,0	0,4289184139825857
196,0	0,43096397706804385
197,0	0,43309410215854427
198,0	0,4051122937665486
199,0	0,42014983459037303
200,0	0,368363840553189
201,0	0,4045503335635145
202,0	0,38147358827947786
203,0	0,3803642986014067
204,0	0,3971247496557741
205,0	0,383625052137236
206,0	0,3826230270408516
207,0	0,3647591328844819
208,0	0,3614660448372272
209,0	0,34783271875808003
210,0	0,3465163871125585
211,0	0,3458466651614124
212,0	0,3450551789868787
213,0	0,32133687664585403
214,0	0,3115064156514424
215,0	0,3145894040672328
216,0	0,3201435071296924
217,0	0,3413163644797396
218,0	0,3482708415378937
219,0	0,3517677194737633
220,0	0,34368376081428176
221,0	0,36788516042006836
222,0	0,3681779299729457
223,0	0,3688225667592208
224,0	0,43236501302903385
225,0	0,4694192547398345
226,0	0,4937089831071744
227,0	0,4492619370720634
228,0	0,482763214595221
229,0	0,49413884546326853
230,0	0,5429850580541252
231,0	0,5184453615757911
232,0	0,5189579028250967
233,0	0,5284726771545308
234,0	0,5564445849544076
235,0	0,5191635861144146
236,0	0,5218534099378149
237,0	0,515563161424267
238,0	0,5085261508262421
239,0	0,5050049954396969
240,0	0,501469910133406
241,0	0,5116772007380214
242,0	0,4920596842782015
243,0	0,5202507688791757
244,0	0,4963583260424207
245,0	0,5420715559807576
246,0	0,5294506805277164
247,0	0,5474762579783005
248,0	0,5364003687331483
249,0	0,5507751847842216
250,0	0,5374522670846568
251,0	0,5598911312244583
252,0	0,5797828410521311
253,0	0,5864701311143299
254,0	0,5867075882918549
255,0	0,5588832909273366
256,0	0,5678946709792717
257,0	0,5654157742217668
258,0	0,5795472509041467
259,0	0,5833767527563906
260,0	0,5983064081810218
261,0	0,6062463715760502
262,0	0,5998624838805314
263,0	0,6078578132357283
264,0	0,5943749381290907
265,0	0,6066369029308556
266,0	0,6257200783011236
267,0	0,6303168065166869
268,0	0,636841410149956
269,0	0,6573815096560754
270,0	0,6009895996964889
271,0	0,6041510454627937
272,0	0,6055974809658057
273,0	0,5989964834511328
274,0	0,6062861590456095
275,0	0,5785788022946262
276,0	0,5662297030730301
277,0	0,5452673290715363
278,0	0,538882450956665
279,0	0,5469288497009944
280,0	0,5620175149053651
281,0	0,5813053376373154
282,0	0,5467058058135675
283,0	0,5490366779919488
284,0	0,5389123480506574
285,0	0,5526907790708425
286,0	0,5605216057458787
287,0	0,5757056848041059
288,0	0,5365396774181648
289,0	0,4993526881569271
290,0	0,4814337697435397
291,0	0,4788925146501009
292,0	0,500605475133006
293,0	0,5082462888471022
294,0	0,5115099048348141
295,0	0,4971199144100123
296,0	0,48790928793257177
297,0	0,45917415207343426
298,0	0,45342625254080143
299,0	0,42405234786102414
300,0	0,4044722878481129
301,0	0,4013322274765698
302,0	0,4090616791774175
303,0	0,4161471405888446
304,0	0,43846208700295514
305,0	0,45327472432494964
306,0	0,45518615180792976
307,0	0,47154566997795655
308,0	0,5061535508942008
309,0	0,4829906594699668
310,0	0,48054269156697627
311,0	0,5083547306964423
312,0	0,4648252439994889
313,0	0,45445501417882866
314,0	0,41783108775091915
315,0	0,4088399898799413
316,0	0,3710348285417766
317,0	0,38676273353030993
318,0	0,377034808940126
319,0	0,3841394686722629
320,0	0,37758571883367825
321,0	0,35828323821339014
322,0	0,3563378979448558
323,0	0,3020149254301848
324,0	0,29594372645908656
325,0	0,28425495122470235
326,0	0,31190712450447067
327,0	0,35142801616534985
328,0	0,33491129004927433
329,0	0,3308615770837736
330,0	0,3336341750647041
331,0	0,3152127252446963
332,0	0,3015862102272888
333,0	0,31870240406933753
334,0	0,3019618758623825
335,0	0,32379621343235937
336,0	0,3288102776551551
337,0	0,3517700206430282
338,0	0,37256596984760576
339,0	0,41864772812663226
340,0	0,4396645395651702
341,0	0,43877362287919347
342,0	0,4267008389830133
343,0	0,4276118561808942
344,0	0,4478874856734303
345,0	0,461310024434157
346,0	0,4844415513673628
347,0	0,46644824072745916
348,0	0,4871083570030839
349,0	0,48312632636459113
350,0	0,4945427009879655
351,0	0,4946340505168387
352,0	0,4970083917812898
353,0	0,5209971121099977
354,0	0,5170211086942409
355,0	0,5156936440739183
356,0	0,5351854415335461
357,0	0,5653602692721257
358,0	0,5682706978908016
359,0	0,5780690103553183
360,0	0,6211905493672968
361,0	0,6285306591369713
362,0	0,6586627832160107
363,0	0,6594907792469227
364,0	0,6567214936427157
365,0	0,660006216767528
366,0	0,6818066824672651
367,0	0,6423152454147193
368,0	0,6750294656592106
369,0	0,6501037258572149
370,0	0,6474483916975616
371,0	0,6305394208980486
372,0	0,5986653564400994
373,0	0,5641276488220225
374,0	0,5431219995935989
375,0	0,5664514741674829
376,0	0,5677333568446694
377,0	0,5841430185819659
378,0	0,5953745663113192
379,0	0,5843633686635473
380,0	0,6517872830392701
381,0	0,6388386834861933
382,0	0,6286069483115433
383,0	0,6131603726142214
384,0	0,5941729744382879
385,0	0,5916728973425917
386,0	0,5856209316950496
387,0	0,5879614801389055
388,0	0,6203411210886629
389,0	0,6321547426435242
390,0	0,6211221457269364
391,0	0,620771157738301
392,0	0,5988857555047749
393,0	0,5791906860135337
394,0	0,6170625729146927
395,0	0,6214920991903771
396,0	0,6171905252569003
397,0	0,631109802768922
398,0	0,6164296201284531
399,0	0,6017760168650446
400,0	0,5697095345884188
401,0	0,5798609128250773
402,0	0,6004651076231953
403,0	0,6028861035755905
404,0	0,6195513209908696
405,0	0,6072319282546543
406,0	0,5920639818187718
407,0	0,6072416064379261
408,0	0,6086468049601218
409,0	0,6196344937530938
410,0	0,5839484808835865
411,0	0,5790871316318428
412,0	0,5527269651917799
413,0	0,5564597026150705
414,0	0,5323654886278303
415,0	0,4962534886438029
416,0	0,4885996584503971
417,0	0,45107423677877345
418,0	0,38982097826063467
419,0	0,41489544845450554
420,0	0,447290005670674
421,0	0,4446048437932013
422,0	0,4652791598513711
423,0	0,48898392001742536
424,0	0,4997026585288275
425,0	0,5428990810296561
426,0	0,5255192964936292
427,0	0,5210610413935394
428,0	0,5454365475901739
429,0	0,540549664853553
430,0	0,5258993771106206
431,0	0,5101053369261619
432,0	0,504168124229015
433,0	0,518707385828017
434,0	0,5521336520885816
435,0	0,5702413457926098
436,0	0,5633751081435415
437,0	0,5880644718364062
438,0	0,5844749139066365
439,0	0,5858271624062644
440,0	0,5797492019944952
441,0	0,5634431253344776
442,0	0,5432928598797576
443,0	0,5495828519882158
444,0	0,559439064282889
445,0	0,5413961421312606
446,0	0,5212327264421145
447,0	0,5237772156098995
448,0	0,5009286459081411
449,0	0,48109798632414186
450,0	0,5208747249217954
451,0	0,5219091980145298
452,0	0,5222929700754934
453,0	0,5296453634006502
454,0	0,5637064761429824
455,0	0,5600530584079506
456,0	0,5285205215529984
457,0	0,5468131602056349
458,0	0,564553455692611
459,0	0,5406150853355912
460,0	0,5597419644000847
461,0	0,5258802562611663
462,0	0,4885739264529481
463,0	0,4805791716299668
464,0	0,4665079283237133
465,0	0,4711435670521858
466,0	0,4647638776588357
467,0	0,4428212816041607
468,0	0,3873982039252567
469,0	0,4067384745466157
470,0	0,41657288827709277
471,0	0,423153575872364
472,0	0,4494151390999843
473,0	0,4585521280262502
474,0	0,45038697582375636
475,0	0,45265301227960675
476,0	0,43730887170683824
477,0	0,4512935585185017
478,0	0,4594763562509188
479,0	0,46287843799447403
480,0	0,4429471998024936
481,0	0,44086213410619557
482,0	0,4330950094258527
483,0	0,4380218504519785
484,0	0,45352315964781137
485,0	0,4694243474253571
486,0	0,4843514343296057
487,0	0,5091082838571931
488,0	0,48897357499538097
489,0	0,4832833320397782
490,0	0,5254871593210076
491,0	0,5043786164043524
492,0	0,547144997710102
493,0	0,5859048407563403
494,0	0,5718220815358264
495,0	0,5328372006847638
496,0	0,4844950875337402
497,0	0,4738954106807221
498,0	0,4609901043676609
499,0	0,4365287254603629
500,0	0,406763937271456
501,0	0,40812326121338194
502,0	0,3956004535247536
503,0	0,37379690888837624
504,0	0,33011023574697695
505,0	0,3422624630771356
506,0	0,33302465637826734
507,0	0,351450224695378
508,0	0,37128804151064176
509,0	0,38578138998458955
510,0	0,3783627524354218
511,0	0,41090631215615975
512,0	0,42192362382185616
513,0	0,36968705552985337
514,0	0,3289511812281793
515,0	0,3194388887167926
516,0	0,3379607729661789
517,0	0,36997787454982756
518,0	0,37794090500616623
519,0	0,3738732223304144
520,0	0,41685923867749414
521,0	0,43466052183522663
522,0	0,4469740061025228
523,0	0,45830986753017927
524,0	0,4379677725506419
525,0	0,4106839000404661
526,0	0,427010979841166
527,0	0,4518641310162884
528,0	0,4634535858109058
529,0	0,4538489015087982
530,0	0,45522223117671395
531,0	0,48194369295405
532,0	0,4703185749097087
533,0	0,44378856742324285
534,0	0,45082258063840625
535,0	0,4532279948808662
536,0	0,428120661827905
537,0	0,4452623692440717
538,0	0,4619657281801529
539,0	0,5032186436579331
540,0	0,4912896676383631
541,0	0,5427471094593096
542,0	0,5750490427989955
543,0	0,5874074557216457
544,0	0,5936667012646024
545,0	0,6184498510602469
546,0	0,6008792133892976
547,0	0,6173156290709738
548,0	0,6172404184937896
549,0	0,6049798436467185
550,0	0,6075341866512486
551,0	0,6150211399060245
552,0	0,5939642187954072
553,0	0,5905821241598328
554,0	0,6004994550274653
555,0	0,5689648859885076
556,0	0,5601143387371063
557,0	0,5521189129594469
558,0	0,5680774689421557
559,0	0,5547488567379417
560,0	0,5673222881446176
561,0	0,5774475235415901
562,0	0,5623091646699777
563,0	0,584401670028306
564,0	0,5897385863606902
565,0	0,6022915709642324
566,0	0,5924445881325511
567,0	0,5711696031936964
568,0	0,5822148609806955
569,0	0,6236875079620755
570,0	0,6211610362755435
571,0	0,6186200495982533
572,0	0,6167453082052681
573,0	0,5926226454177446
574,0	0,5858701809110967
575,0	0,5925618236620099
576,0	0,589201578219817
577,0	0,5809132618413645
578,0	0,598948633526729
579,0	0,5752156030685747
580,0	0,6006855288634712
581,0	0,5939259176577516
582,0	0,63897341374379
583,0	0,6182088024358313
584,0	0,6369536782391348
585,0	0,6289277315271256
586,0	0,6248071807784499
587,0	0,6537217856995362
588,0	0,6719653286771186
589,0	0,6820912167673914
590,0	0,693488370486547
591,0	0,7195500450258702
592,0	0,7546357926800795
593,0	0,7593616837808096
594,0	0,7547770016764754
595,0	0,7517755991916634
596,0	0,7374709300194575
597,0	0,7112897968882376
598,0	0,70106597526121
599,0	0,6848022466644609
600,0	0,7097949711710878
601,0	0,6972894196303929
602,0	0,7080819026170888
603,0	0,7064088854509563
604,0	0,7173899358056904
605,0	0,7072809809602973
606,0	0,7024321797142736
607,0	0,6818852385946867
608,0	0,6564511713550893
609,0	0,645582514321628
610,0	0,6492202522389693
611,0	0,6541932638658768
612,0	0,6616475122564183
613,0	0,6840330229133932
614,0	0,6722054636699747
615,0	0,6474029445245303
616,0	0,6788803926277877
617,0	0,6481196129517995
618,0	0,6492488651995959
619,0	0,6407408982459863
620,0	0,6516928872188401
621,0	0,6138891414141859
622,0	0,5823021584252452
623,0	0,5812558579895551
624,0	0,5577843458290616
625,0	0,5786783459325068
626,0	0,5994186346635726
627,0	0,5898440081862472
628,0	0,5840778719889255
629,0	0,5981059747211784
630,0	0,5523918983213671
631,0	0,5787013849402549
632,0	0,5449598736849374
633,0	0,5605642830516127
634,0	0,5577998361055111
635,0	0,5519521139746681
636,0	0,5438528823381754
637,0	0,5631132408440593
638,0	0,5904913868411418
639,0	0,5941750792281129
640,0	0,616133008223507
641,0	0,612574475060561
642,0	0,6050670365363344
643,0	0,6177843593966648
644,0	0,6248963387972206
645,0	0,6191765581231521
646,0	0,6173830797013797
647,0	0,6303221772761881
648,0	0,6257995736678045
649,0	0,5945207857149836
650,0	0,5803472819798193
651,0	0,5695628758472594
652,0	0,562253641669801
653,0	0,5968177150939595
654,0	0,573603787514702
655,0	0,5734313743742357
656,0	0,5783368252349033
657,0	0,5759841245612471
658,0	0,5930308301673841
659,0	0,5773630919316733
660,0	0,5657769807580035
661,0	0,5649813273797041
662,0	0,5615171662237451
663,0	0,5624532532896206
664,0	0,5654618577551858
665,0	0,5645257279491586
666,0	0,5358730033590123
667,0	0,5578066725909473
668,0	0,5711315345508845
669,0	0,5910106283914873
670,0	0,6222378353953523
671,0	0,6026981228155545
672,0	0,6009328843554806
673,0	0,5977222989601166
674,0	0,572593599588328
675,0	0,5720941481150879
676,0	0,547151100262661
677,0	0,5818851117274692
678,0	0,6043250618067504
679,0	0,5836367683362153
680,0	0,598154930570475
681,0	0,6199273414653037
682,0	0,6345808786019884
683,0	0,6014325718364018
684,0	0,5725123913765808
685,0	0,5471920659573895
686,0	0,4904136706189599
687,0	0,4858360714278991
688,0	0,49457582218683066
689,0	0,48439525957997803
690,0	0,5002969687467851
691,0	0,4424627402729187
692,0	0,44575246440062555
693,0	0,43477622289339335
694,0	0,46793774401700794
695,0	0,44245155485304755
696,0	0,4236304427236755
697,0	0,4362383055090538
698,0	0,44419296806881753
699,0	0,4438081876695733
700,0	0,4669797736133133
701,0	0,49167863409160684
702,0	0,45174569955642935
703,0	0,43744963650858854
704,0	0,49438352305772476
705,0	0,4381685506444658
706,0	0,40259079777523954
707,0	0,4025811895627244
708,0	0,4105370264511261
709,0	0,37322089993453167
710,0	0,3344106086842381
711,0	0,31207475268778606
712,0	0,3211000025807669
713,0	0,32469894764642254
714,0	0,3088238984075592
715,0	0,31687833776142216
716,0	0,3193134497280349
717,0	0,2627298003001793
718,0	0,2511223444446214
719,0	0,2620682885208257
720,0	0,2644537819327229
721,0	0,2582142975237879
722,0	0,23921303702698485
723,0	0,25086395831338015
724,0	0,256902009507214
725,0	0,2587837386583669
726,0	0,29665664491432164
727,0	0,2649373311596523
728,0	0,2672072643703723
729,0	0,26699262740290547
730,0	0,2590718938048893
731,0	0,24740314176638392
732,0	0,26114952559844956
733,0	0,23656693483968985
734,0	0,19800427069025012
735,0	0,23684059833930354
736,0	0,2584806030600179
737,0	0,2901548801442654
738,0	0,3101207742143336
739,0	0,341400693932502
740,0	0,36485321439963936
741,0	0,32911696520683864
742,0	0,3714152672570939
743,0	0,33546994147886555
744,0	0,33039035897880115
745,0	0,2583780425374911
746,0	0,21771314935793867
747,0	0,2142354075961635
748,0	0,18774112839314305
749,0	0,18170867489976528
750,0	0,18921429043205854
751,0	0,23298955853120987
752,0	0,235122085093361
753,0	0,21636947911176052
754,0	0,15314851158460746
755,0	0,20860740315473
756,0	0,24329309635604635
757,0	0,25360333678103864
758,0	0,29166100911839066
759,0	0,35062509500081945
760,0	0,3741515010652629
761,0	0,32476188271679324
762,0	0,35586098890810314
763,0	0,3780726260435109
764,0	0,4491429115654925
765,0	0,43133239048931293
766,0	0,4641554561461793
767,0	0,4967413020791155
768,0	0,49837952164673816
769,0	0,5138635118018036
770,0	0,5045659506271244
771,0	0,4920122238013551
772,0	0,4973223035290257
773,0	0,5041409683779378
774,0	0,48222334955365503
775,0	0,5095271436995368
776,0	0,5066837189651582
777,0	0,5189318613052157
778,0	0,524758633538082
779,0	0,536742380155925
780,0	0,5433276173096838
781,0	0,5304088924410745
782,0	0,5292548703874328
783,0	0,4782927645557975
784,0	0,4727685562453993
785,0	0,51593019524405
786,0	0,49123238808981434
787,0	0,5281640084228512
788,0	0,5705070563422463
789,0	0,5751021145664655
790,0	0,5877837276917514
791,0	0,5670641017611271
792,0	0,5314187410457083
793,0	0,5119705727203657
794,0	0,47617848108298716
795,0	0,46291212627589134
796,0	0,484895261559913
797,0	0,5078488071629456
798,0	0,4533255837372631
799,0	0,4849022514767151
800,0	0,5332544260284644
801,0	0,5089874473427435
802,0	0,529196273051131
803,0	0,45808750813264526
804,0	0,46476792640327713
805,0	0,4582174536817459
806,0	0,402751835267684
807,0	0,3789539162321491
808,0	0,36156768187364213
809,0	0,4246190263809703
810,0	0,40987762106270137
811,0	0,39091281968870856
812,0	0,41617954857197875
813,0	0,3844765983683656
814,0	0,36309608721251246
815,0	0,3756260831365786
816,0	0,3793074781657918
817,0	0,3456383832667454
818,0	0,3466789174053458
819,0	0,31903130130140234
820,0	0,27598553851096386
821,0	0,28466471585576014
822,0	0,28385637104809747
823,0	0,33600162714579074
824,0	0,4312794910936267
825,0	0,45010924156762966
826,0	0,4846285734965129
827,0	0,5568418397539749
828,0	0,5660463845368305
829,0	0,5448726020107469
830,0	0,5350174111683248
831,0	0,5583718266721065
832,0	0,5770233660226463
833,0	0,6150463455668608
834,0	0,6264601475254356
835,0	0,6215479782804769
836,0	0,593899486003386
837,0	0,6083446662813223
838,0	0,624073024120456
839,0	0,6606406443291352
840,0	0,6719999909163415
841,0	0,670183734761793
842,0	0,6532655675230724
843,0	0,6553266169402753
844,0	0,6488188697094948
845,0	0,637150994009233
846,0	0,6253929140217245
847,0	0,6000483232704056
848,0	0,534097583658366
849,0	0,5392257614150564
850,0	0,5431288060735344
851,0	0,5359025770262622
852,0	0,5539945181333401
853,0	0,5315159322385485
854,0	0,550547692104512
855,0	0,5736681312941333
856,0	0,5270815200712523
857,0	0,5262514067956121
858,0	0,5340407156219733
859,0	0,543454465142767
860,0	0,5149602275419962
861,0	0,5498313904847261
862,0	0,5595880802754489
863,0	0,5360183016472846
864,0	0,5601372438721082
865,0	0,5710584339402643
866,0	0,5757054405705938
867,0	0,5735929922242519
868,0	0,5613552551848426
869,0	0,5689362314663617
870,0	0,5814577355436044
871,0	0,5744282696062923
872,0	0,5890676978993025
873,0	0,5991206151042123
874,0	0,5805946893065042
875,0	0,5845030145888218
876,0	0,6002329758655163
877,0	0,553234383015559
878,0	0,5317857383553639
879,0	0,5452182822047962
880,0	0,5515638190285493
881,0	0,5870237322829889
882,0	0,6068655197517526
883,0	0,5943977909981548
884,0	0,5949669968838383
885,0	0,5611313426795645
886,0	0,5081522446350888
887,0	0,4986290593101035
888,0	0,48792784383127147
889,0	0,43539117882062184
890,0	0,42772698826715233
891,0	0,401218450489345
892,0	0,3835465567064618
893,0	0,36109082936144987
894,0	0,34823157473939215
895,0	0,329060125500361
896,0	0,34144350003467694
897,0	0,32878445683855
898,0	0,31433088167954826
899,0	0,31158320938862083
900,0	0,3627287503481803
901,0	0,3404345252107942
902,0	0,3632391736770343
903,0	0,39227510339852584
904,0	0,4099072438220472
905,0	0,44012136178066175
906,0	0,4673600226264368
907,0	0,5006499365654125
908,0	0,5027630556041327
909,0	0,5158864341306153
910,0	0,4783279268499435
911,0	0,442890894085413
912,0	0,4449629964494075
913,0	0,40216618544077304
914,0	0,4043699247439981
915,0	0,38149923102268263
916,0	0,3755248368397956
917,0	0,3915199859926023
918,0	0,3954436243936156
919,0	0,3916047839083843
920,0	0,37479348717031497
921,0	0,3086532938879555
922,0	0,36558730933709155
923,0	0,37813012344236796
924,0	0,36995044788949555
925,0	0,3381061382739128
926,0	0,3634032613473516
927,0	0,3432506519295935
928,0	0,28882804197968065
929,0	0,28399921293055364
930,0	0,3273210378596425
931,0	0,33019508485586213
932,0	0,32506165907545115
933,0	0,25888839596133956
934,0	0,2455719997937683
935,0	0,2450080650573385
936,0	0,2899705194110459
937,0	0,3121367623038202
938,0	0,27850490306358905
939,0	0,27546959145898425
940,0	0,24393246410815186
941,0	0,24900315358064157
942,0	0,2592587471412269
943,0	0,22195611652073197
944,0	0,19125837308740487
945,0	0,21247079311323305
946,0	0,21965799564384592
947,0	0,19673083971287764
948,0	0,22970638689000608
949,0	0,22105153508675268
950,0	0,27205358274501285
951,0	0,2632151063636387
952,0	0,2352358703086957
953,0	0,21519115424753185
954,0	0,22964252388481385
955,0	0,2032149934226389
956,0	0,19068464129984564
957,0	0,16922056341089928
958,0	0,14127646610941907
959,0	0,16297407922643675
960,0	0,15381911353015354
961,0	0,15821166986192894
962,0	0,14530700987718284
963,0	0,13981994645171836
964,0	0,1543836570621138
965,0	0,13261613667367272
966,0	0,13634980506450833
967,0	0,11260678230452299
968,0	0,10469008165104762
969,0	0,10503751127840147
970,0	0,07996936994308403
971,0	0,044356994000898604
972,0	0,07687057882643314
973,0	0,11757243852655129
974,0	0,1409969954875805
975,0	0,15225396502533234
976,0	0,18292539720112042
977,0	0,17034509967782807
978,0	0,22337281283797247
979,0	0,17324948444359448
980,0	0,15842961035045916
981,0	0,12140445122936401
982,0	0,09205734155266065
983,0	0,10649222580422535
984,0	0,14523061568766604
985,0	0,12167721927013085
986,0	0,1160268285894061
987,0	0,12010139057580602
988,0	0,12364781900520277
989,0	0,16170804250938575
990,0	0,1775565595790467
991,0	0,21292624872753738
992,0	0,22413691113817702
993,0	0,19537788254854926
994,0	0,17807159546210605
995,0	0,22067925865956903
996,0	0,262501401875725
997,0	0,2777461793310072
998,0	0,26891926884985456
999,0	0,28612705080448103
1000,0	0,28261460620149437
1001,0	0,30812533556964217
1002,0	0,343250729583555
1003,0	0,34601079487276154
1004,0	0,35509096939513424
1005,0	0,3908072888117766
1006,0	0,40102811544436046
1007,0	0,41782791920499085
1008,0	0,4287293615076329
1009,0	0,444847289933419
1010,0	0,4550533040140624
1011,0	0,4401525917616079
1012,0	0,4955689877076216
1013,0	0,5087486993545466
1014,0	0,5011409224335599
1015,0	0,5548606271123115
1016,0	0,5464928442307602
1017,0	0,552180180220308
1018,0	0,5559463426234904
1019,0	0,5637852724941836
1020,0	0,5356626649255073
1021,0	0,520411844951058
1022,0	0,5062922269247557
1023,0	0,48523194779630235
1024,0	0,4830518319926103
1025,0	0,49649855335003346
1026,0	0,5225769897435407
1027,0	0,48768019200987905
1028,0	0,4455511794940266
1029,0	0,40183765649105724
1030,0	0,38790550736413265
1031,0	0,41387813716854427
1032,0	0,4381121597452662
1033,0	0,4341007600490351
1034,0	0,4475502205642962
1035,0	0,46333801058839424
1036,0	0,4350026789397905
1037,0	0,42872247435295807
1038,0	0,4231275400064645
1039,0	0,3844710483181839
1040,0	0,35901347909466436
1041,0	0,3142493313607971
1042,0	0,3442040059564411
1043,0	0,3654414517024565
1044,0	0,3156601881255525
1045,0	0,3339042207061619
1046,0	0,30266288861946145
1047,0	0,3081287456952865
1048,0	0,2503201487863373
1049,0	0,2345605153724956
1050,0	0,28398581561106057
1051,0	0,27426580563518
1052,0	0,28890102201528206
1053,0	0,28871197700564094
1054,0	0,28908733868994946
1055,0	0,32635422826516414
1056,0	0,3193031692475692
1057,0	0,2881376874039914
1058,0	0,2904062318100932
1059,0	0,2978720037568445
1060,0	0,3038778003422549
1061,0	0,32467210810095476
1062,0	0,3329776206870594
1063,0	0,3818448913831078
1064,0	0,35146310462275854
1065,0	0,3846986431794665
1066,0	0,36894423045811564
1067,0	0,3716783065200655
1068,0	0,3819804950906666
1069,0	0,34593055237623865
1070,0	0,3309832411691168
1071,0	0,30364030108917606
1072,0	0,24999232692808088
1073,0	0,23801137103968126
1074,0	0,25442809235453256
1075,0	0,3019004055784755
1076,0	0,3055275012392472
1077,0	0,3212969848891577
1078,0	0,3785749277179164
1079,0	0,36572948615004636
1080,0	0,35342243883159824
1081,0	0,3852831231528157
1082,0	0,4133985491640129
1083,0	0,3909172605147405
1084,0	0,39515058751543747
1085,0	0,37057285124822453
1086,0	0,36644011581429003
1087,0	0,3409987591140886
1088,0	0,382558088563279
1089,0	0,36240346279726326
1090,0	0,38130912066947725
1091,0	0,43613695682945736
1092,0	0,39594622067668617
1093,0	0,3604664145442262
1094,0	0,36840467519553916
1095,0	0,40240598147922846
1096,0	0,3919269324882382
1097,0	0,3608221014166606
1098,0	0,38641319228033616
1099,0	0,4108221763240383
1100,0	0,41904703206674265
1101,0	0,4293925960817923
1102,0	0,4369291521767691
1103,0	0,42218821797103606
1104,0	0,43536247330469413
1105,0	0,42706107741789245
1106,0	0,42013609570673804
1107,0	0,44780754461624267
1108,0	0,49393240126127286
1109,0	0,47521956824764655
1110,0	0,43780072982500967
1111,0	0,39972989135148956
1112,0	0,38331532425370235
1113,0	0,3695680389037887
1114,0	0,3568384203057951
1115,0	0,3787078390441835
1116,0	0,4327852429388459
1117,0	0,4661584707296827
1118,0	0,47477241670479436
1119,0	0,47809774694322327
1120,0	0,4776859291753974
1121,0	0,4000478135254726
1122,0	0,39880790392256815
1123,0	0,41120955243266566
1124,0	0,38692481299907466
1125,0	0,39413693595155164
1126,0	0,3558933065634308
1127,0	0,3542091546400049
1128,0	0,3720512035056179
1129,0	0,4331587111018241
1130,0	0,3828068533919428
1131,0	0,35774857208112076
1132,0	0,39981319256411163
1133,0	0,40625188767398673
1134,0	0,43015308741795905
1135,0	0,4409854769306883
1136,0	0,43797734047505193
1137,0	0,45108282085673823
1138,0	0,4600328060459564
1139,0	0,4776959557059242
1140,0	0,4806217716035963
1141,0	0,4488251897082138
1142,0	0,5036523083865413
1143,0	0,43433122223588433
1144,0	0,45560721768466483
1145,0	0,4541602690684157
1146,0	0,3910803899443705
1147,0	0,38055440345132713
1148,0	0,4360089215579911
1149,0	0,4234794302012729
1150,0	0,38068836754352386
1151,0	0,4225676654189038
1152,0	0,41803920447664944
1153,0	0,45986306447587944
1154,0	0,46044708545971946
1155,0	0,4459178295798796
1156,0	0,44485672808226157
1157,0	0,42449037480248675
1158,0	0,423415346635656
1159,0	0,45771338512715576
1160,0	0,4365833548648058
1161,0	0,42984710935613807
1162,0	0,4184083317575237
1163,0	0,4089662246452325
1164,0	0,40639446764652976
1165,0	0,42473916119777355
1166,0	0,44470042968317
1167,0	0,4580535028205645
1168,0	0,4538897559784665
1169,0	0,4495855808795244
1170,0	0,40498096210575385
1171,0	0,42308836650899206
1172,0	0,4072861082947938
1173,0	0,41212424332505304
1174,0	0,4076596885689704
1175,0	0,3825128582271513
1176,0	0,36902223366847103
1177,0	0,3653189131332793
1178,0	0,3625121801708847
1179,0	0,3720258032650488
1180,0	0,40935196553515085
1181,0	0,4366061587678202
1182,0	0,4484008559387693
1183,0	0,47781644477666807
1184,0	0,49020317806578456
1185,0	0,48114754278148797
1186,0	0,5104630437219133
1187,0	0,48583352696552795
1188,0	0,4252575764874722
1189,0	0,399369878821336
1190,0	0,3697417949952482
1191,0	0,35448062897185134
1192,0	0,38940176620178085
1193,0	0,3236685261047774
1194,0	0,33886122866085316
1195,0	0,37749440929143013
1196,0	0,34808743220034793
1197,0	0,33920647020210315
1198,0	0,31409466198023334
1199,0	0,32709236072381376
1200,0	0,3008573243392077
1201,0	0,2889287773948136
1202,0	0,2708407069645343
1203,0	0,2067568908927205
1204,0	0,20056479493643492
1205,0	0,25734811626117693
1206,0	0,29432634729439544
1207,0	0,3250569805317841
1208,0	0,35712696821993145
1209,0	0,3247919793933597
1210,0	0,2897422422119358
1211,0	0,22484589323212675
1212,0	0,17941700557636245
1213,0	0,14103155972532228
1214,0	0,09693001632607022
1215,0	0,08080668538826483
1216,0	0,04003595876125841
1217,0	0,07547832567494069
1218,0	0,08328723843397846
1219,0	0,0995215408024767
1220,0	0,05203563465203411
1221,0	0,053929561727523584
1222,0	0,05881261573788025
1223,0	0,053468380526906605
1224,0	0,04881623809659919
1225,0	0,07846896771120014
1226,0	0,10937623527523627
1227,0	0,08619229304029455
1228,0	0,12125067582415597
1229,0	0,19080033544945418
1230,0	0,17399766348804782
1231,0	0,13471911831033825
1232,0	0,1629143371993241
1233,0	0,13169569155316546
1234,0	0,17659900950199348
1235,0	0,1784857002759204
1236,0	0,11730685806777728
1237,0	0,13045275427459893
1238,0	0,09417315047222892
1239,0	0,10541606929084356
1240,0	0,12719650444422045
1241,0	0,16310810999589967
1242,0	0,22120307246971588
1243,0	0,16753341742489156
1244,0	0,13662263501837585
1245,0	0,19011079578061318
1246,0	0,24580141833696353
1247,0	0,1991757393894966
1248,0	0,18012996905438686
1249,0	0,159413641620445
1250,0	0,1946595107475628
1251,0	0,16706668865150684
1252,0	0,1647664536363244
1253,0	0,14803384320650545
1254,0	0,15433914273966878
1255,0	0,19833623518944452
1256,0	0,20980919703258077
1257,0	0,2700347826732305
1258,0	0,2670492360553609
1259,0	0,26012330533554967
1260,0	0,2322679401622824
1261,0	0,22044208809886384
1262,0	0,19551032783896868
1263,0	0,17089870900933243
1264,0	0,16628265466174474
1265,0	0,1348735025705727
1266,0	0,11653956414067118
1267,0	0,08317180887847893
1268,0	0,06225355060751475
1269,0	0,050603290756867224
1270,0	0,06765700464425838
1271,0	0,047309100272818656
1272,0	0,01757253468025946
1273,0	0,06927649901335498
1274,0	0,030847592197203857
1275,0	0,06234410625156756
1276,0	0,08031385610527865
1277,0	0,07317992212996982
1278,0	0,07985156518603616
1279,0	0,07543579053402853
1280,0	0,06318298156485704
1281,0	0,05396313613137333
1282,0	0,05083556681180607
1283,0	0,04054848715834117
1284,0	0,018557088162921637
1285,0	0,030557302300399315
1286,0	0,04976143595476545
1287,0	0,07630330630048497
1288,0	0,04507738853892392
1289,0	0,08533062292519285
1290,0	0,09383083469482521
1291,0	0,08152293338161049
1292,0	0,0486300887266633
1293,0	0,043647971895339525
1294,0	0,11103664484525123
1295,0	0,1087665224702942
1296,0	0,1206511289439381
1297,0	0,07247178321020954
1298,0	0,05121357723641561
1299,0	0,039448189391698
1300,0	0,03281464068146467
1301,0	0,06357902288322191
1302,0	0,10567847739752567
1303,0	0,12764162921164832
1304,0	0,18542129239965016
1305,0	0,18559782143841155
1306,0	0,2148876098696149
1307,0	0,1988136111244051
1308,0	0,24626677261289753
1309,0	0,1895672549954822
1310,0	0,18539160294391635
1311,0	0,20447895152125473
1312,0	0,22164748016273894
1313,0	0,2683224739043262
1314,0	0,2544260842590933
1315,0	0,26260222457548726
1316,0	0,313204522066915
1317,0	0,3567410534041285
1318,0	0,3774517575909523
1319,0	0,37152689615855794
1320,0	0,3780290423455267
1321,0	0,45347419561012015
1322,0	0,46031189146668794
1323,0	0,4429237151039056
1324,0	0,4327371270286548
1325,0	0,47831728167237214
1326,0	0,5063655400934679
1327,0	0,5429758707847108
1328,0	0,5376845342112818
1329,0	0,5513701223541105
1330,0	0,5772802525927361
1331,0	0,6086158843828159
1332,0	0,6068517960815201
1333,0	0,6074290222681291
1334,0	0,5976331664065457
1335,0	0,5827235898374165
1336,0	0,5845146240073088
1337,0	0,5968234387563736
1338,0	0,61043418705732
1339,0	0,6382915987536173
1340,0	0,6171254828367548
1341,0	0,6283851954512671
1342,0	0,6184857562035406
1343,0	0,5909686611528141
1344,0	0,5442289570360483
1345,0	0,5613725784957678
1346,0	0,5601589724757435
1347,0	0,5523695218526702
1348,0	0,5378628077112327
1349,0	0,5451922443329542
1350,0	0,5713824559631641
1351,0	0,5607195201638072
1352,0	0,6106946077613673
1353,0	0,6043653121381011
1354,0	0,6230770741013966
1355,0	0,6243605296808228
1356,0	0,6647598452458272
1357,0	0,6721426093719766
1358,0	0,5953436394307429
1359,0	0,6222680206960315
1360,0	0,6290615031330183
1361,0	0,6465036448372882
1362,0	0,6632349758813851
1363,0	0,718715884157945
1364,0	0,7101352256018402
1365,0	0,7230113812514231
1366,0	0,7301058595211685
1367,0	0,7211024709931868
1368,0	0,7202315167228704
1369,0	0,7185609296741566
1370,0	0,7006300088834658
1371,0	0,7259044574883375
1372,0	0,7386823732525221
1373,0	0,739773527280486
1374,0	0,7540124978098887
1375,0	0,7542941368475791
1376,0	0,7584042162334861
1377,0	0,764315570188276
1378,0	0,7443820652285971
1379,0	0,7775390093291307
1380,0	0,7768170097029972
1381,0	0,7498856997892732
1382,0	0,7298961912429914
1383,0	0,7279248904458613
1384,0	0,7303879661968115
1385,0	0,7250008649266197
1386,0	0,7478315966253596
1387,0	0,6989451927783462
1388,0	0,7251397399685596
1389,0	0,7175027902811983
1390,0	0,7206290281955203
1391,0	0,7459880505157519
1392,0	0,7387720196684061
1393,0	0,7204258481550554
1394,0	0,6917786762488591
1395,0	0,7051248909131961
1396,0	0,7082274310988338
1397,0	0,7074704913502661
1398,0	0,7072456248450417
1399,0	0,6956846883948825
1400,0	0,7042430022516201
1401,0	0,713228447311175
1402,0	0,6949422259797471
1403,0	0,696054118269626
1404,0	0,6821352114752854
1405,0	0,6765510920866995
1406,0	0,7122375639570335
1407,0	0,7078041191197088
1408,0	0,7200979485595904
1409,0	0,7372545919152578
1410,0	0,7379653803001323
1411,0	0,724821037383329
1412,0	0,7288086861556986
1413,0	0,7321886578191592
1414,0	0,7555887722246453
1415,0	0,7274110178987596
1416,0	0,7303478019419303
1417,0	0,7527513956143275
1418,0	0,7420434899620221
1419,0	0,6985235435781695
1420,0	0,6771401223347633
1421,0	0,6791139074378225
1422,0	0,7036155845096168
1423,0	0,7094780696287205
1424,0	0,6980398463137518
1425,0	0,6801991060425183
1426,0	0,6761145388357777
1427,0	0,676934798918565
1428,0	0,6787076851500949
1429,0	0,6874979225891307
1430,0	0,6736055916909203
1431,0	0,6827529250612302
1432,0	0,6940632622503972
1433,0	0,6735934579067513
1434,0	0,6658244439695751
1435,0	0,6567897045052882
1436,0	0,6370866812597057
1437,0	0,6459490236841419
1438,0	0,6117197209287683
1439,0	0,6165066355797499
1440,0	0,647531928345968
1441,0	0,5880508191168887
1442,0	0,6001156104559434
1443,0	0,6121625623259481
1444,0	0,5887559790147224
1445,0	0,5813129418596334
1446,0	0,6070801361269889
1447,0	0,6120340184528427
1448,0	0,5813841741365603
1449,0	0,5926941747399489
1450,0	0,5883832069658197
1451,0	0,5810559560707751
1452,0	0,6262850130694974
1453,0	0,6031940417424976
1454,0	0,6327511129646288
1455,0	0,632010628824998
1456,0	0,6418617082863999
1457,0	0,6543664860121619
1458,0	0,6303392328972522
1459,0	0,5937123019085484
1460,0	0,5451245069477447
1461,0	0,5314458754975248
1462,0	0,5416913949687439
1463,0	0,5385790137120038
1464,0	0,56541618961065
1465,0	0,5984494850051238
1466,0	0,5870638175179891
1467,0	0,581412747480564
1468,0	0,5993371598878728
1469,0	0,5995494825784801
1470,0	0,6028458359777179
1471,0	0,6127694352043772
1472,0	0,6274075727156836
1473,0	0,6585838585052208
1474,0	0,6511669658343892
1475,0	0,6412482590687103
1476,0	0,6255437927199423
1477,0	0,6230524921044946
1478,0	0,6117183317473492
1479,0	0,6133373534912486
1480,0	0,5913784963380628
1481,0	0,5699152536599467
1482,0	0,5541873183814668
1483,0	0,5750145940678926
1484,0	0,5769383934730522
1485,0	0,573385476797909
1486,0	0,5546655907367216
1487,0	0,6013796568505255
1488,0	0,6296664481049017
1489,0	0,6228499517896499
1490,0	0,6325255230515168
1491,0	0,5857019111362135
1492,0	0,5767354057384925
1493,0	0,6049297518407196
1494,0	0,5734224916013653
1495,0	0,6068472256817695
1496,0	0,6128017612259058
1497,0	0,5925339195112508
1498,0	0,5755337100799331
1499,0	0,5893909028175173
1500,0	0,5883969074242322
1501,0	0,5850246623285549
1502,0	0,549109773171625
1503,0	0,5685159453480678
1504,0	0,538639960544412
1505,0	0,5564419870170936
1506,0	0,5543370953928694
1507,0	0,528477657275754
1508,0	0,5328586278126259
1509,0	0,500913991821602
1510,0	0,4923576847988466
1511,0	0,5180429839232592
1512,0	0,5149456984123028
1513,0	0,5432690742456582
1514,0	0,5507326931533658
1515,0	0,5604982349923681
1516,0	0,5583356010308814
1517,0	0,5620249730839407
1518,0	0,5793251028229062
1519,0	0,5997756444240592
1520,0	0,5947731558791185
1521,0	0,5922697758061339
1522,0	0,5784927490817254
1523,0	0,580660847924371
1524,0	0,5333975668952528
1525,0	0,5129258687464445
1526,0	0,49165165195504795
1527,0	0,448466674973304
1528,0	0,43701086945001855
1529,0	0,397187799462473
1530,0	0,43079417199227055
1531,0	0,435861593434473
1532,0	0,4789907488291205
1533,0	0,47606389498932167
1534,0	0,4814358979661039
1535,0	0,3989348710072374
1536,0	0,30010462327055315
1537,0	0,33726828571495576
1538,0	0,3345995410719847
1539,0	0,27451462908968133
1540,0	0,3091607660362903
1541,0	0,3846593916654735
1542,0	0,39063842787381875
1543,0	0,3482774294033139
1544,0	0,3048838341531895
1545,0	0,2945295328066625
1546,0	0,32008168909431123
1547,0	0,3091036349458695
1548,0	0,3307655772867213
1549,0	0,30421754453422495
1550,0	0,30508877393462525
1551,0	0,33834685439634904
1552,0	0,38291182623178943
1553,0	0,3823885043932816
1554,0	0,38377696082102714
1555,0	0,41010559726470697
1556,0	0,35225678532285953
1557,0	0,36397918244203153
1558,0	0,34369106275747513
1559,0	0,3682364758081183
1560,0	0,3632076342023094
1561,0	0,3889438883930543
1562,0	0,42138534514179377
1563,0	0,4251874424904581
1564,0	0,4007465919670102
1565,0	0,42107774798868364
1566,0	0,41108685534003403
1567,0	0,3657968247917416
1568,0	0,3251001019278633
1569,0	0,3400017120758289
1570,0	0,29999571610266157
1571,0	0,2586716147311448
1572,0	0,2434298370731331
1573,0	0,26203705318474624
1574,0	0,24635708780635449
1575,0	0,2181540903526657
1576,0	0,2516728201806652
1577,0	0,28277474070500025
1578,0	0,2526921358108114
1579,0	0,2666462577841393
1580,0	0,23902724307572412
1581,0	0,23376673651383068
1582,0	0,2044226790139868
1583,0	0,18990436504727046
1584,0	0,16303034974946656
1585,0	0,11397349596677811
1586,0	0,08278089065198722
1587,0	0,0985129823535841
1588,0	0,06719347966629956
1589,0	0,11197606130610414
1590,0	0,11530118088697051
1591,0	0,16666758830721295
1592,0	0,1679073555976807
1593,0	0,15362894108117348
1594,0	0,18539463943857779
1595,0	0,21159355500322222
1596,0	0,2524839333123238
1597,0	0,24729392772827263
1598,0	0,24756726545557384
1599,0	0,25136649806639816
1600,0	0,2744692972665947
1601,0	0,2840132681641536
1602,0	0,2250040455580277
1603,0	0,19509104941567648
1604,0	0,20485465688521234
1605,0	0,21336939206706623
1606,0	0,22241761977084698
1607,0	0,262395162316401
1608,0	0,2249311186110731
1609,0	0,2581939024617316
1610,0	0,2802251591241547
1611,0	0,2737025796084513
1612,0	0,2741515897402483
1613,0	0,30755908380920083
1614,0	0,32896235633224974
1615,0	0,33543328775451037
1616,0	0,308767629881667
1617,0	0,26754325222540376
1618,0	0,30246202527518806
1619,0	0,27083508684202273
1620,0	0,31761498986828923
1621,0	0,2623468525405161
1622,0	0,2917263919698364
1623,0	0,3017344010770441
1624,0	0,29183642849118463
1625,0	0,2868852441195074
1626,0	0,3327996371826793
1627,0	0,34286053461114674
1628,0	0,3382739748241724
1629,0	0,32643870497719546
1630,0	0,28734637668113017
1631,0	0,3112892390879939
1632,0	0,3347772036960611
1633,0	0,32316489531983567
1634,0	0,3426351429086734
1635,0	0,3670494037300072
1636,0	0,3349105677123921
1637,0	0,3495568366866676
1638,0	0,3843669991119382
1639,0	0,4154221062549528
1640,0	0,3393551584722973
1641,0	0,2599780888545429
1642,0	0,2853348274941276
1643,0	0,2712314719550726
1644,0	0,2554699615445035
1645,0	0,31567792752289825
1646,0	0,31891060662394766
1647,0	0,29822193085331655
1648,0	0,30439417044864453
1649,0	0,30575382510618343
1650,0	0,3125624107491841
1651,0	0,3554044719037926
1652,0	0,32711155828074323
1653,0	0,3707564495516367
1654,0	0,3303202168893854
1655,0	0,3737519503338369
1656,0	0,36421636352146824
1657,0	0,39247466900822325
1658,0	0,39305133770177525
1659,0	0,388735617283306
1660,0	0,42735059997193076
1661,0	0,46334232182577284
1662,0	0,5020934850536334
1663,0	0,5002562022379768
1664,0	0,48262769710622166
1665,0	0,4629923405420737
1666,0	0,48244481356943375
1667,0	0,49203702615668143
1668,0	0,505329711720579
1669,0	0,4858603969464796
1670,0	0,4827120598363581
1671,0	0,5037203825021811
1672,0	0,5150197173052559
1673,0	0,5154783548412327
1674,0	0,4877523267374396
1675,0	0,5480410158223233
1676,0	0,5774205834567064
1677,0	0,5699527653160317
1678,0	0,5624158387744201
1679,0	0,5693223215169921
1680,0	0,5371713577469238
1681,0	0,5554341574149344
1682,0	0,5618037617885324
1683,0	0,5716030925164837
1684,0	0,5839317478668599
1685,0	0,5541720642317711
1686,0	0,5501602764663072
1687,0	0,5820557606533946
1688,0	0,5700420791004099
1689,0	0,5387883628478086
1690,0	0,5198338144231903
1691,0	0,47372724681647355
1692,0	0,48794744429087455
1693,0	0,46538148198379276
1694,0	0,4485565143987746
1695,0	0,45911542959138385
1696,0	0,46926104750943987
1697,0	0,41413086247449404
1698,0	0,4583031826674529
1699,0	0,4617055679098778
1700,0	0,46652968541081263
1701,0	0,46858419287899133
1702,0	0,44566081885216086
1703,0	0,437014337497409
1704,0	0,4677775258467734
1705,0	0,44243753703803784
1706,0	0,433563810753283
1707,0	0,4345505162269321
1708,0	0,4516406127137585
1709,0	0,4771265193652637
1710,0	0,4591456789843219
1711,0	0,44424151693051733
1712,0	0,45341867986306417
1713,0	0,4120825246529403
1714,0	0,4098549601726124
1715,0	0,4278532492853977
1716,0	0,365044452837202
1717,0	0,31232959788770454
1718,0	0,31636140974597554
1719,0	0,30064744943014904
1720,0	0,30471080012817214
1721,0	0,30535208275786657
1722,0	0,2924894957661699
1723,0	0,2979345028741463
1724,0	0,24498521633471593
1725,0	0,2640246849275689
1726,0	0,25002566503010704
1727,0	0,21424880509225877
1728,0	0,20510912394969794
1729,0	0,17839908790521408
1730,0	0,1804188730260702
1731,0	0,24754325304164732
1732,0	0,2312154986930534
1733,0	0,234429862587404
1734,0	0,2563044811272911
1735,0	0,2754278048362895
1736,0	0,34598365591228986
1737,0	0,3636483213228909
1738,0	0,42244492513531195
1739,0	0,40045539276510306
1740,0	0,38512007240447893
1741,0	0,36667940861564113
1742,0	0,34011698879422103
1743,0	0,36421295567623496
1744,0	0,39361256115014776
1745,0	0,4024333843393197
1746,0	0,47615124502545864
1747,0	0,5343212068991005
1748,0	0,5317684353157025
1749,0	0,5749069878758978
1750,0	0,5877361262159626
1751,0	0,6110886610871631
1752,0	0,615272228388981
1753,0	0,5764403493633308
1754,0	0,5320020526533221
1755,0	0,5689240342526009
1756,0	0,5946983464110884
1757,0	0,5977125569514378
1758,0	0,6460918687161625
1759,0	0,6500685160804555
1760,0	0,6557313327771287
1761,0	0,6848677151132043
1762,0	0,671544373016721
1763,0	0,6409441575288203
1764,0	0,6144536843321284
1765,0	0,6020675321609972
1766,0	0,6241526872771842
1767,0	0,6457596286671026
1768,0	0,6357634370626294
1769,0	0,6600922925306938
1770,0	0,6780585606248901
1771,0	0,6689013028712391
1772,0	0,642316259361515
1773,0	0,6478264316727055
1774,0	0,6375473653164984
1775,0	0,6172653487758019
1776,0	0,6030181909512923
1777,0	0,5679699851329885
1778,0	0,5535175748120466
1779,0	0,5497859788043132
1780,0	0,543973786335337
1781,0	0,5356962188141378
1782,0	0,45087407873220164
1783,0	0,4355114789026517
1784,0	0,4579270440048554
1785,0	0,46058773175269113
1786,0	0,4737463663172168
1787,0	0,49900081948661457
1788,0	0,5093848878468864
1789,0	0,5249469680545595
1790,0	0,5463705403536355
1791,0	0,5463946381960321
1792,0	0,5783177122692708
1793,0	0,5831185715005641
1794,0	0,5945706746061947
1795,0	0,594270648949874
1796,0	0,5858889221201674
1797,0	0,5811502424264801
1798,0	0,6011800341019078
1799,0	0,6143040051027842
1800,0	0,6295157434330808
1801,0	0,5823279034293369
1802,0	0,5869885552303686
1803,0	0,5621652791465437
1804,0	0,5897048498063739
1805,0	0,6008195085536878
1806,0	0,6046893260140576
1807,0	0,6494160899567812
1808,0	0,6710927771173533
1809,0	0,670232072837928
1810,0	0,6650135450079706
1811,0	0,6698047441115174
1812,0	0,6636592500774662
1813,0	0,6511930788440725
1814,0	0,648431822877481
1815,0	0,6380470354078004
1816,0	0,6574503508990213
1817,0	0,6483640351483362
1818,0	0,6384230172443265
1819,0	0,6658757725014455
1820,0	0,6289480715755578
1821,0	0,6211594415178905
1822,0	0,598552218547796
1823,0	0,6202828832761753
1824,0	0,6112770143422904
1825,0	0,5865801195533145
1826,0	0,5892787680763734
1827,0	0,5827603376018053
1828,0	0,5573247807468614
1829,0	0,5403590309642513
1830,0	0,5029007412163895
1831,0	0,5006428281780706
1832,0	0,5005033417344978
1833,0	0,486465589133956
1834,0	0,46411354721041204
1835,0	0,46642120350747185
1836,0	0,4625357413684434
1837,0	0,4944465389416748
1838,0	0,4610807372445563
1839,0	0,4611191082189802
1840,0	0,47800412689541805
1841,0	0,46437509000546756
1842,0	0,461784636623011
1843,0	0,4911331208249528
1844,0	0,4883271041309547
1845,0	0,48825259576632646
1846,0	0,48456362919653256
1847,0	0,5323593050070063
1848,0	0,5844358990111442
1849,0	0,6239648611665127
1850,0	0,6191561503030467
1851,0	0,6371722324402186
1852,0	0,6291834646374644
1853,0	0,6259028607769975
1854,0	0,6162176515284695
1855,0	0,6436757638193665
1856,0	0,6364255612064824
1857,0	0,6231800928512093
1858,0	0,6629155716261187
1859,0	0,6306723032120942
1860,0	0,6262741092609867
1861,0	0,5782088244824137
1862,0	0,5582824181421882
1863,0	0,5686389440602205
1864,0	0,5518776429971783
1865,0	0,5874127734425731
1866,0	0,596884365503091
1867,0	0,5828109704374633
1868,0	0,6092107523278781
1869,0	0,6402502189869678
1870,0	0,6473270595538352
1871,0	0,6685644980582158
1872,0	0,6772583558300052
1873,0	0,6660673510663336
1874,0	0,6338779598393615
1875,0	0,6246851262364516
1876,0	0,5979549793612065
1877,0	0,6242942449435228
1878,0	0,6087190139729988
1879,0	0,6308148437128679
1880,0	0,6273357620389468
1881,0	0,6544345321643539
1882,0	0,6297697557471573
1883,0	0,5854066020842956
1884,0	0,6177727095834075
1885,0	0,628623057053662
1886,0	0,6249181828772896
1887,0	0,6200969794361819
1888,0	0,6033097047346778
1889,0	0,5987303382338641
1890,0	0,5918683946463738
1891,0	0,6021050064398149
1892,0	0,5861926302429363
1893,0	0,5494704484818052
1894,0	0,5179823766678495
1895,0	0,47742593516730236
1896,0	0,46230816469142155
1897,0	0,4753025363571077
1898,0	0,4478773041126469
1899,0	0,39991481678736707
1900,0	0,40779798699667147
1901,0	0,42129783419591965
1902,0	0,41623268948507985
1903,0	0,4373790192637506
1904,0	0,41754471345225347
1905,0	0,40569785552345283
1906,0	0,40296682620027086
1907,0	0,3815374333158745
1908,0	0,4145721109895956
1909,0	0,43379800431890336
1910,0	0,4310184013057528
1911,0	0,4178893391683284
1912,0	0,41806720482671256
1913,0	0,4315964883093619
1914,0	0,41247885049826305
1915,0	0,4037685067459053
1916,0	0,4154220973247407
1917,0	0,39574435077203857
1918,0	0,40568061206568123
1919,0	0,423293127192607
1920,0	0,43333384625920074
1921,0	0,4665447298755679
1922,0	0,462074035753341
1923,0	0,48871217628473396
1924,0	0,483805169645609
1925,0	0,44728178137036073
1926,0	0,41909051708890677
1927,0	0,4275829469545157
1928,0	0,4124909922581864
1929,0	0,42578499376173856
1930,0	0,41213477579970154
1931,0	0,3796866982496475
1932,0	0,3831465342194831
1933,0	0,3439489129310287
1934,0	0,3302320001969145
1935,0	0,3282252667105621
1936,0	0,3383992372055245
1937,0	0,33819791577142877
1938,0	0,36678205507525197
1939,0	0,3847473733429381
1940,0	0,37435426914121056
1941,0	0,3446890100168773
1942,0	0,35325285335222306
1943,0	0,33191102015616014
1944,0	0,3406520059365094
1945,0	0,3130959833196271
1946,0	0,3055013181786823
1947,0	0,30719102701222295
1948,0	0,30127914238498993
1949,0	0,283098848259955
1950,0	0,2633629478327129
1951,0	0,28837122941441923
1952,0	0,31931245362737765
1953,0	0,3709820582814844
1954,0	0,39061074153015085
1955,0	0,39354330842888774
1956,0	0,4383584954166077
1957,0	0,439255683967842
1958,0	0,4061457990323856
1959,0	0,41137760688198893
1960,0	0,41522016668472805
1961,0	0,4028939323907238
1962,0	0,4022498643185717
1963,0	0,420966573774547
1964,0	0,45625660390205885
1965,0	0,36926810358208123
1966,0	0,3593430678708915
1967,0	0,34013198947677564
1968,0	0,3248416553427049
1969,0	0,3278431755050559
1970,0	0,29454923646628295
1971,0	0,29319197290217425
1972,0	0,2837447698417796
1973,0	0,3413377986844139
1974,0	0,2959145929010523
1975,0	0,3162658517979789
1976,0	0,31689841888652864
1977,0	0,30013917570581555
1978,0	0,2961404971959381
1979,0	0,21135559462830816
1980,0	0,22782769257288635
1981,0	0,22888854782231371
1982,0	0,24107392303967093
1983,0	0,27511643860068263
1984,0	0,24199173496311768
1985,0	0,2301689334822193
1986,0	0,23153187185755816
1987,0	0,2582536349694569
1988,0	0,29163966811420317
1989,0	0,2965373486696679
1990,0	0,2438155582633966
1991,0	0,2630911310584066
1992,0	0,25218718814103896
1993,0	0,26901728759882254
1994,0	0,22827154507269004
1995,0	0,24330683759530244
1996,0	0,20099803662134189
1997,0	0,22313568648563717
1998,0	0,21648588638744543
1999,0	0,1550365635450089
2000,0	0,1304819478283978
