N: 500,0	L: 	Density:0,8	Noise: 3,6
Time	 Va	
0,0	0,06073857268235675
1,0	0,05061086686165246
2,0	0,03892484357928202
3,0	0,06492591774931976
4,0	0,060500968280204785
5,0	0,06563715092558282
6,0	0,06873796705188538
7,0	0,05988743278744901
8,0	0,09283151632169234
9,0	0,07099674364205819
10,0	0,050719058989087226
11,0	0,04298165499379679
12,0	0,09851205652478857
13,0	0,11692203380479806
14,0	0,15859122863608816
15,0	0,06534915512829363
16,0	0,0564073666125705
17,0	0,07745612748774945
18,0	0,06139511459432146
19,0	0,012214802047499584
20,0	0,046476156029387164
21,0	0,03515986701613718
22,0	0,03382424622135695
23,0	0,05328719619951863
24,0	0,058005531758211694
25,0	0,00637663055702785
26,0	0,03090267854505304
27,0	0,051745003536386495
28,0	0,09577440753648055
29,0	0,04391520021413312
30,0	0,04247793254666387
31,0	0,03562418295768472
32,0	0,047704745625011376
33,0	0,03346533300228282
34,0	0,06017159099503904
35,0	0,06569376782732064
36,0	0,10680288492196081
37,0	0,17914281404568416
38,0	0,04721122381196321
39,0	0,10063947741275929
40,0	0,13389298962047705
41,0	0,1397104846139275
42,0	0,13045697439895584
43,0	0,12085114817657268
44,0	0,025912466642975397
45,0	0,06070694229902023
46,0	0,08092307357889451
47,0	0,09172349114224718
48,0	0,09343081662371479
49,0	0,1028337943699312
50,0	0,09821766518689008
51,0	0,09442630671446998
52,0	0,0654433493088936
53,0	0,16676082145594562
54,0	0,08118533266574422
55,0	0,09939577991094886
56,0	0,0943733362173741
57,0	0,05253531479067742
58,0	0,03960728049189565
59,0	0,10378578810351587
60,0	0,10331293324332783
61,0	0,09100365638019281
62,0	0,11819585857713537
63,0	0,14220946477380708
64,0	0,16460972413465355
65,0	0,13048347340379848
66,0	0,1359478575957056
67,0	0,1413195155792278
68,0	0,12807222446467595
69,0	0,09811877860680526
70,0	0,06313877893910308
71,0	0,04098081410410548
72,0	0,0471625026494839
73,0	0,07661302143704878
74,0	0,08666002671715871
75,0	0,005907683191332434
76,0	0,03301739039614406
77,0	0,049627094180988526
78,0	0,0748414321242104
79,0	0,03307928753595856
80,0	0,04921560418625434
81,0	0,07118477482267914
82,0	0,0610407926118712
83,0	0,10671454967497773
84,0	0,09516678177851082
85,0	0,1615159614735528
86,0	0,11600273827699871
87,0	0,14752776604394838
88,0	0,1201761499964515
89,0	0,14276494429114617
90,0	0,1792130494168202
91,0	0,21700974167419426
92,0	0,20466878662268886
93,0	0,20660002919329226
94,0	0,1655114897001687
95,0	0,10619127525993718
96,0	0,11140649302276766
97,0	0,16841826021453096
98,0	0,09823643153332008
99,0	0,10438343734216599
100,0	0,0895574883551373
101,0	0,024965331783014837
102,0	0,0381753626331685
103,0	0,03111613905891802
104,0	0,050512345268792336
105,0	0,016446793979111647
106,0	0,08933302983635746
107,0	0,09562861551341302
108,0	0,04783203240600818
109,0	0,0731814066688899
110,0	0,04704762520264877
111,0	0,015342440117093504
112,0	0,03657745264706838
113,0	0,02795274006686625
114,0	0,01353666812176282
115,0	0,04207679568422975
116,0	0,08654401237888255
117,0	0,09855382400718933
118,0	0,08090004208437603
119,0	0,07942011327426672
120,0	0,08240054966177376
121,0	0,05138786218283644
122,0	0,059312860880562625
123,0	0,05901658055852751
124,0	0,04579861278208326
125,0	0,0352691202259707
126,0	0,035992799310567224
127,0	0,06468726834390166
128,0	0,042559296382957044
129,0	0,0731625341635668
130,0	0,10299065162654324
131,0	0,12624980836222285
132,0	0,11169408070661838
133,0	0,12202117034552065
134,0	0,1686000129512495
135,0	0,17762876268538366
136,0	0,11592632397600369
137,0	0,07522947703789482
138,0	0,022887055199151303
139,0	0,05934953471601536
140,0	0,02858934251686397
141,0	0,07501455424646718
142,0	0,07707329048975599
143,0	0,06852637187107279
144,0	0,04815972303100013
145,0	0,0903765015900844
146,0	0,09305581365976621
147,0	0,04387082116742694
148,0	0,0551016926702986
149,0	0,033737314905381115
150,0	0,04604221879506635
151,0	0,05885440050039546
152,0	0,06518724231302345
153,0	0,07811295095087381
154,0	0,07729428595722185
155,0	0,08472658111310705
156,0	0,04448454687586586
157,0	0,08224079504137465
158,0	0,0647275671581158
159,0	0,04722654323337872
160,0	0,005407701493263273
161,0	0,036506230005242266
162,0	0,05113336120360245
163,0	0,025707575370603676
164,0	0,06820699695918038
165,0	0,0837170967209218
166,0	0,03670716986603348
167,0	0,015633165618093237
168,0	0,0644078640504747
169,0	0,06449813047343204
170,0	0,028640876722710023
171,0	0,10818512103170365
172,0	0,09302971901922089
173,0	0,0254810192547344
174,0	0,018378133678219173
175,0	0,05961808908702806
176,0	0,04563812788547886
177,0	0,04580610811577044
178,0	0,07223074348646123
179,0	0,06317221289994926
180,0	0,07130101046939619
181,0	0,07428981513783176
182,0	0,08109312205972626
183,0	0,1183696869339388
184,0	0,05972829652770084
185,0	0,07397714855745949
186,0	0,0738803967721112
187,0	0,11492821889604433
188,0	0,03902669598782956
189,0	0,04672798337214464
190,0	0,0454073776301419
191,0	0,05145175106907645
192,0	0,014695097518985522
193,0	0,06222824729855343
194,0	0,07839153157368417
195,0	0,11094687370470922
196,0	0,05414654241500224
197,0	0,10774030405315128
198,0	0,11208042123589088
199,0	0,14361966972607326
200,0	0,06401639603228168
201,0	0,06228508795269416
202,0	0,05465404403767737
203,0	0,07073717288661469
204,0	0,07591107277919486
205,0	0,04422887553311793
206,0	0,0927343821770592
207,0	0,13736126341447719
208,0	0,1823231774852864
209,0	0,13038562170547247
210,0	0,15033817636849603
211,0	0,13298004604901928
212,0	0,13544194596507153
213,0	0,0816004835144506
214,0	0,054530073665965496
215,0	0,11232428774641676
216,0	0,0707511832367534
217,0	0,08331887133595976
218,0	0,10787620399703274
219,0	0,0850523884224888
220,0	0,06342018351465634
221,0	0,11237585196202932
222,0	0,1309694724504814
223,0	0,08708373270703909
224,0	0,08648813279626744
225,0	0,1308977653542751
226,0	0,12335075423162159
227,0	0,04002213029998075
228,0	0,08242986345346312
229,0	0,04089658662571217
230,0	0,059582880026326196
231,0	0,08436203750757476
232,0	0,14368627459560115
233,0	0,1493179597928939
234,0	0,07730857694886241
235,0	0,10658599317802572
236,0	0,10358409019659315
237,0	0,11484084887861094
238,0	0,09422300595740793
239,0	0,1134024081824766
240,0	0,1314544506278493
241,0	0,11310247314459583
242,0	0,09476218816456052
243,0	0,10047241300548615
244,0	0,1373123793908083
245,0	0,1702713186379404
246,0	0,10912513661039573
247,0	0,06196542686199299
248,0	0,08984901775411866
249,0	0,12923327884369348
250,0	0,13302679608841964
251,0	0,08556615789669265
252,0	0,09724094728823453
253,0	0,007412275630005924
254,0	0,05298999387652023
255,0	6,924951195925416E-4
256,0	0,06041393850178628
257,0	0,09257094860054917
258,0	0,12849034383218372
259,0	0,09471577037037178
260,0	0,06386435341573755
261,0	0,04539603068056407
262,0	0,06783421965426789
263,0	0,06514729783884583
264,0	0,09792556159751334
265,0	0,11380540933145046
266,0	0,09971281099979797
267,0	0,03652194413401564
268,0	0,06718758621343834
269,0	0,09899992782444335
270,0	0,10060674057377433
271,0	0,05133579273859593
272,0	0,06767031391089391
273,0	0,0916267408775138
274,0	0,10826128889546692
275,0	0,06381847122898257
276,0	0,03097863085788711
277,0	0,047309529278557805
278,0	0,03938037929192616
279,0	0,07551951280449982
280,0	0,019578801380266946
281,0	0,08456654210081037
282,0	0,09608359567372585
283,0	0,11987276355513123
284,0	0,16105716185718985
285,0	0,1559830670450361
286,0	0,09885700951565513
287,0	0,025688816467092864
288,0	0,06872871945339482
289,0	0,07679094479171963
290,0	0,040954286069248697
291,0	0,03231834111693812
292,0	0,026021228309382957
293,0	0,01552388430330617
294,0	0,044534703906713984
295,0	0,09067163215841076
296,0	0,1194126826565271
297,0	0,09291596496487334
298,0	0,00786420331185629
299,0	0,04211426087971139
300,0	0,05444182075238779
301,0	0,06209449182356752
302,0	0,09922706119612161
303,0	0,08896911034039674
304,0	0,10281520343520802
305,0	0,08095939303295145
306,0	0,11254565556440341
307,0	0,06684297570656805
308,0	0,06639745423229368
309,0	0,0666863897200609
310,0	0,12442730620712936
311,0	0,08608994555715505
312,0	0,058857022106294996
313,0	0,04608344416204903
314,0	0,06909968399934102
315,0	0,05051053881441341
316,0	0,0668038344002599
317,0	0,09788620844325552
318,0	0,13316512818135698
319,0	0,15011436032803108
320,0	0,10872313158530178
321,0	0,050071864954655085
322,0	0,03901037772333005
323,0	0,06224216672261334
324,0	0,10141910443499665
325,0	0,07737906558912816
326,0	0,11627904623962015
327,0	0,07198948356079224
328,0	0,056279113965801444
329,0	0,07722474584167494
330,0	0,047692139795452795
331,0	0,04369612536389386
332,0	0,03952236550164799
333,0	0,0588838421056445
334,0	0,10626326669772249
335,0	0,07936310551834933
336,0	0,08283205945314781
337,0	0,06790003907967111
338,0	0,022077682114763183
339,0	0,018350852028897243
340,0	0,07522510318985917
341,0	0,06642761570911623
342,0	0,10209927166545067
343,0	0,11910961761956392
344,0	0,1533771760182659
345,0	0,16490861993278172
346,0	0,15269278766624284
347,0	0,13824721580971203
348,0	0,06758219656232217
349,0	0,0869515845390517
350,0	0,03167292402703027
351,0	0,08788406035134133
352,0	0,09992557199876613
353,0	0,09127704533456633
354,0	0,12898641310280626
355,0	0,13952677711307052
356,0	0,12856092580355089
357,0	0,09498115080452987
358,0	0,11250139031279346
359,0	0,1101405277107042
360,0	0,12105714116733748
361,0	0,1379304743718799
362,0	0,11629577480921334
363,0	0,11557978302438789
364,0	0,18911457801838424
365,0	0,15430989669025805
366,0	0,1364747331517035
367,0	0,13441503709755795
368,0	0,18426936038437744
369,0	0,15554203231138472
370,0	0,09409775784385413
371,0	0,11893816548504023
372,0	0,1123519751984057
373,0	0,0910190786405426
374,0	0,051420666447263154
375,0	0,09011453041445218
376,0	0,06243354146953063
377,0	0,08378090825157485
378,0	0,02571628874189654
379,0	0,08740472410352314
380,0	0,04237585522908798
381,0	0,07579652827171277
382,0	0,09637436502341634
383,0	0,06175023664755901
384,0	0,016005830253408425
385,0	0,06113369238356905
386,0	0,0849916548007166
387,0	0,1349345609109505
388,0	0,09672333695791079
389,0	0,10828164443097703
390,0	0,11932866291934639
391,0	0,15312047587897387
392,0	0,2199072663130366
393,0	0,20328890261390864
394,0	0,18650477676414992
395,0	0,11479782335969785
396,0	0,10346210515566306
397,0	0,18825390229197542
398,0	0,13072053795398725
399,0	0,13438986882272153
400,0	0,10521998215912923
401,0	0,08185316292738656
402,0	0,12405459052139269
403,0	0,09825574654431943
404,0	0,10154525798841844
405,0	0,1400131836984668
406,0	0,14095536130156275
407,0	0,08652865600412382
408,0	0,09525089148498944
409,0	0,05370597240121697
410,0	0,06441911806675447
411,0	0,10554061670016913
412,0	0,08327443386003938
413,0	0,18283653133312816
414,0	0,16740162780909965
415,0	0,171316649641159
416,0	0,18234824251787718
417,0	0,14239989922832125
418,0	0,21796085650620275
419,0	0,17435603539748462
420,0	0,2253909199078818
421,0	0,20897666400215678
422,0	0,1774138149668432
423,0	0,19027055874865925
424,0	0,13513132515442752
425,0	0,13086629279475845
426,0	0,07996113395780041
427,0	0,14324684011279917
428,0	0,11559937526126803
429,0	0,051065542959017815
430,0	0,11510325195100203
431,0	0,07495313387252618
432,0	0,09634514639945367
433,0	0,1299051441689176
434,0	0,08853475510710461
435,0	0,115425892771582
436,0	0,059492471548163846
437,0	0,09443907096038974
438,0	0,0991652119971549
439,0	0,13104196222741013
440,0	0,15141489294771895
441,0	0,07781084759665667
442,0	0,05755090267593913
443,0	0,09036870535784101
444,0	0,14326469003325148
445,0	0,07019965518662781
446,0	0,07067045073782327
447,0	0,19999439781901104
448,0	0,15096288651066164
449,0	0,10304662581811426
450,0	0,04822667321528795
451,0	0,16338863510254362
452,0	0,11700963211151946
453,0	0,18866207082310427
454,0	0,06463259166102162
455,0	0,07370516434923506
456,0	0,023743450669295396
457,0	0,045358884888044404
458,0	0,050702609273327176
459,0	0,07170279908408055
460,0	0,03000885846410609
461,0	0,11085523833959122
462,0	0,1329609942368638
463,0	0,1941834822704462
464,0	0,2061340016041134
465,0	0,15036858086722127
466,0	0,08448238538016785
467,0	0,08592393728722052
468,0	0,07108670031653085
469,0	0,10534584959622513
470,0	0,08733740149657039
471,0	0,09630456577118116
472,0	0,0976396863673296
473,0	0,1481486780040116
474,0	0,07794939466367705
475,0	0,039896428492762155
476,0	0,0700039715994849
477,0	0,08121631454064698
478,0	0,031059223187682405
479,0	0,01998052861432561
480,0	0,034037496824283364
481,0	0,08312337473343186
482,0	0,13564348589028608
483,0	0,16911599313621828
484,0	0,14469564360618362
485,0	0,12760157019820345
486,0	0,11449041973143828
487,0	0,08037151996385984
488,0	0,13459006423741326
489,0	0,16577900900631906
490,0	0,1408035292147177
491,0	0,1615727318877256
492,0	0,22503818018845378
493,0	0,22787171804599532
494,0	0,10632639656023551
495,0	0,10110718527825201
496,0	0,059063463018059655
497,0	0,09202318500284883
498,0	0,06932234935540577
499,0	0,06194413324868599
500,0	0,046837594334824005
501,0	0,1479965040125833
502,0	0,1024678364386029
503,0	0,13641775796340835
504,0	0,048236582715282486
505,0	0,10093019575337137
506,0	0,037099311024380674
507,0	0,05189214637837606
508,0	0,017366927362870127
509,0	0,08013349506869583
510,0	0,09319685431719214
511,0	0,1433726799131386
512,0	0,18649739993654307
513,0	0,15846308031835757
514,0	0,15330101911715907
515,0	0,1332167923314882
516,0	0,09120353427206587
517,0	0,09369864950691117
518,0	0,10002939458773029
519,0	0,14783066656969365
520,0	0,18158828971805904
521,0	0,17638754297024636
522,0	0,18164929640704885
523,0	0,17063966558043825
524,0	0,1459387030308857
525,0	0,1079474933450744
526,0	0,17059773572777934
527,0	0,15348001441691855
528,0	0,1094008825865042
529,0	0,10802775760097919
530,0	0,13814267745880449
531,0	0,12025769489506405
532,0	0,15429522144071228
533,0	0,11229046016150888
534,0	0,06856803605924512
535,0	0,08164336098832539
536,0	0,10426949187389359
537,0	0,1292142753056903
538,0	0,15399527126364848
539,0	0,0888954586219698
540,0	0,0675880085027949
541,0	0,030935327654261626
542,0	0,052057620632570925
543,0	0,0616396980947655
544,0	0,024787973348426234
545,0	0,06782374893728443
546,0	0,05037833551620308
547,0	0,06731194559019527
548,0	0,0898120306572619
549,0	0,04883787206532461
550,0	0,10372355371081675
551,0	0,11060510877280345
552,0	0,10568152156073074
553,0	0,16250025632300788
554,0	0,1484480738254253
555,0	0,1439416660104594
556,0	0,12534689971930235
557,0	0,0947401776309364
558,0	0,09208454133203907
559,0	0,06410778242003753
560,0	0,04889274919547598
561,0	0,04341819326880908
562,0	0,0693151602846062
563,0	0,0779239423904978
564,0	0,09252552476192982
565,0	0,061175012286744705
566,0	0,09304893619826092
567,0	0,10804906494354112
568,0	0,09637706214614013
569,0	0,05895712283197439
570,0	0,11616990816153927
571,0	0,10734791364101734
572,0	0,10169378799320437
573,0	0,12842962455606924
574,0	0,070744382133465
575,0	0,028806318084954843
576,0	0,07757178522119659
577,0	0,11022408691295711
578,0	0,058935839532202404
579,0	0,08784630760471444
580,0	0,08693924023063931
581,0	0,05702829548004033
582,0	0,06561636554358123
583,0	0,019690566352048362
584,0	0,03398757415358934
585,0	0,09647079105141596
586,0	0,0978614843507779
587,0	0,11967164389171604
588,0	0,17141105077140437
589,0	0,08131704969342271
590,0	0,001299676264960087
591,0	0,044424565428810035
592,0	0,05057618445079547
593,0	0,05629476384316682
594,0	0,016167212776882326
595,0	0,013433909423913688
596,0	0,07430224641265687
597,0	0,0133594393625687
598,0	0,08259700767938342
599,0	0,04810827112707619
600,0	0,07032314090206014
601,0	0,049839530965769555
602,0	0,06279810218871155
603,0	0,007955170187219321
604,0	0,056546426777173565
605,0	0,0894201589551581
606,0	0,03756382366159558
607,0	0,04191665523704821
608,0	0,041875218430994045
609,0	0,031070895338125137
610,0	0,008109606449411092
611,0	0,05855200423219522
612,0	0,038448006550449436
613,0	0,041046467034451355
614,0	0,0275189257908812
615,0	0,05539640493777514
616,0	0,08270058490490702
617,0	0,04240719606212634
618,0	0,09016896007518488
619,0	0,05173919872641209
620,0	0,02524769264573189
621,0	0,05591923496509301
622,0	0,040075021048506534
623,0	0,039658994127312754
624,0	0,02385751728088172
625,0	0,06587557432640409
626,0	0,08758921115557107
627,0	0,07200030878733762
628,0	0,02501077064613313
629,0	0,06293989147122284
630,0	0,0450697791089577
631,0	0,007650628253411595
632,0	0,005171154259066116
633,0	0,09094457986724544
634,0	0,13350353743579782
635,0	0,07453805094455299
636,0	0,11127919397087205
637,0	0,1327101514640047
638,0	0,12168297426716577
639,0	0,03694799188792485
640,0	0,04876767795150207
641,0	0,10824762894827131
642,0	0,09825405087885611
643,0	0,08212365592516885
644,0	0,025321260452105417
645,0	0,066508259746168
646,0	0,09560660470373823
647,0	0,11984440830560968
648,0	0,07671068410687037
649,0	0,08866811349420799
650,0	0,14952206615440045
651,0	0,16178695385209105
652,0	0,1716305228073472
653,0	0,14489128199440282
654,0	0,13934692756239053
655,0	0,17132318781477282
656,0	0,07161051808772745
657,0	0,05008629857424559
658,0	0,09812475948081398
659,0	0,10434857858627478
660,0	0,11218184537311401
661,0	0,08909945568004192
662,0	0,06861583140693892
663,0	0,09903327932310552
664,0	0,0633447346911768
665,0	0,0776182831327669
666,0	0,08556879454180841
667,0	0,1119818436352887
668,0	0,10198818314637635
669,0	0,11836497560189287
670,0	0,14520948140143908
671,0	0,1147294614683041
672,0	0,07344660457802786
673,0	0,08091688508179483
674,0	0,0907463352672988
675,0	0,03989860779630416
676,0	0,07671732185972005
677,0	0,05922378462388551
678,0	0,08207996613129921
679,0	0,08415251063630866
680,0	0,11422367760739685
681,0	0,08883527350025186
682,0	0,06483972608128605
683,0	0,07173445016387628
684,0	0,06545819297461075
685,0	0,07116358714686793
686,0	0,0887452206679019
687,0	0,08908816441486488
688,0	0,10531178669950514
689,0	0,08839507085420822
690,0	0,08750738826832312
691,0	0,14193465287749796
692,0	0,12890440907965867
693,0	0,12823646382933734
694,0	0,13808707345468196
695,0	0,07856415079890115
696,0	0,08787776370400585
697,0	0,12333498617327301
698,0	0,06592334672988105
699,0	0,0892265388498189
700,0	0,09430671810192363
701,0	0,0761658291941419
702,0	0,08845195912057997
703,0	0,10246244100113985
704,0	0,08450157540737338
705,0	0,08138442628323678
706,0	0,06214999940649499
707,0	0,0729591617324235
708,0	0,06517848933065472
709,0	0,0767900983069329
710,0	0,09732797682931785
711,0	0,1240263067476627
712,0	0,01562997020494669
713,0	0,10696776233199581
714,0	0,15004616500224335
715,0	0,13547840610521505
716,0	0,05583538411000523
717,0	0,05359233689817411
718,0	0,05890954371733066
719,0	0,10204173432444248
720,0	0,10405635719465943
721,0	0,1091976036281203
722,0	0,04046383854608388
723,0	0,054644376073673395
724,0	0,08006552188630278
725,0	0,09324305760384594
726,0	0,038528106967805634
727,0	0,08406998251285452
728,0	0,025168703822884306
729,0	0,0381387539885763
730,0	0,11725054521200448
731,0	0,10679197441707892
732,0	0,12338038256723517
733,0	0,1229915671036048
734,0	0,08524192152808832
735,0	0,11366366892930836
736,0	0,11732694976552054
737,0	0,07276047639212245
738,0	0,02077505199551802
739,0	0,015010621568376502
740,0	0,07793097062934821
741,0	0,04706042665112908
742,0	0,09472188204123114
743,0	0,09693977977123168
744,0	0,10663930743476209
745,0	0,06075791846143365
746,0	0,058922971708774495
747,0	0,031921473217899544
748,0	0,08942727471625368
749,0	0,05873544375369684
750,0	0,06954527090516835
751,0	0,07050318667816301
752,0	0,016654282304202236
753,0	0,08337930781060865
754,0	0,14572402754038413
755,0	0,1557310733043252
756,0	0,15207069078077567
757,0	0,08151350863816403
758,0	0,11511071478811087
759,0	0,11944173773243913
760,0	0,1912773860876049
761,0	0,1937482440959539
762,0	0,10289655189756011
763,0	0,1157013490813843
764,0	0,0729040929145819
765,0	0,07527548389007856
766,0	0,054689203694668745
767,0	0,04128208568947902
768,0	0,02161609581880699
769,0	0,06942527626043922
770,0	0,026688779122471983
771,0	0,09645484400816758
772,0	0,06911756470982859
773,0	0,15637407892609803
774,0	0,13751032976652902
775,0	0,1871557462786699
776,0	0,21471784781285655
777,0	0,226709924591644
778,0	0,23484758912028994
779,0	0,19775617569135173
780,0	0,18327735946159265
781,0	0,11799169000980818
782,0	0,08595955590147816
783,0	0,1363751489331566
784,0	0,13534415249707962
785,0	0,12373439606059944
786,0	0,0881974433966415
787,0	0,054302221352447534
788,0	0,0675270126795046
789,0	0,10462155817364142
790,0	0,1131441529214825
791,0	0,17729317777278616
792,0	0,15591180571548152
793,0	0,2071491437421435
794,0	0,23642705749155382
795,0	0,1853149047700581
796,0	0,17611140640874715
797,0	0,12035684864531437
798,0	0,10488290642784308
799,0	0,09388528695945443
800,0	0,09299315630741192
801,0	0,15761576224442075
802,0	0,10586199140149716
803,0	0,06641257608599602
804,0	0,04054303919044763
805,0	0,03273363763742171
806,0	0,07593117570232126
807,0	0,039458019123416024
808,0	0,11349458160648583
809,0	0,1305790686171792
810,0	0,1525516278733364
811,0	0,08969545826785855
812,0	0,10742326307604314
813,0	0,19877026400307257
814,0	0,16118073809868608
815,0	0,10762680267080883
816,0	0,13677958380865077
817,0	0,1537508797356751
818,0	0,1975647640034168
819,0	0,19980612203671702
820,0	0,17126311094180507
821,0	0,1755315117129839
822,0	0,14325868175293197
823,0	0,1195257813847819
824,0	0,10820474560647142
825,0	0,13534699143754356
826,0	0,06901793697521406
827,0	0,08823618819990829
828,0	0,10850240526046197
829,0	0,12097149378175397
830,0	0,1561388563257555
831,0	0,08386175878343638
832,0	0,026019905210640924
833,0	0,05599591261049388
834,0	0,042975578318179955
835,0	0,015787973778145732
836,0	0,040671985216554865
837,0	0,030199988868923645
838,0	0,07210038884929502
839,0	0,08794158228519527
840,0	0,08244291011729665
841,0	0,08620464795323995
842,0	0,0817823760078038
843,0	0,08780231426293914
844,0	0,12627698660864353
845,0	0,13489804221719875
846,0	0,1623012309240595
847,0	0,1249548078687963
848,0	0,18331477919941994
849,0	0,08119535292827268
850,0	0,05913629995328672
851,0	0,06679628143085217
852,0	0,08621515269596261
853,0	0,13378803096681624
854,0	0,07779232074198833
855,0	0,15141541630049982
856,0	0,21842790074917404
857,0	0,1697418985023515
858,0	0,0874165234952767
859,0	0,10666342894806233
860,0	0,1693098081431729
861,0	0,13587394309197148
862,0	0,1868500671599889
863,0	0,13758277023876975
864,0	0,11844886860123613
865,0	0,04177377929322091
866,0	0,07109842544409985
867,0	0,060023278611867084
868,0	0,031641986154109555
869,0	0,0930833398320454
870,0	0,043291662569774465
871,0	0,033203714240396955
872,0	0,023354387604626187
873,0	0,09332821271520526
874,0	0,09037292954589492
875,0	0,10450108342582481
876,0	0,1440731268692092
877,0	0,1718272077812294
878,0	0,1536221305085257
879,0	0,1562155512007029
880,0	0,12123855412456043
881,0	0,07791315707043912
882,0	0,07977912489333996
883,0	0,08743661961605634
884,0	0,051993980618976705
885,0	0,03233560934282897
886,0	0,12965749392408374
887,0	0,16226889726795132
888,0	0,15159788923534623
889,0	0,1655481608599065
890,0	0,13298033405917886
891,0	0,11490416270374881
892,0	0,15048057617948005
893,0	0,14784859828298325
894,0	0,13558446508005748
895,0	0,11312792724537427
896,0	0,11378620069747927
897,0	0,06636730464990372
898,0	0,10261496776566262
899,0	0,0957148209361684
900,0	0,13350923076714655
901,0	0,12381286684944878
902,0	0,1430456657624842
903,0	0,1336366551199369
904,0	0,16463095839075478
905,0	0,23171907761713176
906,0	0,2014120654430021
907,0	0,11323566500800593
908,0	0,20032278320545466
909,0	0,14117803785475977
910,0	0,09970081274723862
911,0	0,04491753009624393
912,0	0,13245438753557057
913,0	0,09067171699632853
914,0	0,09990267997401586
915,0	0,1196725294333653
916,0	0,09750278710665983
917,0	0,07358445181994373
918,0	0,07808449212491153
919,0	0,13182820530236236
920,0	0,1663274840516678
921,0	0,1982136933981799
922,0	0,16282164939721339
923,0	0,14787804878140945
924,0	0,13831150534594674
925,0	0,19494088830702974
926,0	0,15078305743779613
927,0	0,09261258912658629
928,0	0,11165023881210412
929,0	0,05476967359421239
930,0	0,03953995414112566
931,0	0,06325451575678197
932,0	0,10114579231529812
933,0	0,09879765626984481
934,0	0,06548041841700104
935,0	0,029738599480571774
936,0	0,024779204818917395
937,0	0,03386175381028711
938,0	0,0722598220128773
939,0	0,05646823094208441
940,0	0,07001369601194292
941,0	0,09707175271775755
942,0	0,1188699673519322
943,0	0,1300740147851002
944,0	0,19910366377435726
945,0	0,16059026886840758
946,0	0,11286579283602238
947,0	0,13489276148706691
948,0	0,1306377545222968
949,0	0,12949702585712064
950,0	0,16015262773078387
951,0	0,16792052301648522
952,0	0,24611132325284363
953,0	0,19136967752239023
954,0	0,15977851585983394
955,0	0,18669130731657257
956,0	0,19741363722869648
957,0	0,24692197949245057
958,0	0,15800445447485656
959,0	0,11880914291410517
960,0	0,10323469456051973
961,0	0,08773821223232457
962,0	0,11052425681265672
963,0	0,06572490244615976
964,0	0,08899800425087108
965,0	0,06469350116978477
966,0	0,0410372331856816
967,0	0,056854944380080506
968,0	0,017476124036149437
969,0	0,08259190334937633
970,0	0,06158910817061345
971,0	0,027617557555988805
972,0	0,02153014122861888
973,0	0,024778343551714356
974,0	0,06158467179910079
975,0	0,06826142941464683
976,0	0,07645977460190005
977,0	0,14464772905349133
978,0	0,20055751671034505
979,0	0,1388046384900108
980,0	0,08477668595002828
981,0	0,07356094488802752
982,0	0,10704909490002618
983,0	0,1278297815562041
984,0	0,1535985006123328
985,0	0,09067751957117305
986,0	0,0887971383388914
987,0	0,13381355156341604
988,0	0,11117205054495669
989,0	0,16178617218723346
990,0	0,17196949129764627
991,0	0,08258910427189659
992,0	0,0771918676271741
993,0	0,09401527677102398
994,0	0,04681484116191614
995,0	0,020926326929391
996,0	0,04454497896760609
997,0	0,07871396998117902
998,0	0,014892578330163341
999,0	0,04229715805284093
1000,0	0,01631876335824277
1001,0	0,014764868598615392
1002,0	0,058498106837171944
1003,0	0,018795435772665816
1004,0	0,06689294121838354
1005,0	0,011006986436651016
1006,0	0,05411657176067749
1007,0	0,010207967730766543
1008,0	0,07245776688290816
1009,0	0,10939317278843345
1010,0	0,12322644734839154
1011,0	0,08056965235552555
1012,0	0,06505882813490835
1013,0	0,0448720097436055
1014,0	0,09233438120773255
1015,0	0,14942305384281251
1016,0	0,04539291192398072
1017,0	0,08100767030775045
1018,0	0,0781941770184487
1019,0	0,08078195375953463
1020,0	0,048932709004122596
1021,0	0,07322175601195399
1022,0	0,0560819698925586
1023,0	0,05366912822885134
1024,0	0,056377689062984654
1025,0	0,05968868743357985
1026,0	0,05050341675153018
1027,0	0,008794855132933503
1028,0	0,057443748076987905
1029,0	0,1170769338932556
1030,0	0,09471748477714029
1031,0	0,08367338421653697
1032,0	0,02880978882883144
1033,0	0,07981990428609784
1034,0	0,10275775217008683
1035,0	0,11557598904052573
1036,0	0,1165446964160283
1037,0	0,10690077925457409
1038,0	0,09794770804547578
1039,0	0,05693579752568032
1040,0	0,05202169204395837
1041,0	0,03271409403833985
1042,0	0,012649601251154708
1043,0	0,044992865979777245
1044,0	0,02608519130472459
1045,0	0,04978041914197432
1046,0	0,05900262606061432
1047,0	0,09198069225994238
1048,0	0,04585150022525929
1049,0	0,06055462540237381
1050,0	0,09878671395452997
1051,0	0,15551575163078504
1052,0	0,17394236572845476
1053,0	0,14860229964577173
1054,0	0,12644545991349945
1055,0	0,06111332254074968
1056,0	0,09985139885154269
1057,0	0,08798649171434163
1058,0	0,1178302892312145
1059,0	0,11572511276119078
1060,0	0,07774305064790768
1061,0	0,05527191572812718
1062,0	0,04047550263985167
1063,0	0,009519639141716413
1064,0	0,0537356164099595
1065,0	0,10806497186212694
1066,0	0,09748485746893452
1067,0	0,10755762232306973
1068,0	0,15209849952454035
1069,0	0,133998455596162
1070,0	0,07171932602394879
1071,0	0,10377573225791667
1072,0	0,10617742355530205
1073,0	0,14987615353092051
1074,0	0,18453634502833083
1075,0	0,22685203672226753
1076,0	0,1945693077780733
1077,0	0,13390969201586603
1078,0	0,08041091857272277
1079,0	0,12065480186011196
1080,0	0,17882591855916635
1081,0	0,13689428680901267
1082,0	0,13582399537068252
1083,0	0,10655986471599398
1084,0	0,1670762872131739
1085,0	0,09297967148258147
1086,0	0,0726931750385838
1087,0	0,13510045469964033
1088,0	0,10018397710421902
1089,0	0,1382528705003901
1090,0	0,14030842546288322
1091,0	0,12665210199002253
1092,0	0,11800098329430055
1093,0	0,04577364673264288
1094,0	0,029530750293567862
1095,0	0,07489503955299176
1096,0	0,06538240950591291
1097,0	0,139766588157676
1098,0	0,09329777167777427
1099,0	0,11015141931961886
1100,0	0,14588220567426666
1101,0	0,11288869351628918
1102,0	0,14178252639160904
1103,0	0,11869818089627314
1104,0	0,13542532352503134
1105,0	0,18025541962329966
1106,0	0,11070516513595725
1107,0	0,10441410241971526
1108,0	0,06922605043936522
1109,0	0,12304223357995046
1110,0	0,1532163016806483
1111,0	0,1263678323759735
1112,0	0,08106409149353658
1113,0	0,025827869983407435
1114,0	0,06571043229038456
1115,0	0,10024598990664146
1116,0	0,0495767941514102
1117,0	0,04233319182743929
1118,0	0,003544571475542858
1119,0	0,03788954032210721
1120,0	0,00895247041583294
1121,0	0,07979438451340491
1122,0	0,06435725889279532
1123,0	0,014123086305724944
1124,0	0,046003183111329
1125,0	0,023403922918421048
1126,0	0,0724623673340041
1127,0	0,07976929996528953
1128,0	0,034624083312617314
1129,0	0,02803321915566432
1130,0	0,04836471427277566
1131,0	0,09458506408763999
1132,0	0,08397854357516113
1133,0	0,15125899589202652
1134,0	0,09899714851779189
1135,0	0,09448211313732903
1136,0	0,11149002752478396
1137,0	0,09815802990504081
1138,0	0,05282883468053598
1139,0	0,08488801220685915
1140,0	0,11630036209228173
1141,0	0,13563433382970855
1142,0	0,12905312369805833
1143,0	0,07996867912161752
1144,0	0,15829952671369557
1145,0	0,15888147337649608
1146,0	0,18551951043430803
1147,0	0,2118425514840763
1148,0	0,2462445390271066
1149,0	0,21992564849717047
1150,0	0,1577823524255066
1151,0	0,07111558843305162
1152,0	0,12337434214534594
1153,0	0,14713409228236826
1154,0	0,1820781288628266
1155,0	0,20094115318908998
1156,0	0,15171856910707873
1157,0	0,1623289888085357
1158,0	0,09592589985896645
1159,0	0,09718292279972583
1160,0	0,08088591892935734
1161,0	0,09308826163308288
1162,0	0,07350899101203517
1163,0	0,07017918661712656
1164,0	0,07414747411831857
1165,0	0,026163503163976455
1166,0	0,026855213790218546
1167,0	0,061467153237369274
1168,0	0,149673307497733
1169,0	0,1361228775790099
1170,0	0,10134060113877433
1171,0	0,1376165967225943
1172,0	0,07927533978750316
1173,0	0,09437545263526884
1174,0	0,042158859502162915
1175,0	0,12038666243292112
1176,0	0,17739179794325227
1177,0	0,10040510502260373
1178,0	0,07386210503307788
1179,0	0,06906733813864475
1180,0	0,08975264024638437
1181,0	0,0874044137246956
1182,0	0,08500889852978685
1183,0	0,04897105561547634
1184,0	0,03624422968529875
1185,0	0,10846265326512314
1186,0	0,06933545995013536
1187,0	0,01350738150245796
1188,0	0,08383554667211207
1189,0	0,08089536683311939
1190,0	0,10610241586853758
1191,0	0,07268109712652729
1192,0	0,11806767896627411
1193,0	0,1511837796539929
1194,0	0,11282955348046182
1195,0	0,0786500318869619
1196,0	0,05504192136479555
1197,0	0,06335580544380659
1198,0	0,0868989955839153
1199,0	0,05854571113177171
1200,0	0,12026979186408698
1201,0	0,06290606946828951
1202,0	0,058333576819991295
1203,0	0,009922133173477761
1204,0	0,06545862579028708
1205,0	0,06458526741842299
1206,0	0,017859526116548667
1207,0	0,07394647080848908
1208,0	0,09766521607605687
1209,0	0,09813502485690365
1210,0	0,09422788807436179
1211,0	0,12076938514331424
1212,0	0,15338869531501417
1213,0	0,17217912136268643
1214,0	0,15407788639653636
1215,0	0,14324765725308208
1216,0	0,17495406268702635
1217,0	0,14706519237974927
1218,0	0,15025108612216928
1219,0	0,09587314651518106
1220,0	0,0864767331866103
1221,0	0,12390051989887087
1222,0	0,08636541040868764
1223,0	0,10329972547391787
1224,0	0,09796012352487549
1225,0	0,11919295269267025
1226,0	0,15730049179086858
1227,0	0,15472020194363315
1228,0	0,11908359423667349
1229,0	0,06906367765935045
1230,0	0,1149966821198664
1231,0	0,07290238461314894
1232,0	0,06539384793439035
1233,0	0,061710148495095866
1234,0	0,021908080043811055
1235,0	0,017102149482281292
1236,0	0,05773971284475813
1237,0	0,02507316615986385
1238,0	0,031195246531654116
1239,0	0,05881111443792763
1240,0	0,13762863835173916
1241,0	0,19715845901196866
1242,0	0,1064933926425719
1243,0	0,1334593159039433
1244,0	0,13402822230264388
1245,0	0,12571736194957045
1246,0	0,084320078849711
1247,0	0,04629863532904326
1248,0	0,07104939747263875
1249,0	0,024714831686967507
1250,0	0,037215569300989404
1251,0	0,024398700068355733
1252,0	0,05630180476289303
1253,0	0,0309430265806968
1254,0	0,036907938374222876
1255,0	0,061573458211472684
1256,0	0,08844471860879236
1257,0	0,11242304515709262
1258,0	0,11413009321067748
1259,0	0,12643027888327832
1260,0	0,19371556096284992
1261,0	0,22676504459225091
1262,0	0,15330822598606536
1263,0	0,25453332942504386
1264,0	0,2302162031781674
1265,0	0,24549426097737145
1266,0	0,22672335305122346
1267,0	0,14769050225733862
1268,0	0,17947299572036174
1269,0	0,1570856883915331
1270,0	0,1367693900531803
1271,0	0,09468876849317762
1272,0	0,12525967956435344
1273,0	0,10880644179027082
1274,0	0,04480024015038899
1275,0	0,06294788489125751
1276,0	0,0978238476655744
1277,0	0,056411344232605104
1278,0	0,042935471955210795
1279,0	0,08599726707612024
1280,0	0,14110078366547266
1281,0	0,09574879885902897
1282,0	0,09636391485386782
1283,0	0,09869791838499573
1284,0	0,02480510009483869
1285,0	0,060781058330738214
1286,0	0,11523006767433382
1287,0	0,12833108724268666
1288,0	0,1517949429371827
1289,0	0,09821445947324187
1290,0	0,07029820225250168
1291,0	0,10541487656432938
1292,0	0,05319622990772608
1293,0	0,05557296541210831
1294,0	0,11588064074297608
1295,0	0,11519359619781011
1296,0	0,07574663511675586
1297,0	0,033668342274600534
1298,0	0,02496280736742454
1299,0	0,054547573339511664
1300,0	0,11370205272201181
1301,0	0,10236855422485264
1302,0	0,11897291077935612
1303,0	0,019817893626043394
1304,0	0,07262849867433387
1305,0	0,0243212105790061
1306,0	0,031602551500413564
1307,0	0,05572115258751046
1308,0	0,07556966907830225
1309,0	0,0979769006117186
1310,0	0,13275349062558564
1311,0	0,12109420643658925
1312,0	0,15763379146609663
1313,0	0,14711782532315737
1314,0	0,08380082420352149
1315,0	0,039590612147212385
1316,0	0,04630102006073144
1317,0	0,07037214131863179
1318,0	0,07469653293132741
1319,0	0,07469583712916135
1320,0	0,11114885123188825
1321,0	0,1535827138509617
1322,0	0,10255034819520394
1323,0	0,11611133541093818
1324,0	0,09773313158904702
1325,0	0,08035717771523768
1326,0	0,08782219678349408
1327,0	0,08209358730079407
1328,0	0,11124674628153634
1329,0	0,07475893205283114
1330,0	0,10097948973363326
1331,0	0,061150791224126165
1332,0	0,04677248298971929
1333,0	0,04978284400154259
1334,0	0,09945366095807016
1335,0	0,07238389944304217
1336,0	0,12656839032218814
1337,0	0,11994825113537083
1338,0	0,07144851684619011
1339,0	0,09784291558825949
1340,0	0,03015597784620842
1341,0	0,04912624719925322
1342,0	0,06481001891063413
1343,0	0,0590786586848199
1344,0	0,11701453474854989
1345,0	0,14132925486673012
1346,0	0,08588110925915345
1347,0	0,10992277585922675
1348,0	0,07719306547432399
1349,0	0,07144644748626931
1350,0	0,09407624082839895
1351,0	0,09580635404010245
1352,0	0,17791106776899887
1353,0	0,1669940445998398
1354,0	0,1317967891245793
1355,0	0,0907347441437884
1356,0	0,05477806330162386
1357,0	0,06174321647965394
1358,0	0,12472099823308348
1359,0	0,09616308404806868
1360,0	0,1173469894382491
1361,0	0,09801109891177849
1362,0	0,10719413250117393
1363,0	0,10903823015669786
1364,0	0,04518277049797431
1365,0	0,02489694213874356
1366,0	0,013639648597586783
1367,0	0,1072168970591491
1368,0	0,07783335214578539
1369,0	0,08545805530376432
1370,0	0,08519068175051143
1371,0	0,07134392372998365
1372,0	0,11970020260976287
1373,0	0,12090734492775518
1374,0	0,11455006772396774
1375,0	0,08837643838503535
1376,0	0,07895075449974237
1377,0	0,08703984428773491
1378,0	0,03408852570102338
1379,0	0,03806315082400741
1380,0	0,028684035067061558
1381,0	0,01594483609667579
1382,0	0,018655528537791195
1383,0	0,027368413865123214
1384,0	0,061424133539092395
1385,0	0,09147193100065337
1386,0	0,09811360642774809
1387,0	0,07642984939883128
1388,0	0,06006552413979566
1389,0	0,04356163278099849
1390,0	0,09926075852996147
1391,0	0,09345254192115254
1392,0	0,12393642054300441
1393,0	0,125728046848836
1394,0	0,19596715029653042
1395,0	0,16440129368289977
1396,0	0,14137447481107282
1397,0	0,1524376070248323
1398,0	0,11825875935912535
1399,0	0,08147987356422882
1400,0	0,18294052583966952
1401,0	0,1972942176765951
1402,0	0,17330266405274297
1403,0	0,17472901113623096
1404,0	0,15817360526630406
1405,0	0,12760086558036576
1406,0	0,1274547709436378
1407,0	0,09048158004521949
1408,0	0,06487489850733158
1409,0	0,07300902191609897
1410,0	0,0668323024523048
1411,0	0,17167762799961492
1412,0	0,10732824900912143
1413,0	0,05259739583101569
1414,0	0,040962632983365145
1415,0	0,07030698465627902
1416,0	0,04059781970002275
1417,0	0,010514440749174948
1418,0	0,0355315253754779
1419,0	0,05312233314450973
1420,0	0,14142219127788025
1421,0	0,09765671968701696
1422,0	0,0973244872396921
1423,0	0,0704717411290512
1424,0	0,058895510306947126
1425,0	0,06379837568397397
1426,0	0,09365737211281906
1427,0	0,05031553716538458
1428,0	0,06321649513874182
1429,0	0,05542224313190689
1430,0	0,017452950137174173
1431,0	0,001597522668098398
1432,0	0,010343133238363509
1433,0	0,02816625724789326
1434,0	0,054570824792156865
1435,0	0,12220624358391385
1436,0	0,09779573985030254
1437,0	0,09579266354412154
1438,0	0,09170701111371429
1439,0	0,112292978251186
1440,0	0,12565316025141685
1441,0	0,18129697050227989
1442,0	0,14435450602232108
1443,0	0,12586777703949412
1444,0	0,11087125949438148
1445,0	0,1723303495326392
1446,0	0,19098583104479794
1447,0	0,22050003417786102
1448,0	0,15792404451322242
1449,0	0,09488643722773593
1450,0	0,10903227282487307
1451,0	0,10232786057449972
1452,0	0,07616479966383487
1453,0	0,060011939864391524
1454,0	0,05128102200638993
1455,0	0,02758591702806769
1456,0	0,08663113591303827
1457,0	0,12919078589734184
1458,0	0,15997474998021172
1459,0	0,10330865785627569
1460,0	0,06791113032269534
1461,0	0,06136439123600257
1462,0	0,03426907584071808
1463,0	0,10169877186367773
1464,0	0,08742868688115298
1465,0	0,10310458115110474
1466,0	0,05684423388112332
1467,0	0,0531372244147043
1468,0	0,09038254755863845
1469,0	0,07697395604781597
1470,0	0,0627559275009375
1471,0	0,07021732963441872
1472,0	0,11666377078102744
1473,0	0,10749788847475152
1474,0	0,12129013132840823
1475,0	0,1304671863876536
1476,0	0,08425036459448997
1477,0	0,1206199330532832
1478,0	0,033255965834676667
1479,0	0,08559960684995223
1480,0	0,0818947059562944
1481,0	0,0546743902185113
1482,0	0,04787223426451545
1483,0	0,0695623488762245
1484,0	0,09897457560947599
1485,0	0,1228231320223685
1486,0	0,17571732754866892
1487,0	0,09009478057851647
1488,0	0,06649078899875963
1489,0	0,04978423989778202
1490,0	0,025518352652537938
1491,0	0,02568627021939831
1492,0	0,05050080444413482
1493,0	0,05951597430298414
1494,0	0,09202474651145565
1495,0	0,1048045309787612
1496,0	0,07555487616714208
1497,0	0,04707393010298453
1498,0	0,053681559455017194
1499,0	0,14356534052817765
1500,0	0,14028085760343334
1501,0	0,19642058128302856
1502,0	0,15202075927308212
1503,0	0,12870446376957342
1504,0	0,15483042288755572
1505,0	0,12271155645403257
1506,0	0,14393800093164485
1507,0	0,10653749139681186
1508,0	0,029993423399839073
1509,0	0,021010889479914186
1510,0	0,11494683370944724
1511,0	0,13825048450560828
1512,0	0,1535149728570537
1513,0	0,16100268778955523
1514,0	0,17548394703356537
1515,0	0,11305978645374407
1516,0	0,12379298229371903
1517,0	0,05324829178405693
1518,0	0,060337655603880054
1519,0	0,0766421853651673
1520,0	0,11408079632754983
1521,0	0,19591817404973105
1522,0	0,14388643807377116
1523,0	0,15217333696807608
1524,0	0,1653519614284257
1525,0	0,09891325011373121
1526,0	0,0792449100861729
1527,0	0,12897627399231942
1528,0	0,1293654629875329
1529,0	0,13640413392777992
1530,0	0,17035208045799174
1531,0	0,11152824524121624
1532,0	0,11995850059755464
1533,0	0,03779760244530963
1534,0	0,07597224034325108
1535,0	0,04410690984763899
1536,0	0,06708489861473148
1537,0	0,14528962066579013
1538,0	0,19213748629019547
1539,0	0,14704847179263203
1540,0	0,15942540376706554
1541,0	0,21284434896492685
1542,0	0,1844141661979473
1543,0	0,20259061326462033
1544,0	0,1932855486811091
1545,0	0,22688017758490006
1546,0	0,21752652456567484
1547,0	0,19316456801674092
1548,0	0,21142741667885032
1549,0	0,17935074940838433
1550,0	0,1580293834413658
1551,0	0,16410002226792522
1552,0	0,16691375485177967
1553,0	0,14651779540182394
1554,0	0,14950013850103058
1555,0	0,21026624015524042
1556,0	0,1779394116141873
1557,0	0,16849125121267924
1558,0	0,11294996502598233
1559,0	0,14787102068903638
1560,0	0,14302575076063095
1561,0	0,13642450641915485
1562,0	0,07008589944645556
1563,0	0,08384846502159932
1564,0	0,045305208112981034
1565,0	0,05590217770613858
1566,0	0,038925523326174286
1567,0	0,10806809093600347
1568,0	0,05195478583151605
1569,0	0,09529390352534386
1570,0	0,03827555674525889
1571,0	0,046125095546109364
1572,0	0,025550448502872202
1573,0	0,10851740666205323
1574,0	0,08193404363483066
1575,0	0,10691859829349765
1576,0	0,05503729996955002
1577,0	0,06432893104940388
1578,0	0,07038796443842034
1579,0	0,04170766315318612
1580,0	0,08551434174984801
1581,0	0,10673806724433468
1582,0	0,10931497764128041
1583,0	0,10403411176902609
1584,0	0,08841543482236225
1585,0	0,05586121843624416
1586,0	0,10092005840736015
1587,0	0,1423881149347203
1588,0	0,15541820585596228
1589,0	0,1544011255687731
1590,0	0,1259498919771061
1591,0	0,10621063801338608
1592,0	0,05883861108099732
1593,0	0,047410986283376776
1594,0	0,03666603681664275
1595,0	0,06225613204366604
1596,0	0,026824821806576114
1597,0	0,05942694626103961
1598,0	0,09352315498872824
1599,0	0,052685289790598805
1600,0	0,057649513976831046
1601,0	0,07486623145031075
1602,0	0,056074657819621086
1603,0	0,05193518374152084
1604,0	0,03518799012598111
1605,0	0,02912003720990551
1606,0	0,05675343487716056
1607,0	0,07651665455555527
1608,0	0,10312405628448472
1609,0	0,06333048682558601
1610,0	0,04026803473661923
1611,0	0,052618647479577785
1612,0	0,08167559382528367
1613,0	0,09253631165607566
1614,0	0,06810794561118944
1615,0	0,034198746854238224
1616,0	0,09695772755656291
1617,0	0,10722512763668592
1618,0	0,08843286613925204
1619,0	0,06258708970221417
1620,0	0,07596714161173408
1621,0	0,05919584150034572
1622,0	0,05576689063491205
1623,0	0,0855030496705792
1624,0	0,17161171251378152
1625,0	0,10012710442017973
1626,0	0,08238681891839578
1627,0	0,0935968028118606
1628,0	0,06830042102861732
1629,0	0,0520793294892655
1630,0	0,10410474595360167
1631,0	0,08643397717705792
1632,0	0,1253114066576764
1633,0	0,07967705393082095
1634,0	0,10822975655325374
1635,0	0,14713211990296415
1636,0	0,04780711983953101
1637,0	0,08977474744632728
1638,0	0,05454793619646907
1639,0	0,018109616409383873
1640,0	0,015428612726861817
1641,0	0,019103486208220184
1642,0	0,03367589384722581
1643,0	0,0553930666688965
1644,0	0,022883526550258545
1645,0	0,00503280442703904
1646,0	0,052543324553725144
1647,0	0,08925137410946923
1648,0	0,13111885272795323
1649,0	0,10135643299802469
1650,0	0,10148654302683534
1651,0	0,09927172018933289
1652,0	0,09899627887761181
1653,0	0,11678546944828382
1654,0	0,1410313678339019
1655,0	0,08615543567306343
1656,0	0,12393422350474526
1657,0	0,09286284215442335
1658,0	0,0463314754828795
1659,0	0,023642981282431842
1660,0	0,06880266589112416
1661,0	0,07807136847307908
1662,0	0,06906791454110377
1663,0	0,0846182272541465
1664,0	0,08315273586346494
1665,0	0,15342473144911556
1666,0	0,22149995495030073
1667,0	0,24453337107635487
1668,0	0,17411002158577304
1669,0	0,1750345702674995
1670,0	0,15213649378576563
1671,0	0,07302018794425721
1672,0	0,06998708017883694
1673,0	0,030704712040648972
1674,0	0,04122391609800966
1675,0	0,059335277435564514
1676,0	0,05534201888436281
1677,0	0,07107731462312322
1678,0	0,09595802166640305
1679,0	0,08222144479618367
1680,0	0,07727914765917633
1681,0	0,019042993232248645
1682,0	0,060740431334752286
1683,0	0,11964714538944948
1684,0	0,09214674708041513
1685,0	0,055254747918139877
1686,0	0,08875321584042473
1687,0	0,1140174131723771
1688,0	0,10755826514563256
1689,0	0,09147851381661007
1690,0	0,06134601251357321
1691,0	0,04211256098752363
1692,0	0,045115089760994466
1693,0	0,019055516753650845
1694,0	0,044502289938453406
1695,0	0,08701971487637963
1696,0	0,055553311846851645
1697,0	0,16690991754228168
1698,0	0,12543326906928726
1699,0	0,12109591318260997
1700,0	0,09880737888104128
1701,0	0,09735315343100329
1702,0	0,10481129666077049
1703,0	0,07520812693356899
1704,0	0,07362886222700012
1705,0	0,07880637086055015
1706,0	0,10027857193593964
1707,0	0,10383808106130614
1708,0	0,1307075031707792
1709,0	0,14162505153757177
1710,0	0,15918809258402514
1711,0	0,12827564303501654
1712,0	0,15434380480201532
1713,0	0,17333440741366848
1714,0	0,12842366424582727
1715,0	0,09626054184486488
1716,0	0,07853102056194518
1717,0	0,09599892401222265
1718,0	0,18073728153225754
1719,0	0,22334930138715842
1720,0	0,2015281926317109
1721,0	0,11873254080202379
1722,0	0,12701126300271176
1723,0	0,11938457762000787
1724,0	0,09093933839203952
1725,0	0,02670319744295441
1726,0	0,059150320769396636
1727,0	0,10882093177396723
1728,0	0,10683537047293527
1729,0	0,1324137465612246
1730,0	0,16738241324240843
1731,0	0,14812718993736232
1732,0	0,045410009060651964
1733,0	0,08006788305087664
1734,0	0,06842742059575863
1735,0	0,1014713519117188
1736,0	0,05509165832697961
1737,0	0,0362082506126175
1738,0	0,14674684219903533
1739,0	0,12991600602117384
1740,0	0,1149015961736278
1741,0	0,0661393135680172
1742,0	0,03822769907222349
1743,0	0,01827646115140918
1744,0	0,04394738766444702
1745,0	0,033478428614743795
1746,0	0,03779045221193824
1747,0	0,08251439306934469
1748,0	0,09477768748378051
1749,0	0,15894521539198017
1750,0	0,13698321005553823
1751,0	0,16139884707437988
1752,0	0,14123634560754042
1753,0	0,11043415390520399
1754,0	0,1597291672880555
1755,0	0,11326492992161566
1756,0	0,10570981610549791
1757,0	0,030017867894129833
1758,0	0,018864698709744387
1759,0	0,10633148702971017
1760,0	0,11719967311158762
1761,0	0,10449366221795933
1762,0	0,08218535594144696
1763,0	0,11857708685017045
1764,0	0,024499172088724236
1765,0	0,09791836866951276
1766,0	0,05302527912472412
1767,0	0,0773416324130283
1768,0	0,13811490480934263
1769,0	0,08288661429638167
1770,0	0,07525623200819552
1771,0	0,07871569370392628
1772,0	0,10304489642170507
1773,0	0,14469855913003285
1774,0	0,11321669631224474
1775,0	0,0952499656237121
1776,0	0,019285192424512015
1777,0	0,0557595703941277
1778,0	0,06776603020141622
1779,0	0,0932987823373377
1780,0	0,10739124684581862
1781,0	0,03126900305645128
1782,0	0,0446052024873037
1783,0	0,09515735970064883
1784,0	0,08674915089920111
1785,0	0,06911422238771359
1786,0	0,03214427397523522
1787,0	0,05370848911710391
1788,0	0,049839148516711666
1789,0	0,04277911193149389
1790,0	0,05465303990207167
1791,0	0,06913735155413626
1792,0	0,10404541829290331
1793,0	0,08074812985939786
1794,0	0,12418359673627227
1795,0	0,19156411385363614
1796,0	0,22859197577722318
1797,0	0,1951824284442388
1798,0	0,20786264633165422
1799,0	0,21233020633532498
1800,0	0,19125741734740895
1801,0	0,1909355931861464
1802,0	0,18092890853861432
1803,0	0,15057812006945595
1804,0	0,13860351111260072
1805,0	0,13266369337178016
1806,0	0,10399968551270994
1807,0	0,12437693101814351
1808,0	0,0325341499080495
1809,0	0,006380301018822515
1810,0	0,07658821454757397
1811,0	0,10589582478733366
1812,0	0,14037951535409776
1813,0	0,16380242183235835
1814,0	0,10463860435290001
1815,0	0,09863786174144684
1816,0	0,07766614964909375
1817,0	0,13364697636962902
1818,0	0,14569811874517338
1819,0	0,1888772166883373
1820,0	0,15986056669205354
1821,0	0,12129222126629147
1822,0	0,11042391598912983
1823,0	0,08947105634474331
1824,0	0,0036462921257809306
1825,0	0,04834014305830978
1826,0	0,041555385900949766
1827,0	0,01622348407668744
1828,0	0,027176285515196276
1829,0	0,005448783782339017
1830,0	0,09053968427673574
1831,0	0,04958246667482621
1832,0	0,06291556273656682
1833,0	0,11337820357274059
1834,0	0,014508772365074009
1835,0	0,034644341280931336
1836,0	0,04433127812345264
1837,0	0,09060624104963313
1838,0	0,04985503230578391
1839,0	0,07186942958391812
1840,0	0,08269127774334148
1841,0	0,05864101876296762
1842,0	0,02160910004188782
1843,0	0,04848593431371227
1844,0	0,02097745861938768
1845,0	0,05915034287107763
1846,0	0,04412060226680079
1847,0	0,048078541099478705
1848,0	0,07220580491734072
1849,0	0,04290114502264114
1850,0	0,08169207747146476
1851,0	0,08602064898344768
1852,0	0,07692471862309723
1853,0	0,042500526808481216
1854,0	0,13077409073767216
1855,0	0,1041109162994855
1856,0	0,09770193095549001
1857,0	0,11664151496341707
1858,0	0,09681155897371863
1859,0	0,08395505356148826
1860,0	0,04198570733439137
1861,0	0,04645715526610106
1862,0	0,07100445236507194
1863,0	0,17707230593422238
1864,0	0,18024664466124682
1865,0	0,12912382987266963
1866,0	0,15641803890777362
1867,0	0,11270456649084155
1868,0	0,10958784881333747
1869,0	0,07447824114093947
1870,0	0,0772454357528683
1871,0	0,03906559778224052
1872,0	0,06025355434130669
1873,0	0,07469355823042799
1874,0	0,03941096540525919
1875,0	0,05974171158772901
1876,0	0,05698494201501996
1877,0	0,02919558962751554
1878,0	0,06217440857929315
1879,0	0,00533163875812935
1880,0	0,09762383900919097
1881,0	0,09557736902016936
1882,0	0,07369507797199099
1883,0	0,09149000765684111
1884,0	0,013180430681681236
1885,0	0,016703935299376242
1886,0	0,0083423693906871
1887,0	0,08631232558546713
1888,0	0,09074588953111422
1889,0	0,12758879295345563
1890,0	0,11951387657003884
1891,0	0,048452902575674105
1892,0	0,04296732510217051
1893,0	0,09323379044956817
1894,0	0,07538891637838202
1895,0	0,10290424478143943
1896,0	0,13203974651439532
1897,0	0,1133288907177464
1898,0	0,08040697922846515
1899,0	0,08935423532800447
1900,0	0,04933676780489442
1901,0	0,07284063082328948
1902,0	0,08962383493178501
1903,0	0,11920706182567035
1904,0	0,10508427907497148
1905,0	0,07864443840604916
1906,0	0,14620509269937282
1907,0	0,1344908176667185
1908,0	0,10413073931814663
1909,0	0,15064859440296882
1910,0	0,1832845902514809
1911,0	0,12446816126885478
1912,0	0,13466632149929092
1913,0	0,07979348490149425
1914,0	0,06761824766408339
1915,0	0,08968887226024773
1916,0	0,08410027541939712
1917,0	0,11966056268658026
1918,0	0,025247018384042304
1919,0	0,05479199901815042
1920,0	0,0997033689821566
1921,0	0,08265379815200007
1922,0	0,07389632511069555
1923,0	0,09588212783374603
1924,0	0,08929715927148918
1925,0	0,05599446506094625
1926,0	0,10167497902166867
1927,0	0,14791739503177267
1928,0	0,14970948958108157
1929,0	0,15489681897355384
1930,0	0,15977599162686146
1931,0	0,18028926406282064
1932,0	0,054947038763164605
1933,0	0,0693771411700763
1934,0	0,1631926998589022
1935,0	0,1882640732405293
1936,0	0,12666791917839024
1937,0	0,10621474482973828
1938,0	0,08309602748031439
1939,0	0,08248116770230622
1940,0	0,08132900950470494
1941,0	0,05428449645154026
1942,0	0,06321599850435845
1943,0	0,0570951566525521
1944,0	0,164967850719039
1945,0	0,17010254822630863
1946,0	0,16762394139184553
1947,0	0,1711598572683118
1948,0	0,1037799291628237
1949,0	0,15949613777129434
1950,0	0,1954354955476443
1951,0	0,21414538295468977
1952,0	0,12412629592108082
1953,0	0,13605740988927884
1954,0	0,10785357283542088
1955,0	0,094065850207784
1956,0	0,10260882947275847
1957,0	0,08340245810538964
1958,0	0,15159376437928654
1959,0	0,17987641188919756
1960,0	0,13533081866569052
1961,0	0,19007466806655623
1962,0	0,13206712388238193
1963,0	0,0760536662809568
1964,0	0,10297996196773584
1965,0	0,16204670896543358
1966,0	0,10655560371147096
1967,0	0,1558066597654489
1968,0	0,12930037605921793
1969,0	0,05301246281439337
1970,0	0,04511773730521184
1971,0	0,06404949548121396
1972,0	0,07917888193652248
1973,0	0,052853789439179316
1974,0	0,10084204699171971
1975,0	0,06978074554070192
1976,0	0,1101136741781534
1977,0	0,05542518938601507
1978,0	0,05130917937254025
1979,0	0,14697609940780265
1980,0	0,14745976191838642
1981,0	0,15282883879878625
1982,0	0,177506545521928
1983,0	0,1285222913990641
1984,0	0,07527860699331587
1985,0	0,1311082725508941
1986,0	0,1737937910527488
1987,0	0,16785771816785072
1988,0	0,1309447113577655
1989,0	0,15057729593706368
1990,0	0,0828380801076441
1991,0	0,10080834917512567
1992,0	0,02432464679827818
1993,0	0,10763151135761755
1994,0	0,09617529407196211
1995,0	0,087831502228935
1996,0	0,029903691544482348
1997,0	0,09202204017080334
1998,0	0,09598507845003924
1999,0	0,12710513604092688
2000,0	0,0819078405502818
