N: 500.0	L: 	Density:0.8	Noise: 5.0
Time	 Va	
0.0	0.06073857268235675
1.0	0.024403702674039428
2.0	0.04903297012064969
3.0	0.040059918307828304
4.0	0.0777082986450006
5.0	0.045787536239542855
6.0	0.007498404565584713
7.0	0.09666563131948532
8.0	0.025428435887496215
9.0	0.017091740421035357
10.0	0.052053537499666194
11.0	0.01683970513969155
12.0	0.044540777784071256
13.0	0.08046388044645501
14.0	0.056578314036339956
15.0	0.02688590296287859
16.0	0.08680486537739548
17.0	0.009679714168583058
18.0	0.04515497723907776
19.0	0.041846075503643505
20.0	0.04287262413142736
21.0	0.05760216938099127
22.0	0.053742919821453974
23.0	0.053274330710728415
24.0	0.09692992846728622
25.0	0.036338039174866235
26.0	0.020733962042059507
27.0	0.024002048712741784
28.0	0.030695545616028993
29.0	0.06748723401013336
30.0	0.07723218133253525
31.0	0.056850053684308684
32.0	0.033833119302557
33.0	0.11454321972117441
34.0	0.026794883451243697
35.0	0.040750053591906185
36.0	0.03632168792080625
37.0	0.011180904366410942
38.0	0.06813506960062089
39.0	0.09549165986652622
40.0	0.0505629345633605
41.0	0.05507560052023129
42.0	0.08476744294669544
43.0	0.03969985367058429
44.0	0.03846698368013748
45.0	0.08310451691728168
46.0	0.02828287667143073
47.0	0.03216399075932933
48.0	0.042711385701534835
49.0	0.036565856144189945
50.0	0.06955049228956238
51.0	0.05737953277236592
52.0	0.041407745533171066
53.0	0.01672239452593558
54.0	0.017588049402459036
55.0	0.05158690746601508
56.0	0.07837219527619112
57.0	0.08809157236264535
58.0	0.031099410955326274
59.0	0.04124582945016545
60.0	0.047984740156807454
61.0	0.05778114401216853
62.0	0.07008591120192742
63.0	0.030688336634420638
64.0	0.06194429175588492
65.0	0.06773294805841304
66.0	0.059789859683063905
67.0	0.02563158436446608
68.0	0.04702939489777679
69.0	0.023428595077962792
70.0	0.018542582738377063
71.0	0.09472507523771435
72.0	0.07422740046241144
73.0	0.053338348631580136
74.0	0.052580870317308175
75.0	0.04031050389700359
76.0	0.07004240765192682
77.0	0.016133752486966895
78.0	0.035146355739328096
79.0	0.024596391780337498
80.0	0.06847277551050365
81.0	0.07254663246270115
82.0	0.10905940588483162
83.0	0.02402928148541378
84.0	0.052215706270643175
85.0	0.03506783787664241
86.0	0.016073490891931937
87.0	0.06664494989929354
88.0	0.05710792531410333
89.0	0.06994187660797048
90.0	0.0640086290428775
91.0	0.061202911589352
92.0	0.10848483781512357
93.0	0.05725586221275139
94.0	0.051743121653785626
95.0	0.046338565245508716
96.0	0.059527959247047
97.0	0.06148798237305667
98.0	0.055773529369650715
99.0	0.05223986426691061
100.0	0.04601454658266175
101.0	0.06371122076489819
102.0	0.062504172529873
103.0	0.03872398898486192
104.0	0.07163379735120852
105.0	0.08352388015520328
106.0	0.061927870524958725
107.0	0.06666903042039539
108.0	0.08323304842847862
109.0	0.10452069721697706
110.0	0.023470465920706705
111.0	0.04636240017822721
112.0	0.02365030077477379
113.0	0.046348051955727866
114.0	0.012393423458680842
115.0	0.08958897959042506
116.0	0.061313792943562456
117.0	0.07229541788389714
118.0	0.016799249360733216
119.0	0.043815393293366554
120.0	0.05003521829936873
121.0	0.053631454520085324
122.0	0.03702134161805854
123.0	0.03171223688122744
124.0	0.05154838591166121
125.0	0.02560419944417859
126.0	0.06809044465173679
127.0	0.012322913909671256
128.0	0.0295436606433108
129.0	0.06529845805229886
130.0	0.06534001118427885
131.0	0.07925124144375495
132.0	0.07871155012822373
133.0	0.09247119983182397
134.0	0.04552073110271689
135.0	0.06063821698240068
136.0	0.03920343750780891
137.0	0.04975656722692741
138.0	0.04500478479770112
139.0	0.041124243422035814
140.0	0.05202890848454796
141.0	0.08136847279400546
142.0	0.03435148065667454
143.0	0.03714104642149567
144.0	0.03816704556669898
145.0	0.06697362906888198
146.0	0.04859966683678194
147.0	0.06093044504144074
148.0	0.028823910385029676
149.0	0.06397150312618688
150.0	0.038593259078624494
151.0	0.06829206055042239
152.0	0.0461315353118984
153.0	0.042413335378857726
154.0	0.02708546028074902
155.0	0.0208288075559244
156.0	0.04446797019610179
157.0	0.10020561847014064
158.0	0.0810612340579498
159.0	0.014779157896716504
160.0	0.03835014259624774
161.0	0.04247303647141902
162.0	0.0242008467459949
163.0	0.03652100623529475
164.0	0.03427723567776308
165.0	0.009660413473588618
166.0	0.02027237587512518
167.0	0.049447229516820304
168.0	0.01755906158386518
169.0	0.0313240551998157
170.0	0.01598316421146379
171.0	0.04705683056599903
172.0	0.1096352959622258
173.0	0.010672291838452109
174.0	0.02884385055019731
175.0	0.022736122747732988
176.0	0.047538031724669326
177.0	0.034681206166119714
178.0	0.08696180543223306
179.0	0.050000799450915644
180.0	0.020397253338863934
181.0	0.022776935810155406
182.0	0.03192084826840255
183.0	0.06599210605599824
184.0	0.059870276863572575
185.0	0.03807740224084453
186.0	0.028995346356357938
187.0	0.05716628369503546
188.0	0.041714663457995814
189.0	0.09967661632080073
190.0	0.017700549192964595
191.0	0.05898256275434015
192.0	0.037429362659885446
193.0	0.046897699701354725
194.0	0.06125088119371275
195.0	0.04523958748458398
196.0	0.06721261139222669
197.0	0.033633133323574184
198.0	0.03521915083402276
199.0	0.04579341012100637
200.0	0.02512954978730266
201.0	0.0145304094096753
202.0	0.02774981837337247
203.0	0.0185612272947664
204.0	0.05678337715603556
205.0	0.03487466128185297
206.0	0.024884822783243055
207.0	0.051540912391229245
208.0	0.04886663144734583
209.0	0.04309525064397524
210.0	0.08980809341208769
211.0	0.05948541801838519
212.0	0.02798653509702137
213.0	0.02265048975186873
214.0	0.027383938546541274
215.0	0.027426367458498215
216.0	0.015532745208579843
217.0	0.023925284343268932
218.0	0.048208711953465426
219.0	0.06839557749925806
220.0	0.04479290407549199
221.0	0.014429073758846283
222.0	0.07273762443648936
223.0	0.03664315237331942
224.0	0.02304066926379196
225.0	0.03851276757395824
226.0	0.082241981059099
227.0	0.01694538448692993
228.0	0.0822705022480096
229.0	0.020343424080739546
230.0	0.09684283986151122
231.0	0.03325999682218614
232.0	0.03506221182426099
233.0	0.10844400059540622
234.0	0.0650192032610935
235.0	0.0896758734499615
236.0	0.02990373079746929
237.0	0.04037646151743757
238.0	0.026708680246976625
239.0	0.04701245437993989
240.0	0.03770817934359278
241.0	0.036503318283145444
242.0	0.06786268184622052
243.0	0.06321088746321595
244.0	0.07551988161651446
245.0	0.034311554684739426
246.0	0.0413136521825809
247.0	0.048395927889184204
248.0	0.04328738307047265
249.0	0.04871823736522767
250.0	0.04273454444706441
251.0	0.06722802678074843
252.0	0.04327902331824262
253.0	0.053110136748442595
254.0	0.023930175075023194
255.0	0.05137316600554822
256.0	0.055754633398879046
257.0	0.010864653791056252
258.0	0.02065790380319574
259.0	0.03407407837015085
260.0	0.05474343524256459
261.0	0.042249223535597166
262.0	0.023534224139023698
263.0	0.02074990469032548
264.0	0.03445470337654463
265.0	0.023305675401704272
266.0	0.06940182010238491
267.0	0.09354199601273598
268.0	0.01167064017942527
269.0	0.0038890951618421998
270.0	0.029915195149934206
271.0	0.009617439830314049
272.0	0.02653915001574075
273.0	0.00456900850994351
274.0	0.040380397890452946
275.0	0.09070942560899656
276.0	0.07502769068632816
277.0	0.032678783839599115
278.0	0.04873645247880403
279.0	0.0735346685496399
280.0	0.07672740395558264
281.0	0.08677846815069155
282.0	0.03152563810650049
283.0	0.03328817643988831
284.0	0.06485080193789045
285.0	0.012359745582904204
286.0	0.08121005120760111
287.0	0.0862158732930606
288.0	0.04846266396800981
289.0	0.06053088655357712
290.0	0.045086712462498096
291.0	0.052518926421761404
292.0	0.07443630874231232
293.0	0.07806594185383339
294.0	0.032870504045464974
295.0	0.030769995449687344
296.0	0.027307268542513648
297.0	0.033119262300327766
298.0	0.07953450652638822
299.0	0.0804209733530152
300.0	0.07402938764869264
301.0	0.08302478824183383
302.0	0.04854353453843274
303.0	0.07504569583198441
304.0	0.02967361654780222
305.0	0.04503187002018635
306.0	0.09073642549796286
307.0	0.04635383459712241
308.0	0.008585442216063404
309.0	0.0638637917251874
310.0	0.06797498816217849
311.0	0.09351804316250704
312.0	0.0640671920801254
313.0	0.0392648248168117
314.0	0.052043541099131604
315.0	0.061738737378528585
316.0	0.06054544524811997
317.0	0.04828145095876684
318.0	0.07601631164835979
319.0	0.016204378664599128
320.0	0.030326421715558348
321.0	0.013581019545900332
322.0	0.015813510146913425
323.0	0.020765826066396747
324.0	0.059331597753311316
325.0	0.030554783294617197
326.0	0.010564392020137044
327.0	0.04753572732419874
328.0	0.0752789323602936
329.0	0.034672617134583146
330.0	0.03532996187337581
331.0	0.11991428867634465
332.0	0.09836233813537767
333.0	0.028958413263204873
334.0	0.07458059235547657
335.0	0.043959355479437315
336.0	0.009886327811872991
337.0	0.07683183469068228
338.0	0.028580151480407417
339.0	0.060641975405595044
340.0	0.03734304836016861
341.0	0.031766428175466405
342.0	0.047911228349531765
343.0	0.09444925568406873
344.0	0.03586963352037791
345.0	0.029877501050309493
346.0	0.01402505048851521
347.0	0.02036009695692413
348.0	0.03054622924832465
349.0	0.002607821674878843
350.0	0.02108430968330799
351.0	0.08098860385619804
352.0	0.11570388030867904
353.0	0.03760196230363746
354.0	0.08510162431382955
355.0	0.02206696097255647
356.0	0.05157766968506926
357.0	0.02498262773589196
358.0	0.029772091168923633
359.0	0.03249925778437677
360.0	0.02496866950391231
361.0	0.08614108470106771
362.0	0.05840866980588331
363.0	0.00504124392837096
364.0	0.060494484767563785
365.0	0.06078320021354053
366.0	0.0911150570789474
367.0	0.06587786867440108
368.0	0.043296867796114386
369.0	0.06507428194807276
370.0	0.021755866055372584
371.0	0.06098507867672736
372.0	0.0223690339857773
373.0	0.05537067427945161
374.0	0.0813661218383492
375.0	0.058066573738026504
376.0	0.02612205815385157
377.0	0.06522181331166711
378.0	0.03042506208590928
379.0	0.03975144234221012
380.0	0.08884296885166644
381.0	0.05027536781661856
382.0	0.05519271043881132
383.0	0.027369013037409965
384.0	0.03870812380549259
385.0	0.0501363465007147
386.0	0.05821614374614299
387.0	0.09114261568486046
388.0	0.0878433470138278
389.0	0.09653479568186335
390.0	0.06027232550023792
391.0	0.030713519856285013
392.0	0.04801418933424472
393.0	0.0629529476215187
394.0	0.04289213174779936
395.0	0.03872485259709286
396.0	0.03244305555616188
397.0	0.03149145905992714
398.0	0.05259753676302485
399.0	0.055869879604741136
400.0	0.026161751515291633
401.0	0.039096226999100106
402.0	0.07181692235718065
403.0	0.07765510955931038
404.0	0.06955135487235276
405.0	0.04621976159241747
406.0	0.08274797766869298
407.0	0.03261169202562588
408.0	0.043092175027063355
409.0	0.02625655761472415
410.0	0.026484797738040695
411.0	0.028769469814524107
412.0	0.08052730839054995
413.0	0.0647219053698423
414.0	0.06328475357490425
415.0	0.05724051466518669
416.0	0.020336131942187616
417.0	0.0781828182023118
418.0	0.04436353429791174
419.0	0.06950302636914547
420.0	0.052742887336813385
421.0	0.06843328456243111
422.0	0.03440105624960765
423.0	0.030793827791294383
424.0	0.03423956431238979
425.0	0.07259462200759628
426.0	0.06375091603688757
427.0	0.08306988435270185
428.0	0.03406481516494393
429.0	0.03848094238749733
430.0	0.006148436939884519
431.0	0.01588142948193872
432.0	0.018867082827934388
433.0	0.02003298491567855
434.0	0.03318633001478734
435.0	0.040243248955838445
436.0	0.044399737218345316
437.0	0.09461386055865613
438.0	0.06638657256113097
439.0	0.023037713446483633
440.0	0.04950211143417944
441.0	0.05929299234425712
442.0	0.0430687655018052
443.0	0.03737260053921633
444.0	0.034903356125906324
445.0	0.03509061042326929
446.0	0.052771088430605906
447.0	0.04684094956700688
448.0	0.01890107121907678
449.0	0.10908097010245466
450.0	0.07569538313135038
451.0	0.024472861437387177
452.0	0.019813918656906182
453.0	0.05753574595744799
454.0	0.03793768613280031
455.0	0.04717869209556132
456.0	0.04015541116149412
457.0	0.021904023854067083
458.0	0.04546255492504448
459.0	0.04278568300499257
460.0	0.062309807629895214
461.0	0.07234887517557997
462.0	0.04851718572852201
463.0	0.01843710438833622
464.0	0.037993463042041306
465.0	0.026687236077335624
466.0	0.052732542405359926
467.0	0.09025801402186066
468.0	0.01616382902491112
469.0	0.06308959484628646
470.0	0.03521515556520111
471.0	0.03390366133192473
472.0	0.05185172252126178
473.0	0.0131050069856506
474.0	0.09781151283028938
475.0	0.06743227949714903
476.0	0.009481368503371763
477.0	0.0745253176550304
478.0	0.04821217070846786
479.0	0.047263345846894574
480.0	0.037526831785073246
481.0	0.04634336497500569
482.0	0.06985564052861974
483.0	0.037478336989130626
484.0	0.09718183948299633
485.0	0.03926377400292498
486.0	0.07421299618862458
487.0	0.09447184086762771
488.0	0.02862337215343926
489.0	0.06522279241630727
490.0	0.08015692389124403
491.0	0.07843762355095209
492.0	0.052393869173503055
493.0	0.08301923307942304
494.0	0.04726899955722439
495.0	0.02074680382204642
496.0	0.07622110132719555
497.0	0.016001889703155515
498.0	0.033984803314561204
499.0	0.023678397697316268
500.0	0.0581698781801575
501.0	0.012457682794708028
502.0	0.0496533488656683
503.0	0.03021548952072902
504.0	0.032985943606705766
505.0	0.052756272634410656
506.0	0.03411294898670958
507.0	0.05939648235754359
508.0	0.06060518117380352
509.0	0.029276208755282484
510.0	0.03869886381547775
511.0	0.05506275954853719
512.0	0.03151836834892437
513.0	0.04200582259454706
514.0	0.06918333606660133
515.0	0.024361574921578835
516.0	0.054951189941058916
517.0	0.025196457070086997
518.0	0.027163974508040686
519.0	0.04460615695588569
520.0	0.09469249140378963
521.0	0.060792678189672954
522.0	0.02850266375711852
523.0	0.0350173769961383
524.0	0.04558440148506485
525.0	0.0671137153661788
526.0	0.0585640430002929
527.0	0.07587242688048959
528.0	0.021259523091077776
529.0	0.03478131070956789
530.0	0.04614798935124227
531.0	0.019704055263022737
532.0	0.07861799196998015
533.0	0.1071586655092438
534.0	0.045267900619048354
535.0	0.036431594510806645
536.0	0.06741054838877056
537.0	0.11209132774227804
538.0	0.08964721454898937
539.0	0.017110938439838415
540.0	0.08677723340819413
541.0	0.0941350053650914
542.0	0.03800712640150181
543.0	0.0935467398068678
544.0	0.023297444877830385
545.0	0.041867868424656104
546.0	0.04973765024811983
547.0	0.028816975623596756
548.0	0.036100307383508744
549.0	0.056934094618625246
550.0	0.035634330830620745
551.0	0.03450322549851751
552.0	0.02662409445726615
553.0	0.034736649324671603
554.0	0.024350780190749165
555.0	0.05820679379480004
556.0	0.020006740321952144
557.0	0.04879177965787482
558.0	0.12519162356436625
559.0	0.10397930502600237
560.0	0.05682376180446146
561.0	0.04830718829439496
562.0	0.027451045434505102
563.0	0.028630838983804398
564.0	0.020703630392270574
565.0	0.057288188719043995
566.0	0.04872747471284154
567.0	0.0525982473269017
568.0	0.0454278465730928
569.0	0.021811641486675203
570.0	0.021003072889269458
571.0	0.03418255476430687
572.0	0.04568007882657288
573.0	0.08799623475086982
574.0	0.04488670584316889
575.0	0.049204862891881106
576.0	0.038208486710022006
577.0	0.05007619062706786
578.0	0.07466607054673802
579.0	0.02697316233622776
580.0	0.05496021490917482
581.0	0.03452075410745456
582.0	0.04273674298617737
583.0	0.07896842386483657
584.0	0.04071887500838616
585.0	0.020523322817381305
586.0	0.06799951404403384
587.0	0.03630918349505896
588.0	0.0544810699562408
589.0	0.09944178927397689
590.0	0.049323156168708575
591.0	0.05661017362081779
592.0	0.055546631824248086
593.0	0.03128853076056221
594.0	0.03897736667774444
595.0	0.07309959858120077
596.0	0.04275689843504884
597.0	0.052347922475298306
598.0	0.048093490674619266
599.0	0.05454935799829748
600.0	0.012669209886029814
601.0	0.04040436255494425
602.0	0.02492912988554365
603.0	0.03780552008890555
604.0	0.06361046773086135
605.0	0.035509673632654594
606.0	0.03022769184355151
607.0	0.07306183148736325
608.0	0.036400297694308546
609.0	0.024088487980562505
610.0	0.014453148206930387
611.0	0.060903470824724255
612.0	0.07911432776499377
613.0	0.05989197178381545
614.0	0.032065002573758425
615.0	0.02338778977343751
616.0	0.06931449229675989
617.0	0.03655585621252509
618.0	0.049951333571598616
619.0	0.07908617591891863
620.0	0.019057312917150734
621.0	0.05518375950658198
622.0	0.050911369018067684
623.0	0.014506839177062124
624.0	0.020654850734340372
625.0	0.016746324872394358
626.0	0.02700873503810363
627.0	0.026231800018311078
628.0	0.0589167707653087
629.0	0.0448311349259627
630.0	0.03823742567622034
631.0	0.010462289730708396
632.0	0.035916074739321485
633.0	0.07647039149711465
634.0	0.009931710372280153
635.0	0.021575011748691985
636.0	0.047253257415288755
637.0	0.04461890880519613
638.0	0.028673527457960642
639.0	0.04822201984697942
640.0	0.046212941345506874
641.0	0.06553901149380621
642.0	0.09555948098482375
643.0	0.02640235513412614
644.0	0.014023866510761582
645.0	0.02935303979519149
646.0	0.05728586984365215
647.0	0.06655062583534997
648.0	0.018497903797940744
649.0	0.026571404323955508
650.0	0.07632495413022095
651.0	0.03887670641229831
652.0	0.060691454922820055
653.0	0.04499246517534885
654.0	0.09188039945523258
655.0	0.07029878751734296
656.0	0.03105303510481205
657.0	0.04789300735206834
658.0	0.05970970709000194
659.0	0.029157236418694357
660.0	0.038484564005800075
661.0	0.03291337937109842
662.0	0.03930286854437955
663.0	0.013775246037975687
664.0	0.04406935980589933
665.0	0.019867553574290434
666.0	0.04518921781432807
667.0	0.019562002444740004
668.0	0.0853934685201333
669.0	0.062093000770226926
670.0	0.05591313368950308
671.0	0.014144288323605446
672.0	0.031349441024951435
673.0	0.03014149336532896
674.0	0.05163434881342124
675.0	0.05414769042156762
676.0	0.054474549766878495
677.0	0.059406601622820895
678.0	0.1384063327221566
679.0	0.08528357729877371
680.0	0.04859260317485463
681.0	0.01659660965687612
682.0	0.07472209977866175
683.0	0.07420693609064614
684.0	0.015943573627132057
685.0	0.07485303866487647
686.0	0.05316134444588024
687.0	0.031349551739767834
688.0	0.039496197951924925
689.0	0.021889393681360753
690.0	0.11562451422827102
691.0	0.11648294464907873
692.0	0.06282802523261923
693.0	0.03202008944292867
694.0	0.055697351923384146
695.0	0.12609232027191491
696.0	0.06366019297894711
697.0	0.04687589619804945
698.0	0.011365210646821229
699.0	0.03558333137240361
700.0	0.044778956848196834
701.0	0.026047917191589814
702.0	0.03739261546978799
703.0	0.04709730823783878
704.0	0.025685643361427528
705.0	0.029347684091483927
706.0	0.041014100611114566
707.0	0.051365578160540284
708.0	0.03623075016635272
709.0	0.09541117986083453
710.0	0.07126300771894979
711.0	0.04179951005467602
712.0	0.04491925631982074
713.0	0.053690461402105726
714.0	0.0641553641932221
715.0	0.02827182914999045
716.0	0.0027973706549771194
717.0	0.033512769501895905
718.0	0.021719025765872802
719.0	0.09974737988626182
720.0	0.0261042966367673
721.0	0.04694063906938638
722.0	0.0719603067141182
723.0	0.08038419065518371
724.0	0.04500262447341289
725.0	0.03618333308462842
726.0	0.04003947652026464
727.0	0.05656160630914637
728.0	0.02169196469094164
729.0	0.05538985209234344
730.0	0.09244606865598116
731.0	0.06242589791498467
732.0	0.045733946349494445
733.0	0.05960863071175397
734.0	0.035814197218452484
735.0	0.07078847793852079
736.0	0.07152446600692622
737.0	0.05514877672409748
738.0	0.01644799664175064
739.0	0.06913140163638672
740.0	0.05363462996144515
741.0	0.08390539317320363
742.0	0.05756951899931418
743.0	0.05417142692372098
744.0	0.016706476936026147
745.0	0.013772925311158191
746.0	0.049922368307109874
747.0	0.04596318218342521
748.0	0.05204223281270992
749.0	0.02731338413306723
750.0	0.013025795202849038
751.0	0.030210466925480173
752.0	0.06538757659210322
753.0	0.03565055457368185
754.0	0.057822483530539266
755.0	0.00409196518379516
756.0	0.09088623175422836
757.0	0.14465373017135433
758.0	0.07900695987170274
759.0	0.07233208146274152
760.0	0.009801569077910228
761.0	0.022690888811285878
762.0	0.03505250853355342
763.0	0.05641576875065802
764.0	0.024609056844422644
765.0	0.076448714951161
766.0	0.05154246143635597
767.0	0.036551617684116404
768.0	0.05245839880451488
769.0	0.03381637851913379
770.0	0.034775327983146774
771.0	0.03806370485248116
772.0	0.029783058314612892
773.0	0.015005571610036223
774.0	0.06135894464364967
775.0	0.03361296332218105
776.0	0.014439568474882604
777.0	0.0494324777622455
778.0	0.036660284041406616
779.0	0.09863314577914267
780.0	0.09987904054841983
781.0	0.05797589965600094
782.0	0.04264853181429837
783.0	0.0805689913719404
784.0	0.03918134258715749
785.0	0.05015880041856287
786.0	0.02902895942736036
787.0	0.04853732974267092
788.0	0.0028532576706348446
789.0	0.06142197401857163
790.0	0.025634597255416003
791.0	0.03355939670702741
792.0	0.06842256604904458
793.0	0.05872971502001249
794.0	0.06093599517626551
795.0	0.03395768448086789
796.0	0.04998601026339673
797.0	0.045635983272982406
798.0	0.045931154103944605
799.0	0.042885569083195275
800.0	0.024360118603882923
801.0	0.02688727125379355
802.0	0.0752417088797718
803.0	0.07973200298934933
804.0	0.04372562531394235
805.0	0.06017401444137065
806.0	0.0362207413679645
807.0	0.046177241484761315
808.0	0.024376126870055234
809.0	0.022513361717149745
810.0	0.023663199569151104
811.0	0.025155927200153735
812.0	0.034976002097763886
813.0	0.014805873274148989
814.0	0.021192829596370616
815.0	0.025650808089320694
816.0	0.023458470333828814
817.0	0.05884329365324225
818.0	0.058654993768142656
819.0	0.027679580478302962
820.0	0.021944191870412622
821.0	0.04713918109762165
822.0	0.09529838099193383
823.0	0.024087822731873265
824.0	0.02279434428578159
825.0	0.06968131167693337
826.0	0.057840814329605444
827.0	0.04567125219052193
828.0	0.02736712964536409
829.0	0.02258252892787999
830.0	0.029498154737098742
831.0	0.038477968068298576
832.0	0.037539312967634755
833.0	0.010082891498387458
834.0	0.0604083969415892
835.0	0.09865842077298398
836.0	0.030480766261775923
837.0	0.12838252716643972
838.0	0.026966510448689925
839.0	0.051084117551946466
840.0	0.05777270239996157
841.0	0.08990320367126822
842.0	0.07594784422654527
843.0	0.05495644611390679
844.0	0.09025141587094819
845.0	0.03477356991670785
846.0	0.052340373292124064
847.0	0.031113441891582702
848.0	0.05102160061409894
849.0	0.015509796175187045
850.0	0.05245445084053796
851.0	0.04452726294718965
852.0	0.04868028256883645
853.0	0.046035864703142367
854.0	0.08198112327681513
855.0	0.048571702358495526
856.0	0.04444228101717272
857.0	0.0349966454674423
858.0	0.03999730238425917
859.0	0.07104379491878296
860.0	0.0545168535226334
861.0	0.032377534164963674
862.0	0.04157909206670261
863.0	0.03584166324251325
864.0	0.06472173137308757
865.0	0.05094915676836604
866.0	0.03351144111133365
867.0	0.07444086516335713
868.0	0.03198185405772067
869.0	0.023674527149662433
870.0	0.01690701242389516
871.0	0.012077964271873557
872.0	0.034786483855825584
873.0	0.05051827763652415
874.0	0.022833947342834768
875.0	0.032642937550157985
876.0	0.07695626203520808
877.0	0.02165030262018709
878.0	0.0025798588114709217
879.0	0.011773404697426429
880.0	0.03756092041451769
881.0	0.10042172044809117
882.0	0.038924782277977
883.0	0.0509335174889983
884.0	0.03610097415386052
885.0	0.02497943382027882
886.0	0.04514941913516041
887.0	0.039951577688838856
888.0	0.046199999745921316
889.0	0.07911994063912177
890.0	0.07328672985783129
891.0	0.049430890445144676
892.0	0.032329574573644576
893.0	0.04606545069753219
894.0	0.009301510871197221
895.0	0.03290140259966224
896.0	0.03280469710159646
897.0	0.04264459520688897
898.0	0.017428371442077865
899.0	0.039088318205826596
900.0	0.05929141276526539
901.0	0.047960747501241734
902.0	0.022975414243777307
903.0	0.06201025347742888
904.0	0.042738649778340736
905.0	0.03576073341780994
906.0	0.03557432687116353
907.0	0.06198687485060416
908.0	0.02828656866191648
909.0	0.08227028870275625
910.0	0.07796072046305524
911.0	0.09695518356821847
912.0	0.04577684029252537
913.0	0.09362909784084218
914.0	0.07986349588251435
915.0	0.06295329580375895
916.0	0.023764621049724367
917.0	0.06788403082576536
918.0	0.06686291622602286
919.0	0.0413141234729071
920.0	0.044100200083988156
921.0	0.029248762241286013
922.0	0.06715961230570978
923.0	0.013573500864371464
924.0	0.04431708893747778
925.0	0.0597138184308233
926.0	0.1034119782193429
927.0	0.039496007054865584
928.0	0.027896187281700277
929.0	0.07784468867836551
930.0	0.034035047002887855
931.0	0.053390151119950095
932.0	0.04178749091844471
933.0	0.08726781337599551
934.0	0.045333468129601553
935.0	0.02845303211949534
936.0	0.06520412334953249
937.0	0.06079110360014006
938.0	0.029590624753155347
939.0	0.06030097739613602
940.0	0.07111459359700892
941.0	0.07084701082407648
942.0	0.07408678712803538
943.0	0.03989335212857742
944.0	0.012246225278009426
945.0	0.021857239514618345
946.0	0.08316856683605184
947.0	0.04461899222259905
948.0	0.0345191119972735
949.0	0.030502953116929236
950.0	0.07895456490414596
951.0	0.06422812815971264
952.0	0.020719732073585267
953.0	0.051479215576507746
954.0	0.06911386798805788
955.0	0.03073864335210933
956.0	0.06987146149790852
957.0	0.0785088003368423
958.0	0.09483419488987808
959.0	0.021211115085765935
960.0	0.04061601050466258
961.0	0.08547581470572553
962.0	0.055706503435785246
963.0	0.06314550163640113
964.0	0.028417145298445027
965.0	0.041088261457189995
966.0	0.028836409893297735
967.0	0.09586936922137516
968.0	0.04972359188502831
969.0	0.039295279594777605
970.0	0.037508700564649944
971.0	0.07449884724529987
972.0	0.0478890869043405
973.0	0.04194062675407204
974.0	0.04820249851233791
975.0	0.06882454436680756
976.0	0.024140042554619517
977.0	0.07878260337120405
978.0	0.04385256282586509
979.0	0.03976991201876389
980.0	0.0806851248753802
981.0	0.046910628779089594
982.0	0.014970587535589122
983.0	0.013740868746467972
984.0	0.018967689281175693
985.0	0.05786229602056179
986.0	0.04993630403235771
987.0	0.01145143234821563
988.0	0.04466508230400088
989.0	0.02204196678067707
990.0	0.08184284472780565
991.0	0.00934457432499483
992.0	0.009537220900265712
993.0	0.0677418100673482
994.0	0.05097310065144606
995.0	0.007514496712540641
996.0	0.05753805417897476
997.0	0.020101044717071834
998.0	0.0550590341556309
999.0	0.043720697352718246
1000.0	0.04812693916428587
1001.0	0.07423425948219504
1002.0	0.08781242715293319
1003.0	0.04189319697530519
1004.0	0.03333127114215505
1005.0	0.024355333659956922
1006.0	0.016401500647631323
1007.0	0.027794814134233854
1008.0	0.006314276900149814
1009.0	0.10739516749855428
1010.0	0.064898463650115
1011.0	0.07816249123018962
1012.0	0.039800997196444705
1013.0	0.05305231503305514
1014.0	0.03324046531573546
1015.0	0.06454097853511019
1016.0	0.06010877903915402
1017.0	0.07743815265921386
1018.0	0.04624514525499157
1019.0	0.024969674770982206
1020.0	0.05861397761329959
1021.0	0.033421202750703934
1022.0	0.10884912508153749
1023.0	0.024933917956466184
1024.0	0.047927287996122885
1025.0	0.028379290244857528
1026.0	0.014641395422720626
1027.0	0.11551943773794728
1028.0	0.06948105538109459
1029.0	0.030880486941983046
1030.0	0.015381345755957418
1031.0	0.059464954251663885
1032.0	0.028266214862761395
1033.0	0.06933353412685014
1034.0	0.05394538886416353
1035.0	0.0288820687279529
1036.0	0.036908416446902945
1037.0	0.06498172324036197
1038.0	0.04550975313742807
1039.0	0.06415748376622117
1040.0	0.07546258378541439
1041.0	0.05921456123256547
1042.0	0.0343275585446329
1043.0	0.021086159900423222
1044.0	0.034585855465896195
1045.0	0.08845038981982441
1046.0	0.05299221820785925
1047.0	0.05293700938577778
1048.0	0.03158593643316864
1049.0	0.08741392077696436
1050.0	0.0622916120632639
1051.0	0.0306269225479324
1052.0	0.05572900390023443
1053.0	0.03858749946847216
1054.0	0.08799603335900073
1055.0	0.049278540284367525
1056.0	0.041840419635186636
1057.0	0.06709629855376396
1058.0	0.08999533128827956
1059.0	0.0494827336670825
1060.0	0.06950590627060035
1061.0	0.039656511358511476
1062.0	0.040979267499298026
1063.0	0.01612241295804054
1064.0	0.06324346632020918
1065.0	0.0608220422063608
1066.0	0.05596638000801716
1067.0	0.05496354516496894
1068.0	0.052402277569348524
1069.0	0.08866606104316965
1070.0	0.02758904120704774
1071.0	0.04659188317539365
1072.0	0.0425412250244512
1073.0	0.0400239033072084
1074.0	0.029854404613288428
1075.0	0.04975457130473235
1076.0	0.02781430707440176
1077.0	0.012588479292571692
1078.0	0.030754294182616923
1079.0	0.0527896222640262
1080.0	0.05627025769323894
1081.0	0.03155638019897134
1082.0	0.06228581237106802
1083.0	0.0698840544411178
1084.0	0.04193117914683822
1085.0	0.04983907667281925
1086.0	0.0314879562179668
1087.0	0.023932372349541594
1088.0	0.03262031110002698
1089.0	0.09291504269092203
1090.0	0.11002732977150852
1091.0	0.019993386167428996
1092.0	0.026676594007485333
1093.0	0.04251044551586046
1094.0	0.04381317264959257
1095.0	0.05218052243136301
1096.0	0.03163655683187524
1097.0	0.0987908851268604
1098.0	0.0464965643182921
1099.0	0.034388304015967465
1100.0	0.022931845100461208
1101.0	0.047855542761330576
1102.0	0.008644771653106776
1103.0	0.013302068226781358
1104.0	0.08409707087433028
1105.0	0.0419598944861106
1106.0	0.025089846615274605
1107.0	0.0943288210244134
1108.0	0.08741882617252558
1109.0	0.03345196786201185
1110.0	0.0625416059172941
1111.0	0.06579592891020784
1112.0	0.01148781110986783
1113.0	0.04310195326803246
1114.0	0.056852039928814824
1115.0	0.010679016898543935
1116.0	0.05297417691196583
1117.0	0.07530263313784738
1118.0	0.05780361965551363
1119.0	0.059992103892888435
1120.0	0.053679195244324816
1121.0	0.0548638961283298
1122.0	0.055024711899150335
1123.0	0.0249640057488112
1124.0	0.02757382505666041
1125.0	0.07559691208427707
1126.0	0.11261248540446983
1127.0	0.060290455017122
1128.0	0.11540818408644024
1129.0	0.033582002851064156
1130.0	0.04800062866878425
1131.0	0.018794418626067077
1132.0	0.11007788223614322
1133.0	0.042470785181257645
1134.0	0.00502140638252115
1135.0	0.027124963168316564
1136.0	0.0658546356285722
1137.0	0.10947173505114684
1138.0	0.07018893664590951
1139.0	0.03455273230626508
1140.0	0.015478385168013671
1141.0	0.06442982074555056
1142.0	0.05146873201689962
1143.0	0.03642200598255414
1144.0	0.01097394549027749
1145.0	0.0638631146354861
1146.0	0.01459288608174067
1147.0	0.025501603730041306
1148.0	0.09366888038413626
1149.0	0.07058713041258087
1150.0	0.027363530693346197
1151.0	0.06384736892269076
1152.0	0.03157267872809055
1153.0	0.045711376254316316
1154.0	0.05026946987823438
1155.0	0.04794730065973511
1156.0	0.05511344411486357
1157.0	0.027347959003242786
1158.0	0.12991033110816866
1159.0	0.023109818611938535
1160.0	0.054413107158532176
1161.0	0.030179819997567248
1162.0	0.05186999057356387
1163.0	0.0523074464242743
1164.0	0.047077252412437494
1165.0	0.02850649893539874
1166.0	0.04773734209969536
1167.0	0.04604713031495827
1168.0	0.01856329502928439
1169.0	0.02053284626587768
1170.0	0.031271950185728134
1171.0	0.06434861282036262
1172.0	0.03518745294732573
1173.0	0.007242807580953048
1174.0	0.07323859560931907
1175.0	0.05714639600473929
1176.0	0.03392094504951875
1177.0	0.016379087936923643
1178.0	0.02122099152345849
1179.0	0.07961299706127913
1180.0	0.07036204845961812
1181.0	0.09355927593595692
1182.0	0.08261817025002018
1183.0	0.03251303301689045
1184.0	0.018524507664783738
1185.0	0.027579866738963208
1186.0	0.02730602930993967
1187.0	0.05268769765692891
1188.0	0.041217458904511735
1189.0	0.047508107181346064
1190.0	0.07157013736198775
1191.0	0.04046166522926712
1192.0	0.04995291765596607
1193.0	0.020395803366575115
1194.0	0.021608595456715618
1195.0	0.018692196190899214
1196.0	0.06573182477251151
1197.0	0.04658123397015201
1198.0	0.022216889440484958
1199.0	0.05848252250381222
1200.0	0.006028695662160884
1201.0	0.03341881306358769
1202.0	0.054950227842427354
1203.0	0.03959092711669232
1204.0	0.04259688359558784
1205.0	0.03320395447686106
1206.0	0.04401917601352584
1207.0	0.05885923003316933
1208.0	0.06709381371059965
1209.0	0.031067655268197266
1210.0	0.06404044601681766
1211.0	0.03948214510397482
1212.0	0.03964679156053539
1213.0	0.10467813015579137
1214.0	0.04651285900372679
1215.0	0.038838461818712644
1216.0	0.05587029132236525
1217.0	0.04889141997313579
1218.0	0.017525266898733318
1219.0	0.05054192882103193
1220.0	0.00642999996527476
1221.0	0.040598187570823514
1222.0	0.035958788022806144
1223.0	0.0648159089322918
1224.0	0.07386955243492893
1225.0	0.08182808487057036
1226.0	0.03029654566334859
1227.0	0.08104536796044627
1228.0	0.0904195349079165
1229.0	0.04725315662400905
1230.0	0.07015557989329026
1231.0	0.045917851958625376
1232.0	0.06998386733316073
1233.0	0.08371867707315185
1234.0	0.038248074712831016
1235.0	0.04212143589847203
1236.0	0.038579360619085276
1237.0	0.03320578369485963
1238.0	0.08180217605781268
1239.0	0.03378619970283574
1240.0	0.05241343207280808
1241.0	0.07308452748657769
1242.0	0.135541305489807
1243.0	0.06705642561127
1244.0	0.05009596134649928
1245.0	0.0482086835242135
1246.0	0.07739925102429089
1247.0	0.025086853327632615
1248.0	0.11960411347534196
1249.0	0.14429013542990754
1250.0	0.05749926005041746
1251.0	0.07434202286837259
1252.0	0.05439960984782336
1253.0	0.0341947206103893
1254.0	0.006236556767077182
1255.0	0.026477414706662112
1256.0	0.046240475271936955
1257.0	0.038007237853518165
1258.0	0.07400411635710169
1259.0	0.07229230202165379
1260.0	0.07198827213153697
1261.0	0.0469342369985949
1262.0	0.03359621477371608
1263.0	0.06682392279419046
1264.0	0.06215872587993405
1265.0	0.03761006536175462
1266.0	0.01723851910217468
1267.0	0.06476809140659948
1268.0	0.022103550570911595
1269.0	0.021041773222201816
1270.0	0.048576433833635566
1271.0	0.0730784346155016
1272.0	0.07043006249695317
1273.0	0.0023523969933793363
1274.0	0.023444219959577794
1275.0	0.05665926263521147
1276.0	0.05224956369882609
1277.0	0.06854109585323968
1278.0	0.024289572961186907
1279.0	0.04448019105493793
1280.0	0.04071298563450962
1281.0	0.0343853426803558
1282.0	0.025351421778710137
1283.0	0.07959766292749428
1284.0	0.06111929994651896
1285.0	0.09583170810902221
1286.0	0.04829542478561878
1287.0	0.011467110220888818
1288.0	0.07065590040493218
1289.0	0.06663730090900497
1290.0	0.09134126707715666
1291.0	0.013087793774374176
1292.0	0.05347032804280187
1293.0	0.0507446067149952
1294.0	0.035898495014303006
1295.0	0.015372525624144796
1296.0	0.03434785456809473
1297.0	0.04077891494574993
1298.0	0.03236748002246307
1299.0	0.03037599208734535
1300.0	0.031842057805072925
1301.0	0.06481404863369597
1302.0	0.033900742665273625
1303.0	0.04971332265862114
1304.0	0.10689232019354247
1305.0	0.00436069512971235
1306.0	0.012208478346712319
1307.0	0.13354147663274996
1308.0	0.04611517750344387
1309.0	0.028325719616881913
1310.0	0.019076888456782706
1311.0	0.013826888815813614
1312.0	0.04484377001996081
1313.0	0.07069049785871798
1314.0	0.0479741934804057
1315.0	0.06125632631386368
1316.0	0.05414898943692593
1317.0	0.06834694970588302
1318.0	0.064823958091401
1319.0	0.07119216782349962
1320.0	0.016352735698217016
1321.0	0.09626481795965298
1322.0	0.04537241777464416
1323.0	0.008806516262460366
1324.0	0.08431122066117312
1325.0	0.07960230988854473
1326.0	0.05710581318677425
1327.0	0.09168385844158972
1328.0	0.10067027334993196
1329.0	0.08952172539873006
1330.0	0.08520843964206684
1331.0	0.06637472792551385
1332.0	0.12764081144321884
1333.0	0.03136415287828206
1334.0	0.022542916760371078
1335.0	0.029109886732876216
1336.0	0.09629420001046615
1337.0	0.03153488639056175
1338.0	0.037775903053991394
1339.0	0.07874435831673317
1340.0	0.05436821494427915
1341.0	0.03775187289453819
1342.0	0.08101329494018081
1343.0	0.03344744390110184
1344.0	0.017342465417466427
1345.0	0.04316724696074059
1346.0	0.03986976568386658
1347.0	0.025556889739044547
1348.0	0.05780303959498736
1349.0	0.03407931083664597
1350.0	0.05498483874786383
1351.0	0.05455706655054195
1352.0	0.04617402081236598
1353.0	0.07366536584506288
1354.0	0.08551885652867575
1355.0	0.03731582530508288
1356.0	0.06250188292492638
1357.0	0.03049909144151653
1358.0	0.06946302660816524
1359.0	0.05822038091893983
1360.0	0.08483150522926251
1361.0	0.05049511005063401
1362.0	0.03918325699932892
1363.0	0.024927038640880004
1364.0	0.06340086523872208
1365.0	0.01149645330097573
1366.0	0.08583344436885383
1367.0	0.02883059358473876
1368.0	0.052528145344799014
1369.0	0.04043183147941205
1370.0	0.0587755312953433
1371.0	0.015909175102888324
1372.0	0.026879712092556986
1373.0	0.030779819066343878
1374.0	0.07678243761387112
1375.0	0.06266219187706222
1376.0	0.10502856369163963
1377.0	0.053640878172022066
1378.0	0.021979603372394584
1379.0	0.059293678558517096
1380.0	0.03938677068026274
1381.0	0.009283732794300786
1382.0	0.03329345357259033
1383.0	0.04197760537793594
1384.0	0.062165071815641376
1385.0	0.03877296245222463
1386.0	0.003522111660688865
1387.0	0.03936042872412693
1388.0	0.03323364694615443
1389.0	0.060316598720541445
1390.0	0.07250814520263801
1391.0	0.0027798272854512593
1392.0	0.010193875617752217
1393.0	0.06488278280410505
1394.0	0.030112588124029747
1395.0	0.021355239081295226
1396.0	0.04729555372403417
1397.0	0.04933201176787235
1398.0	0.05045996849284642
1399.0	0.05337185025799588
1400.0	0.04206620287859509
1401.0	0.028575073057862426
1402.0	0.0672297639717499
1403.0	0.004552675970867379
1404.0	0.02757271354730345
1405.0	0.08215439516422769
1406.0	0.05373280721612943
1407.0	0.054250600348238226
1408.0	0.023390435908146184
1409.0	0.035468243497162176
1410.0	0.08294001052139297
1411.0	0.06450835621421433
1412.0	0.03933726203050881
1413.0	0.036595608991104304
1414.0	0.08941140013191724
1415.0	0.034854107549170454
1416.0	0.06351278723211566
1417.0	0.03666324752514166
1418.0	0.0336234053286866
1419.0	0.025327144825275406
1420.0	0.023327292473303805
1421.0	0.026157188248224914
1422.0	0.058247524275776855
1423.0	0.052877184932517446
1424.0	0.044904125506183265
1425.0	0.009691765909760381
1426.0	0.027142336073987625
1427.0	0.027697427835651874
1428.0	0.029439643942842247
1429.0	0.03478355407360331
1430.0	0.04727443247755857
1431.0	0.03227592329217419
1432.0	0.04581221061620674
1433.0	0.04052265532620139
1434.0	0.021477809970194554
1435.0	0.03650924685964529
1436.0	0.03242936798007042
1437.0	0.0472435861796262
1438.0	0.10694808952622911
1439.0	0.031606350917156495
1440.0	0.057253574011930555
1441.0	0.012551554323403304
1442.0	0.05171650304091431
1443.0	0.06218734856498488
1444.0	0.037051585088382244
1445.0	0.052601676644614424
1446.0	0.016551689993155667
1447.0	0.02463138370571193
1448.0	0.030571885768586913
1449.0	0.09094126297521073
1450.0	0.0442203578110718
1451.0	0.058494473535280124
1452.0	0.05741721300918819
1453.0	0.04652125722796481
1454.0	0.06350429822408338
1455.0	0.03995898684998956
1456.0	0.05199254224648329
1457.0	0.027444019721998055
1458.0	0.044700895902875966
1459.0	0.027191159913344885
1460.0	0.010342017651593942
1461.0	0.060097692022356326
1462.0	0.11214298436139271
1463.0	0.04280276515409176
1464.0	0.047908248843290806
1465.0	0.07271597521650129
1466.0	0.04625433062527439
1467.0	0.03561694464615539
1468.0	0.056079652191716144
1469.0	0.047251122477388066
1470.0	0.06405827409888668
1471.0	0.017210516724975353
1472.0	0.01169958003024959
1473.0	0.010863359112992875
1474.0	0.022362925572974156
1475.0	0.08513021551754797
1476.0	0.10808394963773525
1477.0	0.06755954971761058
1478.0	0.05722207768388523
1479.0	0.06640320196948164
1480.0	0.02496407421505137
1481.0	0.025872004781515336
1482.0	0.02633134405337192
1483.0	0.02976030436683823
1484.0	0.04409894018851855
1485.0	0.035045215948286135
1486.0	0.02525958406141933
1487.0	0.05003926741201231
1488.0	0.0766793004708714
1489.0	0.04350571112596714
1490.0	0.026735344787177637
1491.0	0.0053635646768345775
1492.0	0.02134942004795183
1493.0	0.030430370818747714
1494.0	0.03998762296356267
1495.0	0.026357101363614598
1496.0	0.021447800121073723
1497.0	0.03510807317812477
1498.0	0.011853408069965083
1499.0	0.02380010685539282
1500.0	0.11554533373667136
1501.0	0.061678968343089016
1502.0	0.08409480520992582
1503.0	0.059352106065703666
1504.0	0.03632141507824158
1505.0	0.09763632032619139
1506.0	0.010400028229404137
1507.0	0.06724157148328083
1508.0	0.04322492957441363
1509.0	0.09638133623162481
1510.0	0.032251783401395305
1511.0	0.039824768515202114
1512.0	0.08792147971114585
1513.0	0.01741261823545675
1514.0	0.015727225924095867
1515.0	0.017628800650739282
1516.0	0.031964240982813946
1517.0	0.020653481666258557
1518.0	0.02349670346234996
1519.0	0.06082671409223238
1520.0	0.05193722012335855
1521.0	0.06988834353321263
1522.0	0.034819823444569936
1523.0	0.04724422741060163
1524.0	0.05129487515492301
1525.0	0.05108747983842509
1526.0	0.06032088307467614
1527.0	0.018897985729140546
1528.0	0.07807222331013694
1529.0	0.09984013499137928
1530.0	0.06594263178963605
1531.0	0.05583670682714486
1532.0	0.016712219489682306
1533.0	0.055937225989723796
1534.0	0.09340724632227405
1535.0	0.04496301037497102
1536.0	0.03545745158066342
1537.0	0.04963213870891721
1538.0	0.03889443252567255
1539.0	0.04181120863007964
1540.0	0.02694604023507535
1541.0	0.044356878263809255
1542.0	0.04182906311499497
1543.0	0.03179324838056932
1544.0	0.004123320013563502
1545.0	0.05829735201610776
1546.0	0.031846964623978825
1547.0	0.055750551815774825
1548.0	0.004877125489778574
1549.0	0.051527515540232674
1550.0	0.008165822093206772
1551.0	0.03938438588406586
1552.0	0.10646604354428314
1553.0	0.07558537757014225
1554.0	0.03978955292296051
1555.0	0.03411103299944435
1556.0	0.03663786783685612
1557.0	0.06504277459928758
1558.0	0.020868777449967745
1559.0	0.0458776529196027
1560.0	0.01129087905190703
1561.0	0.042953375678091266
1562.0	0.06654757476458971
1563.0	0.06283299909332123
1564.0	0.04831303278493962
1565.0	0.03990421457791707
1566.0	0.0027566830155178954
1567.0	0.011363873451231396
1568.0	0.04224543966241769
1569.0	0.06685131766221243
1570.0	0.078234327508517
1571.0	0.02883100866540419
1572.0	0.0401025221343733
1573.0	0.033052463875576206
1574.0	0.05976502627643355
1575.0	0.03417275910350604
1576.0	0.02658933421901868
1577.0	0.043410065520291426
1578.0	0.03349025584468274
1579.0	0.028341114905585916
1580.0	0.026556277992126506
1581.0	0.01824720903734668
1582.0	0.06655074421452412
1583.0	0.04505703974400721
1584.0	0.057546701679031094
1585.0	0.10523371867887901
1586.0	0.03810084395991662
1587.0	0.02041986962149152
1588.0	0.042714080929666665
1589.0	0.03357479709822398
1590.0	0.04274810405374541
1591.0	0.07330321450596365
1592.0	0.08518488570740218
1593.0	0.025344632583126782
1594.0	0.06738460925429478
1595.0	0.05934859995600951
1596.0	0.10116791454361024
1597.0	0.004935348038284306
1598.0	0.05195958681250868
1599.0	0.029634643858404724
1600.0	0.025457141956070305
1601.0	0.02161226495953505
1602.0	0.04181529322833995
1603.0	0.052814401087639386
1604.0	0.05232848502601828
1605.0	0.03988353856260195
1606.0	0.027229531336052753
1607.0	0.058230726049025856
1608.0	0.016982052782358505
1609.0	0.02221671724786385
1610.0	0.004788609812567424
1611.0	0.023904849934604733
1612.0	0.05876666215037458
1613.0	0.06967335309398476
1614.0	0.0033810457936054527
1615.0	0.012770196170887576
1616.0	0.006723702270484186
1617.0	0.04642102135942616
1618.0	0.019171209225990058
1619.0	0.062498582470081686
1620.0	0.03713771359949852
1621.0	0.03264266387740228
1622.0	0.08065219407812028
1623.0	0.06008461673151436
1624.0	0.08270379365667191
1625.0	0.08998229057094315
1626.0	0.01308355893060474
1627.0	0.0802700243583508
1628.0	0.060330018093227834
1629.0	0.08773505454976605
1630.0	0.07998393802091056
1631.0	0.012406195394213839
1632.0	0.023213707957093904
1633.0	0.02623298913468589
1634.0	0.018508485779692028
1635.0	0.024324728600638477
1636.0	0.04554801692059864
1637.0	0.028230459298348377
1638.0	0.07398147403378415
1639.0	0.015051906714144045
1640.0	0.044522119114537774
1641.0	0.05836375436949677
1642.0	0.0739371565333504
1643.0	0.0789153583144823
1644.0	0.044926479219413375
1645.0	0.09374991999019895
1646.0	0.05359420055094351
1647.0	0.007258097776106448
1648.0	0.03828314194840092
1649.0	0.031004987624874806
1650.0	0.04289349687138551
1651.0	0.054779505887522964
1652.0	0.054038660833318666
1653.0	0.06501902657206117
1654.0	0.04325814012109871
1655.0	0.0778188149461532
1656.0	0.06812457135097527
1657.0	0.029273020248968353
1658.0	0.0612744940826601
1659.0	0.027793085321626793
1660.0	0.07938164596862524
1661.0	0.053155140009278144
1662.0	0.006890187229777678
1663.0	0.020626761187868558
1664.0	0.046963058668839895
1665.0	0.01877428288255548
1666.0	0.07384564427622883
1667.0	0.08449312019834453
1668.0	0.029021984912860878
1669.0	0.04223182726228707
1670.0	0.09541366471347365
1671.0	0.032102689074307585
1672.0	0.05518989378302597
1673.0	0.04813550872971992
1674.0	0.06929287598407168
1675.0	0.036404377930602694
1676.0	0.07098442887770988
1677.0	0.08136787379885764
1678.0	0.01848557444402877
1679.0	0.03405427998601074
1680.0	0.03431911173818929
1681.0	0.04476523775682212
1682.0	0.04176388215813256
1683.0	0.023313361910549436
1684.0	0.06236973221325287
1685.0	0.040496478658752985
1686.0	0.04613705658569636
1687.0	0.08339582209904511
1688.0	0.05696786373737125
1689.0	0.056075245883583175
1690.0	0.03517474029811073
1691.0	0.04194062892921635
1692.0	0.04758401818688412
1693.0	0.07912454276484551
1694.0	0.024511730508572624
1695.0	0.05431019107195675
1696.0	0.05222912163577929
1697.0	0.008035779020286203
1698.0	0.03584654158745904
1699.0	0.026092546201639723
1700.0	0.005793527687197559
1701.0	0.08616131957089522
1702.0	0.053473714861170515
1703.0	0.0709219765719142
1704.0	0.06729501101249308
1705.0	0.019929481592602202
1706.0	0.0446221017572521
1707.0	0.056464691993886
1708.0	0.004767799801284077
1709.0	0.06256750777764548
1710.0	0.08100046922170492
1711.0	0.05601858811303381
1712.0	0.06444751054472515
1713.0	0.018480844780047426
1714.0	0.05082862675253377
1715.0	0.03737976511526363
1716.0	0.05783493465084514
1717.0	0.006181213943007486
1718.0	0.11302043376339711
1719.0	0.08224619640764812
1720.0	0.0479728403503094
1721.0	0.05451133190527436
1722.0	0.026596055662019974
1723.0	0.01350573310378341
1724.0	0.03588198012308658
1725.0	0.014137621490981168
1726.0	0.05102979060460606
1727.0	0.11111492120056599
1728.0	0.06998875648667459
1729.0	0.03657934019574361
1730.0	0.016176877592760444
1731.0	0.045031222010019585
1732.0	0.06839500537366923
1733.0	0.05354689818963049
1734.0	0.04000913968161787
1735.0	0.021751464877375504
1736.0	0.04678874930701078
1737.0	0.04650270920157557
1738.0	0.028492977750715295
1739.0	0.020794234006436853
1740.0	0.026482839019482993
1741.0	0.015529530933112585
1742.0	0.04129692920053632
1743.0	0.060717182511317656
1744.0	0.006468662883808022
1745.0	0.01712749384111316
1746.0	0.005997876432635237
1747.0	0.0212511290216317
1748.0	0.09578105221162095
1749.0	0.029677235427367464
1750.0	0.015189016616528864
1751.0	0.05286922225438466
1752.0	0.1106437354423167
1753.0	0.07908242605345961
1754.0	0.01949043636816465
1755.0	0.026063496436600136
1756.0	0.08584330535093251
1757.0	0.055528308903874085
1758.0	0.1006681322109069
1759.0	0.054479890960916676
1760.0	0.052563745816637863
1761.0	0.05133432099323738
1762.0	0.07340162696064842
1763.0	0.027279271144432755
1764.0	0.04604566139707968
1765.0	0.05968932190011491
1766.0	0.041756637788961104
1767.0	0.0726545720287356
1768.0	0.011395572003407255
1769.0	0.030477597042983237
1770.0	0.009377990239892895
1771.0	0.05638642818410105
1772.0	0.07103512878480085
1773.0	0.07209943552215851
1774.0	0.09778814558996674
1775.0	0.03156866423173332
1776.0	0.06261417926650521
1777.0	0.02106064388407397
1778.0	0.08274848449134792
1779.0	0.0563000481174797
1780.0	0.07178824868097412
1781.0	0.07499945773694887
1782.0	0.05226985450123776
1783.0	0.021395705585983273
1784.0	0.04111707320305344
1785.0	0.04949816261202361
1786.0	0.04790199251727178
1787.0	0.04477752343555898
1788.0	0.025768457216673868
1789.0	0.09286357871088992
1790.0	0.031368466927441684
1791.0	0.017052262862202357
1792.0	0.035784555891823895
1793.0	0.08807660773336425
1794.0	0.07322005490404468
1795.0	0.05420832319294329
1796.0	0.08391532921301684
1797.0	0.037668393732246
1798.0	0.047424075670279085
1799.0	0.08155930978214511
1800.0	0.06353654666607327
1801.0	0.052434848269626806
1802.0	0.07674359277502672
1803.0	0.011377072817429562
1804.0	0.07728266910323932
1805.0	0.024853028400694067
1806.0	0.029430514873544863
1807.0	0.02082235073535735
1808.0	0.04926643835854964
1809.0	0.026394426704486995
1810.0	0.0541546858538654
1811.0	0.06493086862823774
1812.0	0.03564093541260639
1813.0	0.13266623290068205
1814.0	0.021531711912417276
1815.0	0.028270990459090487
1816.0	0.015662872796959475
1817.0	0.07764786172017489
1818.0	0.060860308185914334
1819.0	0.05832497224824085
1820.0	0.027737854643104257
1821.0	0.06790693902308742
1822.0	0.10183127266050593
1823.0	0.14610660139241194
1824.0	0.08930327824245095
1825.0	0.03386452725780917
1826.0	0.09656220790549964
1827.0	0.08716425058893171
1828.0	0.08072569556075523
1829.0	0.0709321381001125
1830.0	0.035340088159060784
1831.0	0.040954848398169305
1832.0	0.011820084399088094
1833.0	0.0461620380772815
1834.0	0.07424933895878474
1835.0	0.07421685476455328
1836.0	0.026659302679623628
1837.0	0.02996456703197641
1838.0	0.02861239490002439
1839.0	0.03485174524328704
1840.0	0.01393683287051364
1841.0	0.030169665172250254
1842.0	0.016009043131397765
1843.0	0.047955233966993284
1844.0	0.041717079816887444
1845.0	0.028529337171588485
1846.0	0.0521032926558594
1847.0	0.015937374084572093
1848.0	0.05769807301812384
1849.0	0.05568941605736528
1850.0	0.06303598069804027
1851.0	0.0856193821486223
1852.0	0.06972006592780482
1853.0	0.06332405903273829
1854.0	0.045220023214820215
1855.0	0.024099147028830023
1856.0	0.05628380053961455
1857.0	0.06577520752143316
1858.0	0.023171256673076734
1859.0	0.05093382211330168
1860.0	0.03300445187936342
1861.0	0.030912958114138363
1862.0	0.009574519573702592
1863.0	0.01798001996462365
1864.0	0.07681815350737561
1865.0	0.04683625974636309
1866.0	0.04945690435555887
1867.0	0.08685896008115616
1868.0	0.040081127977174065
1869.0	0.045120555710566855
1870.0	0.06501895427944486
1871.0	0.04595584504088754
1872.0	0.04521008227932747
1873.0	0.05436407387569701
1874.0	0.05769930010358472
1875.0	0.06930409010538449
1876.0	0.060517764452967276
1877.0	0.06655170463630188
1878.0	0.02579023880674855
1879.0	0.03708511685206935
1880.0	0.03896234489653923
1881.0	0.022898450460091747
1882.0	0.05160045336750432
1883.0	0.052839648881816734
1884.0	0.018929166416330023
1885.0	0.10075041259687306
1886.0	0.044761324082050934
1887.0	0.08630527485903833
1888.0	0.10343151372988703
1889.0	0.038933575613480424
1890.0	0.05113250548633884
1891.0	0.03141057416940041
1892.0	0.04550595303645205
1893.0	0.03517049505293848
1894.0	0.1254700371342219
1895.0	0.018119244193227826
1896.0	0.024140217711838448
1897.0	0.07933518626232852
1898.0	0.06449239143890047
1899.0	0.06985268232638546
1900.0	0.03474944981200241
1901.0	0.09479156865366235
1902.0	0.01368146540944929
1903.0	0.06921454184362143
1904.0	0.062196247556419594
1905.0	0.031222392906190215
1906.0	0.03244273096981887
1907.0	0.055472840064867496
1908.0	0.034641812933887885
1909.0	0.020595722102495363
1910.0	0.07220448279529415
1911.0	0.06182958991309582
1912.0	0.09845055641764686
1913.0	0.06026467205193185
1914.0	0.047169934421198795
1915.0	0.027028323240871455
1916.0	0.020270073138620795
1917.0	0.03767215563964696
1918.0	0.060983235570788136
1919.0	0.013059210565793223
1920.0	0.05186418992390196
1921.0	0.06349888931119486
1922.0	0.06375320747869
1923.0	0.05273242400217482
1924.0	0.04702546377405602
1925.0	0.043574651732680506
1926.0	0.03741249728672939
1927.0	0.01819372086790356
1928.0	0.0436878266805722
1929.0	0.02783320639063673
1930.0	0.0856333753630011
1931.0	0.03915226973630727
1932.0	0.061751388735781114
1933.0	0.04499190312140972
1934.0	0.02873220348034071
1935.0	0.04620374655244721
1936.0	0.025748292310333105
1937.0	0.04289618129351793
1938.0	0.06098191253073626
1939.0	0.05445000949661861
1940.0	0.05616547419649551
1941.0	0.06811892358836807
1942.0	0.049495001735430665
1943.0	0.08701493876641218
1944.0	0.04463765409789726
1945.0	0.040996908049261836
1946.0	0.021427310068222242
1947.0	0.028788634973082403
1948.0	0.06111506058651016
1949.0	0.09746623844062308
1950.0	0.06489393767940536
1951.0	0.03955951677817977
1952.0	0.05591197324767637
1953.0	0.05456276530177127
1954.0	0.057769635786119516
1955.0	0.05181083647462406
1956.0	0.026779390176929804
1957.0	0.01756526866887957
1958.0	0.023593591018451546
1959.0	0.012500687907748591
1960.0	0.08611653458063294
1961.0	0.05476174375138803
1962.0	0.019324781059354763
1963.0	0.012338540309314174
1964.0	0.0769385226264485
1965.0	0.05393467931085955
1966.0	0.006149877924176861
1967.0	0.028479092265009977
1968.0	0.011472964683307713
1969.0	0.046603312270822074
1970.0	0.03274019095772953
1971.0	0.06037223959168944
1972.0	0.05771424341854858
1973.0	0.06430746409550434
1974.0	0.047680478445275086
1975.0	0.020672542661213163
1976.0	0.044001626847454386
1977.0	0.07880223171999731
1978.0	0.06489538649824984
1979.0	0.07050050036541397
1980.0	0.07846658174033071
1981.0	0.10095286080620995
1982.0	0.055894910682667054
1983.0	0.09750606604190555
1984.0	0.032341328697622365
1985.0	0.08127719323519852
1986.0	0.03696863241839025
1987.0	0.032889339047794876
1988.0	0.06474655472598109
1989.0	0.08687728079253966
1990.0	0.09049523278774364
1991.0	0.06542073201077318
1992.0	0.017067301496022994
1993.0	0.00686927049598165
1994.0	0.03517258297977417
1995.0	0.09460766789207191
1996.0	0.07837090157971557
1997.0	0.03836513633478999
1998.0	0.03459930907117025
1999.0	0.06409664785438464
2000.0	0.09079059857470102
