N: 500,0	L: 	Density:0,8	Noise: 2,6
Time	 Va	
0,0	0,06073857268235675
1,0	0,08171410516345581
2,0	0,1233815195564128
3,0	0,1273595851833076
4,0	0,18848915358778365
5,0	0,19105636338072618
6,0	0,23244911819042466
7,0	0,21684392719492002
8,0	0,218466056791922
9,0	0,2043981744699606
10,0	0,1965299281835848
11,0	0,2045721530890422
12,0	0,1541520668414118
13,0	0,1926955783216155
14,0	0,21710096324009898
15,0	0,2232281735771046
16,0	0,1927144557919672
17,0	0,19457027074178382
18,0	0,14239727440485433
19,0	0,14718255230652325
20,0	0,16998791378161818
21,0	0,21970961433486313
22,0	0,22916634523055346
23,0	0,233484142752333
24,0	0,25976113318713084
25,0	0,27750247370955067
26,0	0,29204204374133286
27,0	0,31938578047920635
28,0	0,2544372336076064
29,0	0,3112965601420787
30,0	0,3035416327679794
31,0	0,29875818011205024
32,0	0,232657656012665
33,0	0,2636942314727355
34,0	0,28237845422583263
35,0	0,17905350511571932
36,0	0,16392794206405167
37,0	0,13871657622382594
38,0	0,18383843040486567
39,0	0,1387763627062725
40,0	0,1357594580741358
41,0	0,21752000792722995
42,0	0,20573565440460562
43,0	0,22013315438108616
44,0	0,22889189435336357
45,0	0,26334368699296185
46,0	0,27296917543438726
47,0	0,2589900029878389
48,0	0,21416536504335493
49,0	0,1949872975500242
50,0	0,16220236635232912
51,0	0,12327516899061507
52,0	0,13759897237781746
53,0	0,13964231465541643
54,0	0,10138565973862476
55,0	0,07942085887372671
56,0	0,08971875397431224
57,0	0,07119265682792873
58,0	0,09449430461662656
59,0	0,0934494518888707
60,0	0,13560772951013106
61,0	0,12490506596314536
62,0	0,20911351448567617
63,0	0,1748680644556585
64,0	0,15207247171390229
65,0	0,15311912211888956
66,0	0,1592698874171736
67,0	0,11681615409241881
68,0	0,1388399387720396
69,0	0,15257311637560286
70,0	0,16747776157371266
71,0	0,2258608510020521
72,0	0,22581546077648051
73,0	0,193962632387572
74,0	0,17769944954616484
75,0	0,19079007147583824
76,0	0,2519102183125138
77,0	0,24315605851194963
78,0	0,23410209064041784
79,0	0,21413739846182253
80,0	0,23346740293972132
81,0	0,24223221783385956
82,0	0,2769632988822413
83,0	0,2932390624362802
84,0	0,2742010807541457
85,0	0,2521512639832593
86,0	0,2504306095958592
87,0	0,22236632461618241
88,0	0,20917199634425362
89,0	0,21497958997518576
90,0	0,19953157138054878
91,0	0,18121193979372074
92,0	0,1346175195433243
93,0	0,12567365993346277
94,0	0,09128745199881937
95,0	0,06319097801468491
96,0	0,13114282201299907
97,0	0,12363685768302493
98,0	0,12943723483467015
99,0	0,1820581573253235
100,0	0,21223183876288393
101,0	0,23738396685165075
102,0	0,24379476521917642
103,0	0,20589125730944144
104,0	0,15903319682452316
105,0	0,17936346527638164
106,0	0,19726541005936915
107,0	0,19241917281388196
108,0	0,2323848050008067
109,0	0,22151677070083556
110,0	0,18587293872702185
111,0	0,23152083959227837
112,0	0,2505753890966081
113,0	0,26968165601066313
114,0	0,27625658212027804
115,0	0,2642721301275198
116,0	0,2663766675273853
117,0	0,2933993071681598
118,0	0,2991658363802706
119,0	0,2958834821371925
120,0	0,3075207754884722
121,0	0,3146190344508509
122,0	0,26500602994653133
123,0	0,24288836556174487
124,0	0,2355388316312163
125,0	0,24444990529330776
126,0	0,24798532578971622
127,0	0,2571916088226392
128,0	0,27091502853989124
129,0	0,23129088326331043
130,0	0,23384242524336818
131,0	0,1948678431054547
132,0	0,18324247858843518
133,0	0,21178435560309203
134,0	0,18571394013240222
135,0	0,16346365047575584
136,0	0,15790097137085926
137,0	0,14355166871789884
138,0	0,15357191028411063
139,0	0,1260321680221291
140,0	0,154340394354361
141,0	0,11105764025376466
142,0	0,07706469715386376
143,0	0,12024055278183897
144,0	0,07228314537938468
145,0	0,14352095760919165
146,0	0,1448935901682738
147,0	0,14412205095421457
148,0	0,13972971062761103
149,0	0,15683958375269932
150,0	0,18485697580371588
151,0	0,12918493413517138
152,0	0,14115524635199322
153,0	0,1533787378448321
154,0	0,16291957155083372
155,0	0,14668732102178003
156,0	0,12087866015659275
157,0	0,11366760116664724
158,0	0,0579758472439886
159,0	0,044851620544196405
160,0	0,048461041374874086
161,0	0,09323558992093545
162,0	0,08616055951039057
163,0	0,09616739940341906
164,0	0,139340839805189
165,0	0,20657902707427553
166,0	0,13447664835418568
167,0	0,21821543973924254
168,0	0,23807779861167205
169,0	0,2550519806650206
170,0	0,28664137118782645
171,0	0,30771757317028664
172,0	0,30575609390638475
173,0	0,34593815423341323
174,0	0,35294788091095325
175,0	0,36414083774336686
176,0	0,34914185017302896
177,0	0,4175838330711102
178,0	0,36802163188501325
179,0	0,33858387546278473
180,0	0,3400217543954442
181,0	0,33751840615407114
182,0	0,3887267578620515
183,0	0,4221517869755921
184,0	0,4330334729767653
185,0	0,4536521966033657
186,0	0,43997933090923197
187,0	0,4672720811512953
188,0	0,45715717538749945
189,0	0,44169885732302383
190,0	0,4548588744901639
191,0	0,4957710602557675
192,0	0,4739849524192521
193,0	0,4870312936205113
194,0	0,4453187807522139
195,0	0,4247139680205596
196,0	0,43168760080105006
197,0	0,4436886874261351
198,0	0,4749606500557532
199,0	0,48470251527830643
200,0	0,4881458823114249
201,0	0,49370923455555765
202,0	0,4082113649295594
203,0	0,4209689697520501
204,0	0,3795341447758184
205,0	0,37952037675763106
206,0	0,3622452816881739
207,0	0,3193548360763477
208,0	0,30574780135314017
209,0	0,3064062795833492
210,0	0,37774629805566395
211,0	0,34729196529961986
212,0	0,35028368150013584
213,0	0,3817585278552505
214,0	0,4041160383412767
215,0	0,35674874399753925
216,0	0,3315127715999509
217,0	0,25799274922738163
218,0	0,2587840024927395
219,0	0,21097865209639707
220,0	0,20051429520478845
221,0	0,14018600139144793
222,0	0,1060989776486647
223,0	0,13838859093650227
224,0	0,1328199172652009
225,0	0,1751878317962852
226,0	0,12103236707604023
227,0	0,10287049640475329
228,0	0,1336289199255532
229,0	0,12359491080477303
230,0	0,07687784140498286
231,0	0,16222412448896864
232,0	0,2140906422884746
233,0	0,28185525884321827
234,0	0,28393560430815756
235,0	0,2602410233234204
236,0	0,2932623166316938
237,0	0,2527525433389918
238,0	0,2276875832888769
239,0	0,2205504433522975
240,0	0,18937890545972255
241,0	0,22890176059614287
242,0	0,23783491282748262
243,0	0,3001516532473369
244,0	0,33753890042925555
245,0	0,412411354947769
246,0	0,39835140503939886
247,0	0,3929697341992
248,0	0,4329316804244203
249,0	0,4267484233129872
250,0	0,45999514992633467
251,0	0,43537636684677844
252,0	0,43765177492389434
253,0	0,4422206061828807
254,0	0,4743577973276904
255,0	0,4131097184028214
256,0	0,40122944907081853
257,0	0,377629595564151
258,0	0,4033637214456652
259,0	0,3717278572180081
260,0	0,3462184486686153
261,0	0,3170194575454231
262,0	0,39399390163290593
263,0	0,4024591362730037
264,0	0,4603120441837396
265,0	0,46074684066940713
266,0	0,47687818745713134
267,0	0,4601409295302544
268,0	0,45145988395290315
269,0	0,4512108861440757
270,0	0,49855177574434434
271,0	0,4945669291531918
272,0	0,4748067981732941
273,0	0,4572966101671522
274,0	0,47106647134735835
275,0	0,4631868401368943
276,0	0,46869854835634717
277,0	0,44645700791696846
278,0	0,4217559193302706
279,0	0,4210761692626827
280,0	0,4689307299283458
281,0	0,4209128143856094
282,0	0,42359959377539896
283,0	0,44759001201854554
284,0	0,45286346478949613
285,0	0,48200591506096707
286,0	0,500993514868906
287,0	0,4743098949512057
288,0	0,4825655043141596
289,0	0,45152130144910513
290,0	0,46337636132373405
291,0	0,4789191486028959
292,0	0,4769212420887942
293,0	0,4796165181297413
294,0	0,46792558862746264
295,0	0,4457352159761673
296,0	0,44342523211196805
297,0	0,40000338041276745
298,0	0,3876793536843326
299,0	0,40575968623459335
300,0	0,40006938883728743
301,0	0,4128694015868257
302,0	0,4448883510818853
303,0	0,42786270887658373
304,0	0,41331777757580357
305,0	0,39840095199766223
306,0	0,37358532614982287
307,0	0,4223733074109235
308,0	0,415660405917669
309,0	0,406097026786526
310,0	0,43741917950177517
311,0	0,4206273397760543
312,0	0,40934979100320085
313,0	0,37004067194930584
314,0	0,36109124249457913
315,0	0,3432675275022805
316,0	0,3247924572062861
317,0	0,27863626585142304
318,0	0,22335937868488862
319,0	0,1571417047669968
320,0	0,15379660927211494
321,0	0,1421860024923149
322,0	0,15362855172446205
323,0	0,15012347814899482
324,0	0,1450441702580775
325,0	0,16091112153231013
326,0	0,17968494916891214
327,0	0,15877883082798344
328,0	0,17792094038912268
329,0	0,22860175829416488
330,0	0,19048738552452438
331,0	0,17831436513159513
332,0	0,19717361748741727
333,0	0,178994669952893
334,0	0,19620341753046322
335,0	0,21056443938327188
336,0	0,12371417945822313
337,0	0,16931200504947397
338,0	0,1909203339246088
339,0	0,19047543431559924
340,0	0,17197805218241127
341,0	0,17949480403356113
342,0	0,12319212542951644
343,0	0,06969116206171716
344,0	0,07808911504776837
345,0	0,11300108064171802
346,0	0,0991849432178675
347,0	0,12207360489978294
348,0	0,10960638821203669
349,0	0,08029286466372891
350,0	0,11454476578989016
351,0	0,13803756150024155
352,0	0,09257698164885143
353,0	0,06908209279724006
354,0	0,09497678993761427
355,0	0,09811758824764696
356,0	0,12853840848438208
357,0	0,12014686304906623
358,0	0,10829291529090698
359,0	0,1618682096410506
360,0	0,14826001987217796
361,0	0,09953461243296327
362,0	0,08147562738537947
363,0	0,07487023560093833
364,0	0,048736108268365046
365,0	0,060625675655093844
366,0	0,11427875128910155
367,0	0,12656532390946276
368,0	0,18609405689323055
369,0	0,15844289568072925
370,0	0,1802270438409183
371,0	0,23468171634929044
372,0	0,24410576051927654
373,0	0,2924593400229783
374,0	0,2988363956241986
375,0	0,29134874688453855
376,0	0,33223408686036376
377,0	0,3858391001518512
378,0	0,3597967555549223
379,0	0,3557836274636831
380,0	0,3348229893397825
381,0	0,3066072209364521
382,0	0,3049140393680949
383,0	0,353086983764209
384,0	0,34735142018231807
385,0	0,3825671429435326
386,0	0,36487185534548644
387,0	0,35070609945828246
388,0	0,32778488115316273
389,0	0,2949903136912392
390,0	0,2825944236293713
391,0	0,302153698646523
392,0	0,31806221005333
393,0	0,3107321096691572
394,0	0,34487038445043683
395,0	0,3215788870837336
396,0	0,36680354550459204
397,0	0,3587176463139681
398,0	0,355765030838723
399,0	0,3730230292516478
400,0	0,343285590442555
401,0	0,359828366839903
402,0	0,3651418863403807
403,0	0,34263453232809754
404,0	0,35163467509592705
405,0	0,34830796142698933
406,0	0,3471518557607385
407,0	0,3268710946802402
408,0	0,29442757309888995
409,0	0,2691165070671122
410,0	0,22318818637343546
411,0	0,21141199287382134
412,0	0,26644025650124836
413,0	0,26786369052543985
414,0	0,32102139075554637
415,0	0,31628667959254886
416,0	0,34912953382157774
417,0	0,385688967608575
418,0	0,35376763095340535
419,0	0,33575474985662296
420,0	0,3282942174374348
421,0	0,3288389797983127
422,0	0,3555575427345164
423,0	0,3524892807714502
424,0	0,3359017210210363
425,0	0,37901406367523904
426,0	0,326811371281514
427,0	0,34514780414998386
428,0	0,3311678459281652
429,0	0,30745550843968555
430,0	0,2761348039362128
431,0	0,28595170389844127
432,0	0,32700136472491387
433,0	0,27562606906899806
434,0	0,2953617526026688
435,0	0,26889378144247095
436,0	0,20788551909778288
437,0	0,19571846762293138
438,0	0,170147292071469
439,0	0,11446967174877432
440,0	0,08544450460995348
441,0	0,09314177782425392
442,0	0,17583448224108034
443,0	0,17995421811606427
444,0	0,15701507216613272
445,0	0,17192744170684574
446,0	0,16289108031704647
447,0	0,14571494548590297
448,0	0,15951116848583563
449,0	0,16471767110669336
450,0	0,16057237731611598
451,0	0,19522907067192488
452,0	0,24899409029310912
453,0	0,2546813212208029
454,0	0,2770176048432143
455,0	0,26066749685087576
456,0	0,20862316109771556
457,0	0,24779658931621606
458,0	0,23088480607859282
459,0	0,21575154585366108
460,0	0,19666574184250016
461,0	0,15578937321909656
462,0	0,1606419913942116
463,0	0,11043549936430833
464,0	0,13909059746283212
465,0	0,1833587073685579
466,0	0,13783509227208326
467,0	0,16107189893539378
468,0	0,1051598877357532
469,0	0,17992936161087686
470,0	0,19700898567203434
471,0	0,17540889536045812
472,0	0,18457291680490928
473,0	0,16231827719424544
474,0	0,1752977880664694
475,0	0,18653984159819947
476,0	0,1998930567175861
477,0	0,13203998256490346
478,0	0,14904483045275746
479,0	0,17358487888126017
480,0	0,17538015542546587
481,0	0,1330379808355382
482,0	0,1424834866643702
483,0	0,1437027877670329
484,0	0,16734672035514245
485,0	0,09542834917882105
486,0	0,12081862972921348
487,0	0,13234215176377495
488,0	0,20909380633446992
489,0	0,22486401131713904
490,0	0,25687116253451686
491,0	0,3035996547682567
492,0	0,3469040638949046
493,0	0,2779122538271819
494,0	0,27383602137952634
495,0	0,28511964545543855
496,0	0,2974597327018779
497,0	0,28399325108250606
498,0	0,3038149694919656
499,0	0,3088215262083733
500,0	0,35149480339630707
501,0	0,3589570249395563
502,0	0,3320597628739629
503,0	0,3032545912811583
504,0	0,31359171850225975
505,0	0,3043289241774226
506,0	0,276589284362596
507,0	0,2533757983319105
508,0	0,2876429808441503
509,0	0,29345177319528476
510,0	0,2197935119074819
511,0	0,27671222859485844
512,0	0,2042405903906506
513,0	0,14666000248112615
514,0	0,1328469285013223
515,0	0,08817578009811679
516,0	0,09002073194479016
517,0	0,18819952944491034
518,0	0,20174799078211053
519,0	0,19557335177293
520,0	0,25176016295501336
521,0	0,15788627752388398
522,0	0,10152719848975529
523,0	0,1344699256521112
524,0	0,1374763051512047
525,0	0,19599642079805832
526,0	0,1324337399636742
527,0	0,09591668371573309
528,0	0,09059579697394558
529,0	0,07415216865885137
530,0	0,1411333926185015
531,0	0,20100830037969794
532,0	0,24550504753443675
533,0	0,27339868529911204
534,0	0,25338776853371847
535,0	0,20449936045458972
536,0	0,1648007905267167
537,0	0,14160683322078724
538,0	0,15829678575183082
539,0	0,16917740854767205
540,0	0,12724873525145863
541,0	0,13836909955233548
542,0	0,15507316877431546
543,0	0,14923834533035513
544,0	0,11379744369691162
545,0	0,15063539195407338
546,0	0,15878608512639528
547,0	0,14841337238641827
548,0	0,15035840441863169
549,0	0,20281556486783225
550,0	0,28775106852346954
551,0	0,328812750781117
552,0	0,3234744081430455
553,0	0,31877284199798206
554,0	0,289014544141265
555,0	0,29482248597480737
556,0	0,2886240040578965
557,0	0,3154713266526685
558,0	0,2780145559180652
559,0	0,287675359163963
560,0	0,27467159192396134
561,0	0,27388191424039027
562,0	0,24015354195658398
563,0	0,23353840626392716
564,0	0,31612983034125935
565,0	0,3109663276373429
566,0	0,2429360852353082
567,0	0,2142340647842539
568,0	0,18514038631188084
569,0	0,19283024495465212
570,0	0,21475205805638325
571,0	0,22013511979214903
572,0	0,170667732939004
573,0	0,15724048002224442
574,0	0,14604069484370072
575,0	0,10281681376058213
576,0	0,052451017817637995
577,0	0,04898080941720922
578,0	0,06951016414256773
579,0	0,09240403196062755
580,0	0,07829686722407764
581,0	0,04921005916541977
582,0	0,07641709353879314
583,0	0,04740612820254687
584,0	0,0581251462405093
585,0	0,10748568140593867
586,0	0,1477296372720481
587,0	0,14356823360926357
588,0	0,12552599518982088
589,0	0,11053561151217096
590,0	0,15778644765453978
591,0	0,0871526067493166
592,0	0,029609523848396855
593,0	0,006412719859796198
594,0	0,03743971220849925
595,0	0,024662065028411475
596,0	0,026366828895719074
597,0	0,10086496499871209
598,0	0,1030606244096843
599,0	0,13028359997399536
600,0	0,15514051552338073
601,0	0,09297602642972225
602,0	0,08910413067125103
603,0	0,08400854852129347
604,0	0,052267631554199084
605,0	0,10028338722736993
606,0	0,11771225784258876
607,0	0,1170759242493682
608,0	0,1674647466673235
609,0	0,17081360434335371
610,0	0,17564731141976359
611,0	0,147322067983583
612,0	0,12201846834473754
613,0	0,15075642783061444
614,0	0,15270993501924843
615,0	0,18266667354734806
616,0	0,22291907676078437
617,0	0,29662626031467465
618,0	0,37035205338997
619,0	0,29344813496403593
620,0	0,3037603470669893
621,0	0,37095374939612746
622,0	0,4155701172607469
623,0	0,3699728504260205
624,0	0,33000139218507146
625,0	0,31725408363188845
626,0	0,35574746562200094
627,0	0,36883803903454654
628,0	0,3945311122440918
629,0	0,4321767250007074
630,0	0,35175158602924306
631,0	0,3845281461428591
632,0	0,3767610512281979
633,0	0,3845622996729076
634,0	0,40044756224793093
635,0	0,37827965948851644
636,0	0,3629082816565858
637,0	0,4026425836634014
638,0	0,3667321873760551
639,0	0,38195345759251337
640,0	0,41996163783342194
641,0	0,34179779276353645
642,0	0,3004402916819675
643,0	0,2715261005071685
644,0	0,3120747923598698
645,0	0,31611493786230216
646,0	0,3239207004862315
647,0	0,32233807353313476
648,0	0,3652878504465411
649,0	0,3760561544916143
650,0	0,34295723074315393
651,0	0,33357945051079846
652,0	0,3100158917127944
653,0	0,2514269167162481
654,0	0,23148264926521273
655,0	0,18350718514316589
656,0	0,2317053862201704
657,0	0,2459722257044809
658,0	0,2618519310000198
659,0	0,27522848593152605
660,0	0,2716348575923988
661,0	0,29880876649521665
662,0	0,24940999912094056
663,0	0,2504514164326294
664,0	0,2503845562932299
665,0	0,2400377599375153
666,0	0,2344071896286636
667,0	0,24661755706082678
668,0	0,25284732104672497
669,0	0,30599648626411946
670,0	0,2603261725920723
671,0	0,2940105512228231
672,0	0,32195268690444884
673,0	0,3241815618836602
674,0	0,3327855762162188
675,0	0,34161597036027713
676,0	0,36457749341943446
677,0	0,36666341146222486
678,0	0,39913159454798486
679,0	0,43239092133891255
680,0	0,4511430310899874
681,0	0,44362721142959155
682,0	0,4628429178512647
683,0	0,4728757384470594
684,0	0,4942988844060211
685,0	0,4682281260541567
686,0	0,46780686593074666
687,0	0,4701119224838436
688,0	0,4560715259988062
689,0	0,4725079144279848
690,0	0,493099381828764
691,0	0,47790306674109756
692,0	0,492850192890382
693,0	0,5354017587377687
694,0	0,5286869199562241
695,0	0,4735227960582141
696,0	0,5106580541408139
697,0	0,48656156576085485
698,0	0,4900271051353696
699,0	0,4622107139654603
700,0	0,48098223643820337
701,0	0,4949954802761991
702,0	0,4907875045578613
703,0	0,5160092617778677
704,0	0,5395870620523432
705,0	0,5558541450121562
706,0	0,5216358877008695
707,0	0,5385350159696252
708,0	0,515857559301974
709,0	0,5423405959781243
710,0	0,5566592274253767
711,0	0,5153383085497345
712,0	0,5287592286594188
713,0	0,5346700585201073
714,0	0,564231588838083
715,0	0,5433570622614584
716,0	0,5012588484219226
717,0	0,48538855483143417
718,0	0,4522900059482105
719,0	0,4868251292860743
720,0	0,45652204025999416
721,0	0,42238293492117107
722,0	0,4159015439090289
723,0	0,48069550969508656
724,0	0,4408785266673854
725,0	0,40170531097425055
726,0	0,4450074323119084
727,0	0,4106067083382904
728,0	0,4059727831645424
729,0	0,3742925869669461
730,0	0,3541899159848151
731,0	0,3493985989639839
732,0	0,33633197886877003
733,0	0,29929393871137205
734,0	0,30178497022321016
735,0	0,28862777105053167
736,0	0,29163589438962073
737,0	0,2827155129798448
738,0	0,2231629658192045
739,0	0,2282179479313971
740,0	0,262210438273988
741,0	0,23497038463049746
742,0	0,22785235472616672
743,0	0,2251885242338328
744,0	0,24740941056978016
745,0	0,2867247964573815
746,0	0,34463129297823175
747,0	0,3148448501985697
748,0	0,32033608461963303
749,0	0,3319582677318201
750,0	0,328367927230902
751,0	0,3099590678635123
752,0	0,29619222442809134
753,0	0,25797491038693754
754,0	0,22507799267449807
755,0	0,21763590737592134
756,0	0,2094879571927817
757,0	0,18333815472446927
758,0	0,23653291719115582
759,0	0,1850954396402708
760,0	0,2804603053990263
761,0	0,3199447110691478
762,0	0,32578934805739124
763,0	0,35181924591509817
764,0	0,33215662182660166
765,0	0,2888968883556007
766,0	0,28000724638165125
767,0	0,28621715007682486
768,0	0,3136651555195616
769,0	0,2810761834989147
770,0	0,35026285061098295
771,0	0,2832454170656064
772,0	0,2947723594687813
773,0	0,3437092773251972
774,0	0,34707123978313825
775,0	0,3438552866235569
776,0	0,2864599181266131
777,0	0,2898009612394523
778,0	0,306504159570523
779,0	0,32717849531284043
780,0	0,3003902380693665
781,0	0,26569014110702727
782,0	0,25992711564606075
783,0	0,2106230371204498
784,0	0,1885811839183983
785,0	0,21933707283167683
786,0	0,23729796199488093
787,0	0,21950662384373526
788,0	0,2280493888348665
789,0	0,23587049568212284
790,0	0,255049377943971
791,0	0,23882776964627728
792,0	0,27852651857173866
793,0	0,2725116180111576
794,0	0,23024777556437817
795,0	0,2187399976836029
796,0	0,15044974938464964
797,0	0,17861361917228646
798,0	0,2278199985915191
799,0	0,2466258936300686
800,0	0,17923551592939505
801,0	0,1704175814599402
802,0	0,1858564242588605
803,0	0,17420141787314705
804,0	0,14207656632918828
805,0	0,14819982591132694
806,0	0,1779785126790703
807,0	0,23057384100270806
808,0	0,2222635425806224
809,0	0,22679925759201633
810,0	0,18692195639335224
811,0	0,2186558185040602
812,0	0,20665361302373417
813,0	0,22430708266618096
814,0	0,2363429267193168
815,0	0,2772146792740749
816,0	0,2517613560230652
817,0	0,2537074915774921
818,0	0,20128927870452554
819,0	0,16801025934329747
820,0	0,19055454346830122
821,0	0,22514527502297937
822,0	0,20501182140682728
823,0	0,19681120906090122
824,0	0,20172701765919737
825,0	0,20125901559840664
826,0	0,17633362875164732
827,0	0,12746038218560746
828,0	0,08719932018426306
829,0	0,05248133885086213
830,0	0,07538314629986974
831,0	0,06396125811494106
832,0	0,025982711655242453
833,0	0,02632870696107164
834,0	0,06033195228476707
835,0	0,07544058926447184
836,0	0,11099207464410853
837,0	0,15838834844621297
838,0	0,16713807181565926
839,0	0,19946385905632394
840,0	0,19641763770913828
841,0	0,20530154693515035
842,0	0,26406971637824694
843,0	0,24833798504299878
844,0	0,25660508732940857
845,0	0,29239722750235136
846,0	0,34662377536000133
847,0	0,3528567500827777
848,0	0,3786009426596205
849,0	0,2842751290422441
850,0	0,29633580225661366
851,0	0,30965690303506266
852,0	0,3036186766000436
853,0	0,34810131945547423
854,0	0,3539804097476753
855,0	0,32287434214834815
856,0	0,29963780056648953
857,0	0,29625005438228214
858,0	0,2884115029510005
859,0	0,31542275593458624
860,0	0,3459784493316158
861,0	0,3054205430880616
862,0	0,2911886393607318
863,0	0,26523370848776806
864,0	0,30215643679193804
865,0	0,27192570089108786
866,0	0,25994218602621316
867,0	0,25423010306541255
868,0	0,2370785151394585
869,0	0,21998786438829104
870,0	0,22289323530903749
871,0	0,20989665821630418
872,0	0,18617905562220524
873,0	0,19944186588616541
874,0	0,17230620306680697
875,0	0,1643226790154319
876,0	0,14029995867501704
877,0	0,1835886210712594
878,0	0,148645076920759
879,0	0,1319928915238444
880,0	0,20010551527854012
881,0	0,24701797687141214
882,0	0,21422638007132264
883,0	0,228214160657784
884,0	0,24878218042076072
885,0	0,2644688456239531
886,0	0,2716407564832015
887,0	0,2696981558282427
888,0	0,28576758733169805
889,0	0,3203655152588426
890,0	0,3735486780621788
891,0	0,32609902796587764
892,0	0,3593199216919434
893,0	0,32391361809576236
894,0	0,30179413944398287
895,0	0,2931823443887616
896,0	0,2765510456562671
897,0	0,26635241416118294
898,0	0,2882635991909342
899,0	0,28119223620629596
900,0	0,23501297531321835
901,0	0,21940478157513676
902,0	0,22501211550100617
903,0	0,2174732358785798
904,0	0,18986001257494256
905,0	0,16442495133466314
906,0	0,233454209031723
907,0	0,2589326981392849
908,0	0,25892500883298425
909,0	0,23337122519327935
910,0	0,19047710788338057
911,0	0,12631912500813616
912,0	0,16575254037807435
913,0	0,1359275045704102
914,0	0,18662979131175625
915,0	0,22785337199489958
916,0	0,2681494233486576
917,0	0,32025457875118213
918,0	0,36851693139568875
919,0	0,366078785260726
920,0	0,37864205390134925
921,0	0,35102981182187126
922,0	0,3683933889344389
923,0	0,3746524220646293
924,0	0,2989902251879607
925,0	0,30281908319650874
926,0	0,32618481589240617
927,0	0,3145753856609202
928,0	0,31602910227368675
929,0	0,350149700168697
930,0	0,3171461643967614
931,0	0,29540525771292553
932,0	0,2739681078771346
933,0	0,25503304314987163
934,0	0,24765493514971684
935,0	0,30787831709106955
936,0	0,3165884350678024
937,0	0,31953308078054354
938,0	0,2869273514691821
939,0	0,2810189932184646
940,0	0,2723643125910941
941,0	0,2757293918501089
942,0	0,2790184884061778
943,0	0,28863308504042207
944,0	0,30552972447385696
945,0	0,24469267988839694
946,0	0,24475023230486806
947,0	0,27444706567985167
948,0	0,273533845216477
949,0	0,2642377703170631
950,0	0,2852545612951362
951,0	0,3288015083719398
952,0	0,3655820753172755
953,0	0,3874181901559317
954,0	0,3959237610554045
955,0	0,37512807968322653
956,0	0,3535055177371995
957,0	0,3419434223233111
958,0	0,2592321294308254
959,0	0,2712472346420927
960,0	0,29285111142389747
961,0	0,2553774657656772
962,0	0,3043081272488268
963,0	0,3496846400772769
964,0	0,35894637793373124
965,0	0,37836863070791693
966,0	0,33899324955925475
967,0	0,34669108619916017
968,0	0,35546840537102997
969,0	0,3215548760972909
970,0	0,3716529141006614
971,0	0,324069570135898
972,0	0,3400993653045443
973,0	0,35905432186914693
974,0	0,35283215843328564
975,0	0,3231683911230462
976,0	0,36036573361635
977,0	0,3601056714037522
978,0	0,38283693054330964
979,0	0,3426516941715069
980,0	0,42551382505838303
981,0	0,38458167551020533
982,0	0,36501765755303256
983,0	0,35023598061156747
984,0	0,32790815297334214
985,0	0,37700984616675076
986,0	0,3660432836040491
987,0	0,3273723980615426
988,0	0,2950601447927056
989,0	0,2936776960723576
990,0	0,31688989886351165
991,0	0,33874936942049855
992,0	0,3641508411639457
993,0	0,37178026508360856
994,0	0,41615387079444677
995,0	0,36180948913184335
996,0	0,3845915898617675
997,0	0,40239448429429675
998,0	0,39895185390619226
999,0	0,3966900540275509
1000,0	0,3711554529147218
1001,0	0,4061592190694103
1002,0	0,44338947005414286
1003,0	0,4116659984418506
1004,0	0,3760100661855923
1005,0	0,40370108155342227
1006,0	0,4442052377976493
1007,0	0,41810363346628293
1008,0	0,40388154690682737
1009,0	0,42819346593966934
1010,0	0,4318867560323949
1011,0	0,4136328438879788
1012,0	0,3891745659162439
1013,0	0,31816987200695046
1014,0	0,3120523635901444
1015,0	0,2667264700905416
1016,0	0,243000728688142
1017,0	0,22914897170040538
1018,0	0,26175335882521333
1019,0	0,2296464221454876
1020,0	0,2424323488219575
1021,0	0,22314163782565094
1022,0	0,23754940143706602
1023,0	0,24625103149879854
1024,0	0,28909403710613824
1025,0	0,2591154748521275
1026,0	0,299201272252361
1027,0	0,30070862864561804
1028,0	0,27515822172626403
1029,0	0,22559560475571022
1030,0	0,31718262760101706
1031,0	0,3490945945042088
1032,0	0,3701254399543299
1033,0	0,33900999242314855
1034,0	0,379770152885285
1035,0	0,40616743112724957
1036,0	0,40173519220282106
1037,0	0,40360401679478025
1038,0	0,34890610954166396
1039,0	0,3262365087402086
1040,0	0,3333080656016917
1041,0	0,33207033374068123
1042,0	0,3188649016828312
1043,0	0,30561869689447346
1044,0	0,31403017892277385
1045,0	0,3418273146924596
1046,0	0,29482551340036955
1047,0	0,343112236390745
1048,0	0,35410871660868976
1049,0	0,3826127642628
1050,0	0,4416771259179806
1051,0	0,38440456635684755
1052,0	0,37413726624928095
1053,0	0,3999561129551683
1054,0	0,37130841184373076
1055,0	0,353995872871077
1056,0	0,3373628954403584
1057,0	0,32859139718309816
1058,0	0,3215978419883998
1059,0	0,330239599098533
1060,0	0,35066104783858565
1061,0	0,3211595955965831
1062,0	0,3279222797813206
1063,0	0,3167154310841946
1064,0	0,29881582390761463
1065,0	0,2940122352810279
1066,0	0,28783311792044824
1067,0	0,2947411619188683
1068,0	0,2633188355896498
1069,0	0,2555608206610997
1070,0	0,22752880177357596
1071,0	0,2851702980462803
1072,0	0,28769237793136654
1073,0	0,3546803926740246
1074,0	0,34612834743555204
1075,0	0,2998816412331753
1076,0	0,3122256694004359
1077,0	0,2620122893039372
1078,0	0,2764559523257286
1079,0	0,31538641690903735
1080,0	0,3194060320050182
1081,0	0,34382096615863955
1082,0	0,2813893829286109
1083,0	0,31800837726681935
1084,0	0,27395357332037806
1085,0	0,2331154954010331
1086,0	0,278238487107363
1087,0	0,2203246395369752
1088,0	0,20664834016534997
1089,0	0,23219124119328208
1090,0	0,1856369886995495
1091,0	0,2136966072593853
1092,0	0,17813617103762475
1093,0	0,1722862117528775
1094,0	0,19184966766905384
1095,0	0,17430460170541462
1096,0	0,1371962758916825
1097,0	0,17521705255458556
1098,0	0,18842138263296515
1099,0	0,1879039146757857
1100,0	0,23341305431742554
1101,0	0,29724788424009174
1102,0	0,33256798163327095
1103,0	0,3331832942192231
1104,0	0,3151797995902012
1105,0	0,3663285701974949
1106,0	0,37798949015944144
1107,0	0,376910066945035
1108,0	0,381999095289516
1109,0	0,3491006388354355
1110,0	0,3416367180053167
1111,0	0,3067712468201229
1112,0	0,3012903622183547
1113,0	0,2879297524689466
1114,0	0,23317737797960025
1115,0	0,24139987887499695
1116,0	0,26730460353722957
1117,0	0,28900481746110857
1118,0	0,29208366480562326
1119,0	0,2671793438641451
1120,0	0,29001741841035306
1121,0	0,28949433511409917
1122,0	0,336562303063608
1123,0	0,29631373670544375
1124,0	0,3006287897120936
1125,0	0,2890971453062634
1126,0	0,276709215611762
1127,0	0,3369273043875687
1128,0	0,32290896997658214
1129,0	0,2969987883342151
1130,0	0,26669118671106073
1131,0	0,29956215847223855
1132,0	0,3306847208082084
1133,0	0,35118763289780003
1134,0	0,4026200852931553
1135,0	0,38548926348150514
1136,0	0,3872691385395704
1137,0	0,370896475722107
1138,0	0,35739132719678374
1139,0	0,31559611142243765
1140,0	0,3463338072556382
1141,0	0,39545707138409575
1142,0	0,37177371770605194
1143,0	0,35312357660354804
1144,0	0,35245490151120723
1145,0	0,3493639045696798
1146,0	0,3325116470832541
1147,0	0,3018796993522454
1148,0	0,3121371876179663
1149,0	0,36667086215307604
1150,0	0,41396989067934525
1151,0	0,41014070205059744
1152,0	0,3875572786956984
1153,0	0,3734641011585516
1154,0	0,4259647354013736
1155,0	0,37239522542075115
1156,0	0,4416033185556856
1157,0	0,4561809573305854
1158,0	0,4869071235372675
1159,0	0,4923226730530384
1160,0	0,4839515932736301
1161,0	0,5089398878612162
1162,0	0,4763633500333096
1163,0	0,4902285883328406
1164,0	0,5009867427444931
1165,0	0,47240985796428114
1166,0	0,4902496552712059
1167,0	0,48690778706337423
1168,0	0,471077892402193
1169,0	0,5424374786986156
1170,0	0,5055141190896905
1171,0	0,4864173631581219
1172,0	0,4415544677931363
1173,0	0,4569572871602723
1174,0	0,4366764271828449
1175,0	0,40962024589297796
1176,0	0,38036951169913913
1177,0	0,37142167248141295
1178,0	0,39729332495885344
1179,0	0,4273644773589017
1180,0	0,42256983357835926
1181,0	0,4790917136819823
1182,0	0,4903497275691647
1183,0	0,506669763040868
1184,0	0,4717223022414304
1185,0	0,514235929821721
1186,0	0,5178284271172041
1187,0	0,5146390883091764
1188,0	0,4921080852221602
1189,0	0,45329451397169984
1190,0	0,41872853568309437
1191,0	0,46506238560585444
1192,0	0,4734780507293045
1193,0	0,4605020778158691
1194,0	0,4815250286622109
1195,0	0,48613837781611463
1196,0	0,47068574667296414
1197,0	0,5114824014294167
1198,0	0,4289023618148098
1199,0	0,48179433001207106
1200,0	0,463794123583102
1201,0	0,4538796775632074
1202,0	0,4454228316380209
1203,0	0,4687520378004556
1204,0	0,48439852672953965
1205,0	0,49017683953834157
1206,0	0,514752370473228
1207,0	0,4879091273761939
1208,0	0,496404045106785
1209,0	0,45411286575170406
1210,0	0,4277156440431348
1211,0	0,40434367142173117
1212,0	0,38535810245815055
1213,0	0,38635841243995145
1214,0	0,4113828478936011
1215,0	0,41851016005908753
1216,0	0,43643570148317773
1217,0	0,399223810762888
1218,0	0,3835430931725556
1219,0	0,38874172708034377
1220,0	0,388564523022751
1221,0	0,37639879605813764
1222,0	0,34917109559251475
1223,0	0,40604972261434674
1224,0	0,42136494127416996
1225,0	0,4172770384217561
1226,0	0,45869669196524154
1227,0	0,46660742755516527
1228,0	0,4666983849699607
1229,0	0,4684023504737538
1230,0	0,4269275875712043
1231,0	0,4695493110754499
1232,0	0,47493554137586574
1233,0	0,4390341340978235
1234,0	0,41814653136587876
1235,0	0,4020170354805654
1236,0	0,4118252851669809
1237,0	0,4229927365322057
1238,0	0,41847212398797834
1239,0	0,4124779853221104
1240,0	0,42901085800680583
1241,0	0,4502481945483322
1242,0	0,45770298708937324
1243,0	0,4544124985674286
1244,0	0,4530387260001326
1245,0	0,46191843298359897
1246,0	0,5123134938025989
1247,0	0,490315418724016
1248,0	0,5050756891791431
1249,0	0,4968748154213541
1250,0	0,45365835459426374
1251,0	0,42671711020459685
1252,0	0,41670234120754734
1253,0	0,3975765608536
1254,0	0,4175554357329046
1255,0	0,42404224473286695
1256,0	0,43518461465486097
1257,0	0,412932424084383
1258,0	0,4461671273123639
1259,0	0,4437183488926998
1260,0	0,4406749022067833
1261,0	0,46201109613428637
1262,0	0,4612596503560736
1263,0	0,399054794612226
1264,0	0,42167821888810286
1265,0	0,40074799847295
1266,0	0,3943909727842679
1267,0	0,41476412187908396
1268,0	0,4495801395623433
1269,0	0,46495662923544473
1270,0	0,4739510007841492
1271,0	0,42629177830509923
1272,0	0,4261840606955328
1273,0	0,4725383952628322
1274,0	0,44061510723944936
1275,0	0,47842706599314594
1276,0	0,48475533135689025
1277,0	0,5027328141385602
1278,0	0,5031146828140426
1279,0	0,49654415342699065
1280,0	0,489492692468656
1281,0	0,46381995241074303
1282,0	0,4897619826997277
1283,0	0,4343543151235326
1284,0	0,43976172399685953
1285,0	0,45113051115195363
1286,0	0,43617214319033765
1287,0	0,45022500225054085
1288,0	0,4350163515497146
1289,0	0,4547203514262163
1290,0	0,3686220792410763
1291,0	0,3846668032457731
1292,0	0,37917142800692843
1293,0	0,3673419750023871
1294,0	0,32383705000613344
1295,0	0,3628710687556261
1296,0	0,37141207067688353
1297,0	0,40168849939779705
1298,0	0,37377026871358654
1299,0	0,38858869012109487
1300,0	0,398978221577023
1301,0	0,39136879171217503
1302,0	0,37769785198114164
1303,0	0,3648114932446375
1304,0	0,35330681909063166
1305,0	0,3768666460697088
1306,0	0,4027580979475259
1307,0	0,3774925824360052
1308,0	0,41698743907806185
1309,0	0,4251845217626635
1310,0	0,4366880223052436
1311,0	0,46545663324004294
1312,0	0,45040427871975813
1313,0	0,42011760081057997
1314,0	0,4193021056933832
1315,0	0,39708545856026856
1316,0	0,378824049414052
1317,0	0,3927501335574075
1318,0	0,380010029823654
1319,0	0,4126769132821465
1320,0	0,407435975153493
1321,0	0,42919111124648895
1322,0	0,4540459968188552
1323,0	0,4515254645648422
1324,0	0,47364559837447207
1325,0	0,5158128164571348
1326,0	0,47600633293478145
1327,0	0,4737784098512768
1328,0	0,5095426102529129
1329,0	0,5294626163086817
1330,0	0,47067353566841413
1331,0	0,4683723452294754
1332,0	0,4460510236579453
1333,0	0,40363786098735155
1334,0	0,4458176648412449
1335,0	0,4221352655651143
1336,0	0,4042531412577095
1337,0	0,4241629047416723
1338,0	0,39786472065744116
1339,0	0,39999186527736275
1340,0	0,40292991429004116
1341,0	0,4029442823465685
1342,0	0,44143729074834437
1343,0	0,4678212818387145
1344,0	0,44947978327438504
1345,0	0,431149135926429
1346,0	0,479611916680525
1347,0	0,48194038695046126
1348,0	0,46020396629307525
1349,0	0,4554217168331238
1350,0	0,44990500138121303
1351,0	0,45080429297519176
1352,0	0,4780133898886513
1353,0	0,4755888005442403
1354,0	0,41434397792952987
1355,0	0,4372248442519351
1356,0	0,45924376552715934
1357,0	0,4188551827790398
1358,0	0,42795642214955565
1359,0	0,4474265111921775
1360,0	0,4754072532540739
1361,0	0,48923600659968436
1362,0	0,4616126590716087
1363,0	0,44431688757994076
1364,0	0,4209285464793045
1365,0	0,43185702466036446
1366,0	0,4626625976515432
1367,0	0,4525574001985649
1368,0	0,5104001279148712
1369,0	0,46301456580889794
1370,0	0,5085242661336147
1371,0	0,5136820837197175
1372,0	0,5074010183667494
1373,0	0,4919324260038519
1374,0	0,4786341145306364
1375,0	0,44996150876374874
1376,0	0,4301997306870619
1377,0	0,4660680293122663
1378,0	0,4651170742303564
1379,0	0,4841368203610537
1380,0	0,4617461519190261
1381,0	0,4883951581074292
1382,0	0,4646172312676337
1383,0	0,4338385947811924
1384,0	0,4541187212999701
1385,0	0,48334146953707074
1386,0	0,5246773328328804
1387,0	0,48345273051098303
1388,0	0,47963648381829405
1389,0	0,437976169208441
1390,0	0,4341481602033458
1391,0	0,409134395354539
1392,0	0,38095891835078877
1393,0	0,4028529402473122
1394,0	0,4121760197526018
1395,0	0,4261188531345478
1396,0	0,4180629332537587
1397,0	0,4346706100259418
1398,0	0,454466956886619
1399,0	0,4942072252905356
1400,0	0,49625008075608706
1401,0	0,5085500574264916
1402,0	0,5006246462550159
1403,0	0,44886232712122154
1404,0	0,4875253482221872
1405,0	0,42562292225268317
1406,0	0,4632777259275113
1407,0	0,4320407839645663
1408,0	0,45024184702263254
1409,0	0,43697440251688097
1410,0	0,4379503330512936
1411,0	0,44007075584180616
1412,0	0,44843044313974
1413,0	0,44516399389240896
1414,0	0,48213601420576413
1415,0	0,47076351652191095
1416,0	0,4570283474386152
1417,0	0,4154858547840441
1418,0	0,41028527491774264
1419,0	0,3779882402974552
1420,0	0,3920740037181287
1421,0	0,39414086116324093
1422,0	0,44324284985984624
1423,0	0,42505362354697784
1424,0	0,42235154142991893
1425,0	0,39471342138345333
1426,0	0,3508729373677048
1427,0	0,34759562482317213
1428,0	0,2923521542518653
1429,0	0,2758160048633021
1430,0	0,26608416272791335
1431,0	0,2744137922362002
1432,0	0,29782794290636133
1433,0	0,3662374456574303
1434,0	0,3595244462391181
1435,0	0,3750275914946013
1436,0	0,3915407191900179
1437,0	0,3470848978438523
1438,0	0,40105275656271633
1439,0	0,4097698241454277
1440,0	0,43605865243365494
1441,0	0,44884357046639206
1442,0	0,45081127083229944
1443,0	0,4428443590444436
1444,0	0,4386455884538209
1445,0	0,40128580087536087
1446,0	0,38988137354293534
1447,0	0,36319834636267684
1448,0	0,41478813626584404
1449,0	0,4115475858362108
1450,0	0,39409776928403956
1451,0	0,44346099458318916
1452,0	0,4364535047928456
1453,0	0,3945219996289375
1454,0	0,3829748460740806
1455,0	0,3598282025730514
1456,0	0,33621494685192543
1457,0	0,38379191039756183
1458,0	0,376838717938274
1459,0	0,37677769468120464
1460,0	0,33926754033687395
1461,0	0,3631338669505352
1462,0	0,3434250573722492
1463,0	0,34677057746639833
1464,0	0,33680342646704486
1465,0	0,2716782402506923
1466,0	0,34956198680334966
1467,0	0,3059641417395234
1468,0	0,30272769373232983
1469,0	0,3350328268914139
1470,0	0,32967829405337923
1471,0	0,31162916469251956
1472,0	0,3102052431961198
1473,0	0,35130163829905603
1474,0	0,33175956165219433
1475,0	0,34072169988796425
1476,0	0,35134826738869246
1477,0	0,34541716515820764
1478,0	0,3934934494732775
1479,0	0,3775330481620007
1480,0	0,37357119639817915
1481,0	0,3537594020953982
1482,0	0,37893360126804393
1483,0	0,3684642757099962
1484,0	0,3846291106992607
1485,0	0,36176959121259605
1486,0	0,3362248795460826
1487,0	0,34521365281162436
1488,0	0,36410709062430835
1489,0	0,3901282525913138
1490,0	0,34800211659763536
1491,0	0,3721217216225669
1492,0	0,3489211353988355
1493,0	0,35754054669401575
1494,0	0,3660164818087288
1495,0	0,3031750608069929
1496,0	0,2955038151025823
1497,0	0,346028664530852
1498,0	0,3329738390411735
1499,0	0,32181222754540206
1500,0	0,3469905155719621
1501,0	0,2887444043202666
1502,0	0,30993981083455896
1503,0	0,3129881776406004
1504,0	0,2917764146056261
1505,0	0,28338453104879485
1506,0	0,27800287627706155
1507,0	0,2789228858414547
1508,0	0,30006038270693297
1509,0	0,27420575677580095
1510,0	0,28147629036397886
1511,0	0,3000596940354943
1512,0	0,2963687768588038
1513,0	0,2624537619578448
1514,0	0,3000195451815385
1515,0	0,34498715484993825
1516,0	0,3467879204141079
1517,0	0,370945787439001
1518,0	0,37250561988939873
1519,0	0,353933308185909
1520,0	0,3974247636232624
1521,0	0,4007629172777528
1522,0	0,3610423389106299
1523,0	0,41196452964807323
1524,0	0,4325280384641497
1525,0	0,4316374955627039
1526,0	0,4242708019388679
1527,0	0,39669535616029733
1528,0	0,4441011590019985
1529,0	0,43275373670945355
1530,0	0,42782827954858704
1531,0	0,3906205160759463
1532,0	0,39699260458110225
1533,0	0,42516485246786406
1534,0	0,38776181399736576
1535,0	0,378042007713414
1536,0	0,3760388132822977
1537,0	0,3555069829218844
1538,0	0,3774850087005312
1539,0	0,414619431508435
1540,0	0,3996245516966991
1541,0	0,4285892979972016
1542,0	0,4247955117861358
1543,0	0,4309647064216657
1544,0	0,42625877796166783
1545,0	0,44923907151493514
1546,0	0,4612059882931257
1547,0	0,4493261621228991
1548,0	0,47517998445007126
1549,0	0,4144942624478444
1550,0	0,39626453584973104
1551,0	0,4245529589093216
1552,0	0,40182415463192706
1553,0	0,41725941723391247
1554,0	0,4557601457458597
1555,0	0,4678155307181176
1556,0	0,43487663215237515
1557,0	0,4387092413188468
1558,0	0,3680943396655036
1559,0	0,3790159648423507
1560,0	0,34658774480498944
1561,0	0,3626542045040283
1562,0	0,33626620570613885
1563,0	0,3652907938757552
1564,0	0,4208076219765887
1565,0	0,40323406162283754
1566,0	0,38350771724245947
1567,0	0,3539506828590446
1568,0	0,3511085548122673
1569,0	0,3450818784920646
1570,0	0,342036898944716
1571,0	0,38791141684268116
1572,0	0,39210440505166083
1573,0	0,3383855264044024
1574,0	0,3238379238911012
1575,0	0,33162861055559895
1576,0	0,4057457027592982
1577,0	0,39147541831852006
1578,0	0,4473818050387454
1579,0	0,4323959695936134
1580,0	0,4065055704210597
1581,0	0,3891078831536012
1582,0	0,4017905174995792
1583,0	0,45556326964372623
1584,0	0,43087749214040316
1585,0	0,3920923897445043
1586,0	0,3943833240651167
1587,0	0,39312958592634867
1588,0	0,4077343424300023
1589,0	0,4116694294836359
1590,0	0,4180688488678536
1591,0	0,43306068307116213
1592,0	0,42459692568537916
1593,0	0,4277558626016284
1594,0	0,4563369406440458
1595,0	0,4591735822956155
1596,0	0,4377535008917161
1597,0	0,3856045771648027
1598,0	0,45597157442424
1599,0	0,4561814297440417
1600,0	0,49163205527377735
1601,0	0,4532110287917312
1602,0	0,44132574293572285
1603,0	0,4634622963763647
1604,0	0,43703797363089025
1605,0	0,4734045145106316
1606,0	0,49669633720304374
1607,0	0,5157176362166506
1608,0	0,5071298862051112
1609,0	0,4721838896745796
1610,0	0,4501722974088393
1611,0	0,4218837459947769
1612,0	0,3957812500083905
1613,0	0,4085083311066336
1614,0	0,4373548277902437
1615,0	0,4248264894263427
1616,0	0,4141502701694228
1617,0	0,469532976236351
1618,0	0,4574368828388362
1619,0	0,4345057976893516
1620,0	0,44072140298250406
1621,0	0,3977990049290891
1622,0	0,4011234961739337
1623,0	0,4108490877866535
1624,0	0,4194151509139459
1625,0	0,3938124231760382
1626,0	0,42778746932220185
1627,0	0,4683730810213579
1628,0	0,44999677138172245
1629,0	0,422940153677782
1630,0	0,43914379376266877
1631,0	0,42630326320335715
1632,0	0,46637949128345724
1633,0	0,44478985975527174
1634,0	0,44126338119154934
1635,0	0,44661253842672094
1636,0	0,4179936989566939
1637,0	0,41997554694567885
1638,0	0,45233523756066896
1639,0	0,43221065020194016
1640,0	0,4429139524648748
1641,0	0,466068031640375
1642,0	0,45710236731599585
1643,0	0,434425430253285
1644,0	0,4035344196886084
1645,0	0,3854580063437747
1646,0	0,3807798771356208
1647,0	0,3672402206658189
1648,0	0,3318835808609126
1649,0	0,33613881651085137
1650,0	0,3733110835864521
1651,0	0,3685740318608909
1652,0	0,3904032589361043
1653,0	0,3338103927911929
1654,0	0,33975108152084554
1655,0	0,3241319348271205
1656,0	0,33527408108237844
1657,0	0,35493138215357123
1658,0	0,3488675766585611
1659,0	0,3228347528386777
1660,0	0,3469459770017654
1661,0	0,33007265466854696
1662,0	0,3574515105640697
1663,0	0,34933018252008535
1664,0	0,2675399975165109
1665,0	0,21529039405005454
1666,0	0,20052186117695447
1667,0	0,20742075070506835
1668,0	0,1421944816819126
1669,0	0,1866896589842788
1670,0	0,14995807560913355
1671,0	0,12582069841467886
1672,0	0,10002488612889614
1673,0	0,12376955977252391
1674,0	0,12576232597332102
1675,0	0,10867950916937817
1676,0	0,15611128362888868
1677,0	0,2051846999139556
1678,0	0,2399855818041454
1679,0	0,2601863113415704
1680,0	0,24127013094476596
1681,0	0,2113815587959415
1682,0	0,15183905565897507
1683,0	0,1530670219472624
1684,0	0,16456744287215266
1685,0	0,19491931533702334
1686,0	0,1723669504920167
1687,0	0,16604066089330127
1688,0	0,2134128681420779
1689,0	0,18920215606949667
1690,0	0,19792124982274797
1691,0	0,2457435056942224
1692,0	0,29343257272445283
1693,0	0,32568551102865884
1694,0	0,31300229139372426
1695,0	0,34042973715899166
1696,0	0,3320167269359124
1697,0	0,3118488270117777
1698,0	0,3424590947943512
1699,0	0,33665301434481
1700,0	0,3506510550576419
1701,0	0,31623387622266275
1702,0	0,39064128296964484
1703,0	0,38520452843286773
1704,0	0,4394135291926686
1705,0	0,4742852926393678
1706,0	0,47908358324438466
1707,0	0,4595692124490177
1708,0	0,44835368519285995
1709,0	0,4741718238677113
1710,0	0,5221504094964949
1711,0	0,48097199712750227
1712,0	0,4953469784161384
1713,0	0,46557673535399546
1714,0	0,47244183241497
1715,0	0,4763401921531867
1716,0	0,4574096722748364
1717,0	0,488323634065356
1718,0	0,490871807162512
1719,0	0,5433208445264704
1720,0	0,509382337528034
1721,0	0,5282742166995479
1722,0	0,4983270829749018
1723,0	0,5269640050474945
1724,0	0,48411888451463936
1725,0	0,4695100007887381
1726,0	0,47937053958609027
1727,0	0,5242867344916109
1728,0	0,5024977471815475
1729,0	0,4885102048590419
1730,0	0,5088644930982799
1731,0	0,5356636727507199
1732,0	0,4914643400352818
1733,0	0,48968618016352783
1734,0	0,46996241918421683
1735,0	0,4736317906930243
1736,0	0,5045473837741548
1737,0	0,4727270319717494
1738,0	0,4621602301925231
1739,0	0,44570995857008533
1740,0	0,44049348726345255
1741,0	0,4563369004095144
1742,0	0,4408793721140129
1743,0	0,39486794821181476
1744,0	0,410343993495518
1745,0	0,424098557414544
1746,0	0,3933181330320998
1747,0	0,33685958357343276
1748,0	0,37033079358173904
1749,0	0,3688283690301231
1750,0	0,4315567145311175
1751,0	0,4390133087430601
1752,0	0,4666873524227034
1753,0	0,4488165534463118
1754,0	0,3723167197357956
1755,0	0,36573533024549
1756,0	0,4018101854307858
1757,0	0,39280719650343204
1758,0	0,32919210892481465
1759,0	0,3581102533999022
1760,0	0,3917691289189049
1761,0	0,408749849134392
1762,0	0,439642101551963
1763,0	0,43915746223656205
1764,0	0,44091083187102
1765,0	0,4346393936723578
1766,0	0,4261623021946134
1767,0	0,42930925444877754
1768,0	0,3697650521083219
1769,0	0,3588695075796385
1770,0	0,3486899940533592
1771,0	0,3204366632477151
1772,0	0,3342651017407676
1773,0	0,3202828552615235
1774,0	0,30641959657405726
1775,0	0,30483925284911084
1776,0	0,34751690782959926
1777,0	0,37698890666132845
1778,0	0,39156639059084614
1779,0	0,3187020813142634
1780,0	0,3401587915300205
1781,0	0,3175733354786485
1782,0	0,31212677538692907
1783,0	0,29144617406663004
1784,0	0,30813721121375653
1785,0	0,338234671408041
1786,0	0,34506311593522504
1787,0	0,35004205086817125
1788,0	0,37923220723771545
1789,0	0,4150616948341627
1790,0	0,4288400265058058
1791,0	0,4404991762830886
1792,0	0,4500998182095763
1793,0	0,4947462506228074
1794,0	0,46193952073861266
1795,0	0,4756083380173992
1796,0	0,45818299869078155
1797,0	0,4630522491080177
1798,0	0,46457354781073035
1799,0	0,4325111046524489
1800,0	0,401500628749216
1801,0	0,3557005852234144
1802,0	0,33067570264883844
1803,0	0,37221444052623287
1804,0	0,3269497529380247
1805,0	0,3061801300087606
1806,0	0,2990660842080696
1807,0	0,29771887429845884
1808,0	0,31625535010665845
1809,0	0,27295876992223145
1810,0	0,2640460784117914
1811,0	0,29846026710977047
1812,0	0,2733865395484339
1813,0	0,31038240369131276
1814,0	0,3075572801125553
1815,0	0,21677442171463085
1816,0	0,271063058329978
1817,0	0,26718934798814775
1818,0	0,29999709707840555
1819,0	0,2826670019577266
1820,0	0,28620442874717805
1821,0	0,2976940184519949
1822,0	0,26566887409744605
1823,0	0,33267193776125187
1824,0	0,30663763916489944
1825,0	0,27415498488317713
1826,0	0,2654253829350701
1827,0	0,262451803384822
1828,0	0,18430450825496805
1829,0	0,18416570091128562
1830,0	0,18476197801098854
1831,0	0,169812183674033
1832,0	0,16991865350155014
1833,0	0,1728319870344487
1834,0	0,15295392750543138
1835,0	0,14838681631138662
1836,0	0,12953166849671735
1837,0	0,16159769267278726
1838,0	0,1695049786290509
1839,0	0,2310150356136035
1840,0	0,15525555157327758
1841,0	0,12845292762665517
1842,0	0,1242648995744455
1843,0	0,11205463773871349
1844,0	0,11198489792208885
1845,0	0,19386991363791456
1846,0	0,17570044611043306
1847,0	0,1449004572066802
1848,0	0,19799259964367963
1849,0	0,26084732135939187
1850,0	0,27610810288052595
1851,0	0,33010587671900976
1852,0	0,2870865434593172
1853,0	0,27562748861211595
1854,0	0,2645451036526446
1855,0	0,22764461805313302
1856,0	0,2176667621578586
1857,0	0,21438961904801399
1858,0	0,1576576635542301
1859,0	0,1905614609479634
1860,0	0,18025808809487834
1861,0	0,20476663014816937
1862,0	0,22382502775970012
1863,0	0,22229860519567576
1864,0	0,2318725518461175
1865,0	0,2521677395818989
1866,0	0,22043822296705873
1867,0	0,2530914633060046
1868,0	0,24168943678028668
1869,0	0,21492544967372296
1870,0	0,2779023734594308
1871,0	0,2984885721128447
1872,0	0,31595527268928925
1873,0	0,3176387946386163
1874,0	0,3031592423429648
1875,0	0,285569780309714
1876,0	0,33392819287573505
1877,0	0,27421481876140724
1878,0	0,3406911908817266
1879,0	0,3415174072879313
1880,0	0,2572318865540931
1881,0	0,29231652389867535
1882,0	0,3118671854115396
1883,0	0,2963511912284607
1884,0	0,2935565510469496
1885,0	0,3021139521820435
1886,0	0,2897319864055511
1887,0	0,2688908141883374
1888,0	0,3149888404990445
1889,0	0,32023257930913035
1890,0	0,32835093816148386
1891,0	0,35640674089354996
1892,0	0,33679376675467965
1893,0	0,38531061841506664
1894,0	0,3613896199555538
1895,0	0,3652316552458543
1896,0	0,3777594208828537
1897,0	0,3478851405272247
1898,0	0,3641808609269735
1899,0	0,32114606303459026
1900,0	0,34544899803385254
1901,0	0,3286710241474084
1902,0	0,31079751515534343
1903,0	0,29140538176165204
1904,0	0,26796081849438064
1905,0	0,22472724728571972
1906,0	0,17300118894851427
1907,0	0,20295068824066362
1908,0	0,21974139513592506
1909,0	0,1971939099754031
1910,0	0,22094637984938043
1911,0	0,18336361917440921
1912,0	0,23134714703953568
1913,0	0,2512334281328187
1914,0	0,2006790347329169
1915,0	0,1817982715708852
1916,0	0,16067773928168272
1917,0	0,17220935488915406
1918,0	0,164505040495449
1919,0	0,15768169157743134
1920,0	0,13378329137527786
1921,0	0,14362271809500513
1922,0	0,11835826620023529
1923,0	0,12343391366975671
1924,0	0,11442255803280406
1925,0	0,1547529043646226
1926,0	0,1677460886302671
1927,0	0,1676693514533848
1928,0	0,19987138018242195
1929,0	0,1770126644048383
1930,0	0,2381209058408515
1931,0	0,19024953936051084
1932,0	0,10073441118876154
1933,0	0,12243163873788772
1934,0	0,1495961379855218
1935,0	0,10952168725428535
1936,0	0,16539252712088762
1937,0	0,20673638786266316
1938,0	0,2484282962683821
1939,0	0,263334519396656
1940,0	0,2748982325569698
1941,0	0,28826303505753803
1942,0	0,1968151664350956
1943,0	0,17467272755956778
1944,0	0,18363720296694414
1945,0	0,2821434525480081
1946,0	0,2567108095354901
1947,0	0,24381686752927503
1948,0	0,29021331332964706
1949,0	0,37554431305895425
1950,0	0,2938406692521538
1951,0	0,3097781652169115
1952,0	0,36929912599017245
1953,0	0,41791002340758426
1954,0	0,39082135493315584
1955,0	0,330658808589975
1956,0	0,2841364141808048
1957,0	0,23721794636588248
1958,0	0,27105183782958525
1959,0	0,28945101371821286
1960,0	0,32377535013560266
1961,0	0,31211661212781333
1962,0	0,36079423202792804
1963,0	0,3289690798981581
1964,0	0,3607969856531365
1965,0	0,35809046476693773
1966,0	0,2905849321707128
1967,0	0,3078273329423119
1968,0	0,32865253001581207
1969,0	0,3106702939163707
1970,0	0,2914604048101657
1971,0	0,2576590880895944
1972,0	0,2695568004962426
1973,0	0,17878570452656556
1974,0	0,21512971808352963
1975,0	0,2577315087169369
1976,0	0,2832848307573446
1977,0	0,2655024055433902
1978,0	0,24577200039266534
1979,0	0,23585133423709295
1980,0	0,2804571272493992
1981,0	0,30227878033253397
1982,0	0,3191199062060343
1983,0	0,3054485962029385
1984,0	0,2568132661686056
1985,0	0,2533122440993289
1986,0	0,1810506584247737
1987,0	0,21023846515296962
1988,0	0,17371992100437983
1989,0	0,16975694089553456
1990,0	0,18042374121749072
1991,0	0,17662149969603624
1992,0	0,20226900250117963
1993,0	0,20309863730479852
1994,0	0,23954003509715108
1995,0	0,2454977341023133
1996,0	0,23066460983514314
1997,0	0,23475807779350427
1998,0	0,21689406667856753
1999,0	0,26109194793519314
2000,0	0,2666065367420285
