N: 700,0	L: 25,0	Density:1,12	Noise: 2,0
Time	 Va	
0,0	0,038207584812191046
1,0	0,03907412740795029
2,0	0,04975958543558144
3,0	0,06834274158159999
4,0	0,10513160520410986
5,0	0,09478102244899103
6,0	0,09976659577102226
7,0	0,12259092935505274
8,0	0,09313753587943326
9,0	0,1068755313002581
10,0	0,09215080283757583
11,0	0,14265930107959132
12,0	0,1599048306448005
13,0	0,1596911384964195
14,0	0,1950974137878091
15,0	0,2112900762788128
16,0	0,2098977570519576
17,0	0,2292169437415073
18,0	0,24707504974552522
19,0	0,29246723285337034
20,0	0,28538619034810603
21,0	0,31622484379152666
22,0	0,35961731905006344
23,0	0,39459255769583357
24,0	0,4198384273344269
25,0	0,4508987722201601
26,0	0,42328047297139576
27,0	0,4038507900207188
28,0	0,37699093324285854
29,0	0,40415868991260684
30,0	0,38600130586856374
31,0	0,3900375589002313
32,0	0,36495606452053125
33,0	0,3101530847618571
34,0	0,29376206723541526
35,0	0,2512824660428382
36,0	0,24630147406906355
37,0	0,20090706443222323
38,0	0,20616210631059484
39,0	0,19797911206102567
40,0	0,2156804238492751
41,0	0,19912913255867512
42,0	0,21645898001960187
43,0	0,18717971041744358
44,0	0,18961809463263304
45,0	0,2013514303633902
46,0	0,22691146018112998
47,0	0,20841127383644747
48,0	0,22116941794525796
49,0	0,26659910582144214
50,0	0,27860259617883726
51,0	0,25477667532401876
52,0	0,27511460294659323
53,0	0,31617992179009763
54,0	0,3599037058085301
55,0	0,40462965404943046
56,0	0,38741818238542686
57,0	0,39334335159645106
58,0	0,36630828613231775
59,0	0,34354553416764766
60,0	0,3353798338363271
61,0	0,3501920373342775
62,0	0,35804980508215317
63,0	0,33981121656920293
64,0	0,36156274108860276
65,0	0,3606214041536888
66,0	0,37870765306140164
67,0	0,38589219263615754
68,0	0,3798156068448284
69,0	0,4166708328110896
70,0	0,461934392669933
71,0	0,41700370105941903
72,0	0,43019169244206
73,0	0,46420419463611307
74,0	0,45978123728205295
75,0	0,44603350983910517
76,0	0,4606921298743221
77,0	0,46136597492634607
78,0	0,45553598534745765
79,0	0,4500422419211977
80,0	0,4575397370498944
81,0	0,4451650486820387
82,0	0,42656558448985193
83,0	0,4047568308332721
84,0	0,40087369508930215
85,0	0,3884815885531372
86,0	0,3679596157592586
87,0	0,38017318025718433
88,0	0,37403917225859423
89,0	0,37587851723606674
90,0	0,3766828500952525
91,0	0,35359706310552597
92,0	0,3444040200617674
93,0	0,33326140939845805
94,0	0,3018660848748512
95,0	0,27743718709554605
96,0	0,21693072654686874
97,0	0,18955235932122066
98,0	0,18956905711666702
99,0	0,1375626666120881
100,0	0,10331607338564718
101,0	0,1686745920225894
102,0	0,15815651242105788
103,0	0,11791568508021143
104,0	0,17542621154481788
105,0	0,19369381911013253
106,0	0,15019396744475688
107,0	0,15792741847738515
108,0	0,18883433317319773
109,0	0,18063676285270286
110,0	0,19752061770569432
111,0	0,23577612166967093
112,0	0,1936947543149427
113,0	0,21219858926257038
114,0	0,28162845528537084
115,0	0,2652932567108846
116,0	0,28420544016963256
117,0	0,2520035361683806
118,0	0,2278743283650472
119,0	0,17921126603800688
120,0	0,17494729307035062
121,0	0,18330730111571053
122,0	0,23873899871932408
123,0	0,22508034764960128
124,0	0,28172892499995994
125,0	0,3286831063520782
126,0	0,375297392294542
127,0	0,42335982643249875
128,0	0,45847273816832607
129,0	0,5087643069457424
130,0	0,5072628436027133
131,0	0,47984377378255033
132,0	0,47882516563890465
133,0	0,5096143766593213
134,0	0,49453286113451367
135,0	0,5018360975990679
136,0	0,47359242073119656
137,0	0,5118443811925594
138,0	0,5144954062539678
139,0	0,5263623369377051
140,0	0,5185694991430765
141,0	0,4940828091683566
142,0	0,48930347054196266
143,0	0,5056255199552459
144,0	0,5039426612653282
145,0	0,5073762894907181
146,0	0,5350422744369986
147,0	0,505049792499903
148,0	0,5353980362968032
149,0	0,5223062845745245
150,0	0,5460953511862494
151,0	0,5489676210824868
152,0	0,5115120612012168
153,0	0,5429433990711042
154,0	0,55362375925781
155,0	0,5678950768755597
156,0	0,5679955609888585
157,0	0,5786353866596344
158,0	0,5721507485100089
159,0	0,5703048828182105
160,0	0,5561212859179989
161,0	0,5345705061987447
162,0	0,5470224146902651
163,0	0,5732271099610536
164,0	0,5691658321772485
165,0	0,5520995812196906
166,0	0,5430533508111491
167,0	0,5504700481942228
168,0	0,5566980478255236
169,0	0,5490570617594552
170,0	0,5545984091536866
171,0	0,5468430182552985
172,0	0,5244243194343866
173,0	0,500100911313142
174,0	0,5082871627460729
175,0	0,5148248874283395
176,0	0,4985110966039588
177,0	0,5357441064123691
178,0	0,506630819673948
179,0	0,47179064444132124
180,0	0,46046135544895905
181,0	0,4441088916283452
182,0	0,4453417239098212
183,0	0,4690446927140681
184,0	0,45152715742534777
185,0	0,45868856613472603
186,0	0,4640368083331086
187,0	0,4132623574171143
188,0	0,4308450319881901
189,0	0,4286538109464615
190,0	0,43961533316779405
191,0	0,4718733109571301
192,0	0,5004295296439537
193,0	0,4910961448678313
194,0	0,4973966128025612
195,0	0,479963497523869
196,0	0,5032025391732305
197,0	0,5001110124108483
198,0	0,4743046713309962
199,0	0,4730995366692541
200,0	0,5165843669548845
201,0	0,521680898158356
202,0	0,5221747590743872
203,0	0,5372136490138929
204,0	0,5351070122851177
205,0	0,5030305655418172
206,0	0,464536117190689
207,0	0,4331923670416227
208,0	0,4611672013055856
209,0	0,509277669096845
210,0	0,5374599827492649
211,0	0,5046676559949036
212,0	0,4978872858819529
213,0	0,5085251633809649
214,0	0,5119463009456526
215,0	0,4267729098830173
216,0	0,44838199418299346
217,0	0,47651139916720664
218,0	0,45998567820246594
219,0	0,4639440110691821
220,0	0,44476878175858925
221,0	0,47161841924433007
222,0	0,48043194723353244
223,0	0,4910811789256329
224,0	0,4817515571288375
225,0	0,48793624148914205
226,0	0,5381943344091481
227,0	0,5266539063220725
228,0	0,5470016060023355
229,0	0,5346454724314781
230,0	0,5469009000367561
231,0	0,5946184389694539
232,0	0,5627484812289514
233,0	0,5839536936281311
234,0	0,6095001456279778
235,0	0,583359088676348
236,0	0,5761458345062898
237,0	0,5944567710620752
238,0	0,560613204899169
239,0	0,544676337786538
240,0	0,5478580667885687
241,0	0,5559861376483306
242,0	0,5368149898729906
243,0	0,47369122433220145
244,0	0,4792571895064747
245,0	0,5147035307679423
246,0	0,5183161695000994
247,0	0,500276565519288
248,0	0,4980480954172279
249,0	0,44767787377394835
250,0	0,4934780458382422
251,0	0,48416070216735546
252,0	0,5298882924265522
253,0	0,5595863572972729
254,0	0,5427752806862806
255,0	0,5403107718825032
256,0	0,5830039223243129
257,0	0,5898852933653569
258,0	0,5948245326559843
259,0	0,5708362513105371
260,0	0,556316892706383
261,0	0,5602366169133911
262,0	0,558623461858956
263,0	0,5437440035584182
264,0	0,5392294294262101
265,0	0,526149681528343
266,0	0,49944640870890095
267,0	0,4995943270738463
268,0	0,4828081270778622
269,0	0,4738359213218909
270,0	0,47939290271973267
271,0	0,47064324414281566
272,0	0,4978718783582709
273,0	0,4910587582199086
274,0	0,4341493791918847
275,0	0,4485995121856558
276,0	0,40561011070379976
277,0	0,40669288811195975
278,0	0,41890202705707275
279,0	0,471858222979397
280,0	0,4788573992088026
281,0	0,47017675483756
282,0	0,4764124508190059
283,0	0,48976531757334507
284,0	0,5101866344610182
285,0	0,5393513673171162
286,0	0,560675457084802
287,0	0,552063663712553
288,0	0,5806077807943089
289,0	0,6141897158451236
290,0	0,6238195020520874
291,0	0,6121020125177274
292,0	0,60386265711244
293,0	0,6273248753057418
294,0	0,6248867943184043
295,0	0,6268884792344113
296,0	0,6247529167448788
297,0	0,6287443268266845
298,0	0,6162584945652585
299,0	0,6320226434684282
300,0	0,6119447470331346
301,0	0,5632064584882807
302,0	0,5516795417008997
303,0	0,5212519807432326
304,0	0,5441013070973453
305,0	0,5331128556815633
306,0	0,5052960901562593
307,0	0,4916766469752521
308,0	0,48295940529466397
309,0	0,4730720105708113
310,0	0,508125490439175
311,0	0,5308486514389618
312,0	0,5181739963547655
313,0	0,49018300038999796
314,0	0,48291578993586737
315,0	0,4704980719893045
316,0	0,49818016093207346
317,0	0,5074380235752464
318,0	0,5145441672338742
319,0	0,5450178129561704
320,0	0,5588162299529217
321,0	0,5429686770090556
322,0	0,5398052779818067
323,0	0,5296654259340514
324,0	0,5361671626123438
325,0	0,5175270942069683
326,0	0,4739424093415081
327,0	0,5014753469033043
328,0	0,484577524873278
329,0	0,4848808679024632
330,0	0,4893900002539841
331,0	0,46257716476737293
332,0	0,48574291310224993
333,0	0,49269211400481333
334,0	0,5103436829948366
335,0	0,5448612914311355
336,0	0,5608238182380615
337,0	0,5682485147094138
338,0	0,5787965856261399
339,0	0,5736604243479418
340,0	0,5619925713091097
341,0	0,5466078710323785
342,0	0,5415655556202847
343,0	0,5211310089419714
344,0	0,5233409106023429
345,0	0,5203774159039587
346,0	0,5087551665377688
347,0	0,5331418119807414
348,0	0,5296038799438392
349,0	0,5111377136872772
350,0	0,48446131587832053
351,0	0,489067365976282
352,0	0,4464625023026354
353,0	0,42275430938410635
354,0	0,4188181550153183
355,0	0,4059800353588849
356,0	0,415710111407635
357,0	0,39233211778310617
358,0	0,40737481797078384
359,0	0,393620709114323
360,0	0,419644189999605
361,0	0,4315553769560682
362,0	0,4586994763694679
363,0	0,49099555733899325
364,0	0,5009077367829483
365,0	0,462339609260634
366,0	0,5035011475201936
367,0	0,5014902940093329
368,0	0,4770631893209071
369,0	0,49772471176125954
370,0	0,49445629458528
371,0	0,5015828222171638
372,0	0,4992855108944399
373,0	0,4952924134084047
374,0	0,4983629179308487
375,0	0,473757661538843
376,0	0,4715589642603246
377,0	0,4630074959439927
378,0	0,4717494566161751
379,0	0,48671317212876347
380,0	0,508756112593584
381,0	0,5023885434820915
382,0	0,5093204365553494
383,0	0,5256804537315724
384,0	0,5299742769302752
385,0	0,511007037013539
386,0	0,49300794623638483
387,0	0,5026884164063236
388,0	0,5470190678191159
389,0	0,548186060388676
390,0	0,5401155941846978
391,0	0,5483175401197867
392,0	0,5891908839293517
393,0	0,5901678198722388
394,0	0,5901392543090082
395,0	0,5990270958149111
396,0	0,6318490927829966
397,0	0,619169906972748
398,0	0,6012253537973857
399,0	0,6275300730648333
400,0	0,6335604130121791
401,0	0,6139094740621776
402,0	0,6102619306283001
403,0	0,6376180076888686
404,0	0,6200370390728754
405,0	0,6523339737141972
406,0	0,6257192696937581
407,0	0,6060154543889109
408,0	0,5868040489583641
409,0	0,6069828295817309
410,0	0,5859913046120144
411,0	0,5838974434545182
412,0	0,5644341494083813
413,0	0,6075858835103304
414,0	0,6329057153355147
415,0	0,6564680488542828
416,0	0,6551493217797643
417,0	0,6328264280682164
418,0	0,637132087933284
419,0	0,6418341420525919
420,0	0,6613471569486848
421,0	0,6816338675583787
422,0	0,6613694390244281
423,0	0,6729297594093383
424,0	0,6736761145612962
425,0	0,6390484432283514
426,0	0,6207092333067964
427,0	0,6156515148573249
428,0	0,6225778001731976
429,0	0,5850043516925894
430,0	0,5968824174418279
431,0	0,5925249559267955
432,0	0,5879859160325959
433,0	0,5848685377379739
434,0	0,5410783903274418
435,0	0,569613439535649
436,0	0,5959584892429957
437,0	0,5760245848785758
438,0	0,5481320689266662
439,0	0,5654844436604258
440,0	0,5795985863379666
441,0	0,552933776399642
442,0	0,5634430021379344
443,0	0,5701964193243089
444,0	0,5703905813097043
445,0	0,5563641002995144
446,0	0,5644042424925749
447,0	0,5521095070236465
448,0	0,5668846144565698
449,0	0,5711235365009282
450,0	0,5449493436682922
451,0	0,5807735521453595
452,0	0,5759065317030336
453,0	0,5612440460877441
454,0	0,5598790630262132
455,0	0,5554134886934785
456,0	0,5140380946953653
457,0	0,4876677138898575
458,0	0,4932433773177027
459,0	0,5039226546067069
460,0	0,460486421977008
461,0	0,4488101629109793
462,0	0,4446846507217521
463,0	0,44893198110827887
464,0	0,44052802834868304
465,0	0,4604275686892846
466,0	0,4400104522297326
467,0	0,4471943523776827
468,0	0,4528800238915557
469,0	0,4777464747685746
470,0	0,4995097552627666
471,0	0,4909586552440378
472,0	0,47316392997214224
473,0	0,43285305976089605
474,0	0,4477789508877218
475,0	0,42753396947821
476,0	0,3938119408054371
477,0	0,3623145359293689
478,0	0,33833839152471756
479,0	0,3032666401527303
480,0	0,307167423911711
481,0	0,31109995669097656
482,0	0,32158983303474137
483,0	0,313943620464445
484,0	0,31915085264451803
485,0	0,31010092647265963
486,0	0,269996854420387
487,0	0,2560792267333687
488,0	0,22295105712097074
489,0	0,1992182968124622
490,0	0,1877156130196845
491,0	0,19209972245781437
492,0	0,2169587246574153
493,0	0,19772988214323867
494,0	0,17683034533375083
495,0	0,21403382757626901
496,0	0,2371043957766618
497,0	0,2266911044359485
498,0	0,25335092956277816
499,0	0,23410549905630082
500,0	0,26666670530217096
501,0	0,29068138459936393
502,0	0,3053331540187829
503,0	0,3361107367171546
504,0	0,37401019900167143
505,0	0,3582135862142804
506,0	0,4051135089481141
507,0	0,4044507472586999
508,0	0,43874239027583944
509,0	0,4735639353575122
510,0	0,4712519473943481
511,0	0,4692623546317013
512,0	0,44288595897544064
513,0	0,46044724925479713
514,0	0,4771092566516232
515,0	0,4869923656898223
516,0	0,506053140284685
517,0	0,5440428699939304
518,0	0,5266339988547033
519,0	0,5293929208120439
520,0	0,5512752346235329
521,0	0,5523356704915552
522,0	0,5292246970927179
523,0	0,5431666424679317
524,0	0,5570483870216918
525,0	0,5333043381127582
526,0	0,5283105124819991
527,0	0,5086999933565982
528,0	0,5164261656609035
529,0	0,5560969960821064
530,0	0,5765495282743597
531,0	0,5781714953881768
532,0	0,5765987106854293
533,0	0,5640155564418935
534,0	0,5621877475848537
535,0	0,5433837724532177
536,0	0,5442417754249161
537,0	0,5349796804505885
538,0	0,5198173985788189
539,0	0,5164647972682078
540,0	0,502414419163406
541,0	0,4966636588444016
542,0	0,5190877467511861
543,0	0,54082276759717
544,0	0,5492902283083737
545,0	0,5551528155841602
546,0	0,5780592677128205
547,0	0,5560549531010045
548,0	0,5337010123451605
549,0	0,5146643802946151
550,0	0,5058193354905763
551,0	0,5091630987263583
552,0	0,5153217420003696
553,0	0,5081597555535695
554,0	0,5280908389610292
555,0	0,4964670812869438
556,0	0,47997210357301723
557,0	0,5450578563842898
558,0	0,5609385335763819
559,0	0,5805359112783447
560,0	0,5810764072658269
561,0	0,598740260516623
562,0	0,5899519779125665
563,0	0,5897056613904639
564,0	0,596456704145618
565,0	0,58402620468826
566,0	0,5789462565787449
567,0	0,5782344214647386
568,0	0,5718548340910841
569,0	0,5948869518557951
570,0	0,6208288398368947
571,0	0,6275353796136482
572,0	0,6600741986505093
573,0	0,6626391696096905
574,0	0,6578731045831083
575,0	0,6434270814270266
576,0	0,6696896926373608
577,0	0,6790368420223019
578,0	0,672511109187872
579,0	0,7011993462241115
580,0	0,7141176279207874
581,0	0,7199859870046575
582,0	0,7331155667608281
583,0	0,7350925369651851
584,0	0,7510821941336806
585,0	0,7563090394664855
586,0	0,7460844338986062
587,0	0,7427735393422462
588,0	0,7397910690450039
589,0	0,7455789318181656
590,0	0,750468367961101
591,0	0,7350368976006004
592,0	0,7176577545362766
593,0	0,7346608527380157
594,0	0,7117315001618687
595,0	0,7146908184018153
596,0	0,727030174863442
597,0	0,7268259485648342
598,0	0,7347090683530545
599,0	0,7188158312983098
600,0	0,7378967014819041
601,0	0,737595850918221
602,0	0,7387859119880491
603,0	0,7166951024590289
604,0	0,7160156169542956
605,0	0,726096309492422
606,0	0,7141623476786583
607,0	0,7007681742505101
608,0	0,6828008463944102
609,0	0,6779443257171516
610,0	0,663579143561763
611,0	0,6695404615221684
612,0	0,6786813096665176
613,0	0,6831867698907537
614,0	0,6752994466198449
615,0	0,668984664133721
616,0	0,6623149931022345
617,0	0,6734074631720051
618,0	0,6698903993348579
619,0	0,6651806743660864
620,0	0,642760976085654
621,0	0,6571191774155574
622,0	0,6397836549831928
623,0	0,6402091258656543
624,0	0,6294021314783744
625,0	0,6158810599718313
626,0	0,6072584258332179
627,0	0,6127715504628927
628,0	0,6138525109323393
629,0	0,6169885467700168
630,0	0,6189791646702315
631,0	0,6188531618140894
632,0	0,6166225609307622
633,0	0,5983867409516382
634,0	0,6087939520460345
635,0	0,5920022049448739
636,0	0,5863930421343325
637,0	0,5715079242213883
638,0	0,5518010238390756
639,0	0,5724962016463185
640,0	0,5624826629534795
641,0	0,5634149172830136
642,0	0,5940921116673714
643,0	0,6056805506350489
644,0	0,6083125730755627
645,0	0,6251918791489324
646,0	0,6245130379209473
647,0	0,6089440059683172
648,0	0,6173228337409314
649,0	0,6214378461822588
650,0	0,6075128016987088
651,0	0,6143220774295518
652,0	0,593849540565297
653,0	0,6162134480087343
654,0	0,6122162570671562
655,0	0,6044174686924623
656,0	0,5932862711607779
657,0	0,6229326416672986
658,0	0,6284069071966254
659,0	0,6338856400868792
660,0	0,6448085119296122
661,0	0,673679919128713
662,0	0,6748526888263959
663,0	0,6781238957837558
664,0	0,6856013616922991
665,0	0,6806584284674234
666,0	0,6939087551269086
667,0	0,6631227101035764
668,0	0,6911935667975697
669,0	0,6826598605147084
670,0	0,6733690110004931
671,0	0,6906948441339551
672,0	0,6886650438160864
673,0	0,637330780431358
674,0	0,6256646174667226
675,0	0,6150097558852347
676,0	0,6005841554645444
677,0	0,6082795592964542
678,0	0,5956616679778081
679,0	0,6180725951564292
680,0	0,6089246572931919
681,0	0,6055823995517474
682,0	0,5987171465129647
683,0	0,6066132274854041
684,0	0,6018454448079182
685,0	0,5861318777887338
686,0	0,6134214561191154
687,0	0,6194008720954696
688,0	0,5939092559319845
689,0	0,5976003780865136
690,0	0,6253417685664646
691,0	0,6117315486779125
692,0	0,6309368871998189
693,0	0,6849777180565901
694,0	0,6962658256488811
695,0	0,6977221605539458
696,0	0,7228221789561842
697,0	0,7027741012574676
698,0	0,6976253388627658
699,0	0,6777993137746308
700,0	0,7030779123752253
701,0	0,6873661356075147
702,0	0,65698381687874
703,0	0,659275937152922
704,0	0,6997385260518056
705,0	0,7056827838847313
706,0	0,714498419452096
707,0	0,7301283209988443
708,0	0,7189461439274392
709,0	0,7255014261411935
710,0	0,7323785607359121
711,0	0,710021383861303
712,0	0,7340844494015957
713,0	0,7320337452670769
714,0	0,7368781975272464
715,0	0,7240462339577317
716,0	0,7137991633717634
717,0	0,6867888486734304
718,0	0,6989972162905893
719,0	0,6918460485149117
720,0	0,6964155036040753
721,0	0,7004340530953185
722,0	0,7016151464067577
723,0	0,7193456707464932
724,0	0,706892606969053
725,0	0,7085709192450723
726,0	0,7333801833705287
727,0	0,7512028324879092
728,0	0,7357727789306643
729,0	0,7615859892631781
730,0	0,7580068342813411
731,0	0,7479902990048192
732,0	0,7425379949496809
733,0	0,7528704744503639
734,0	0,7342045994260132
735,0	0,7376847007584479
736,0	0,7223406035584489
737,0	0,7364270311214415
738,0	0,704862958688003
739,0	0,7036101807398154
740,0	0,7202317299896295
741,0	0,6973036440588957
742,0	0,7066083145695597
743,0	0,6883572611377943
744,0	0,679111822141517
745,0	0,6831840945989796
746,0	0,6958626848439675
747,0	0,689888047827286
748,0	0,6763629459620386
749,0	0,6802853352883628
750,0	0,6835823879166322
751,0	0,6521487801798912
752,0	0,6443568100753199
753,0	0,6402962760372907
754,0	0,6456867542548368
755,0	0,6458190801754219
756,0	0,6108572618462199
757,0	0,6101724484239666
758,0	0,6100436439282343
759,0	0,6105046496453355
760,0	0,605373238602838
761,0	0,6005431925338289
762,0	0,6112390940526854
763,0	0,600405709522532
764,0	0,6213014167223784
765,0	0,6046476874726322
766,0	0,6320220997617083
767,0	0,6359731361267612
768,0	0,6212428986063
769,0	0,6252287037401122
770,0	0,6447084744577544
771,0	0,6394448118711062
772,0	0,6363761459997143
773,0	0,6118161138651488
774,0	0,6238881754211323
775,0	0,6515140141772938
776,0	0,6643042633700139
777,0	0,6625187668069502
778,0	0,6943130056379127
779,0	0,7032896221925476
780,0	0,6932903019546662
781,0	0,671862794370843
782,0	0,6495192779018216
783,0	0,6341292243907382
784,0	0,5917342802493025
785,0	0,5589922871842784
786,0	0,5702745594017926
787,0	0,5740894952314389
788,0	0,6073547764284711
789,0	0,6147905400913479
790,0	0,6212900050140795
791,0	0,6101086037738485
792,0	0,5901492382050255
793,0	0,6181715255583039
794,0	0,631883575977728
795,0	0,6498983871348111
796,0	0,6269282392684213
797,0	0,639339343144286
798,0	0,653729450601092
799,0	0,6578203245481081
800,0	0,6872962478238512
801,0	0,7046592727321845
802,0	0,7143395956130558
803,0	0,7264433863451251
804,0	0,726119413672116
805,0	0,728468961008717
806,0	0,7152365474593483
807,0	0,7340137420878643
808,0	0,7035478704030759
809,0	0,7018994632188658
810,0	0,7090865792960648
811,0	0,7203463217007896
812,0	0,7122273025384056
813,0	0,7236088937029387
814,0	0,7172616830465037
815,0	0,7150771517746783
816,0	0,7256556635195148
817,0	0,7191590083481555
818,0	0,6993655008382633
819,0	0,6888134994297777
820,0	0,7182386835820335
821,0	0,7288525373623853
822,0	0,732077129384166
823,0	0,7280338879728738
824,0	0,7181546608572282
825,0	0,7154490533882985
826,0	0,7168932831605607
827,0	0,7096952879416433
828,0	0,7137341928718968
829,0	0,6967789592423106
830,0	0,6929604627282168
831,0	0,6733370860953629
832,0	0,6953935249777352
833,0	0,6664242027109052
834,0	0,6802505405750089
835,0	0,6653210535093392
836,0	0,678440919193749
837,0	0,667860453477727
838,0	0,6716296286235311
839,0	0,6667808585683583
840,0	0,6699864949005708
841,0	0,6953938735754268
842,0	0,6845575889128098
843,0	0,7197678478473576
844,0	0,7300577715795694
845,0	0,7281278996497682
846,0	0,726326199322843
847,0	0,7195251877720883
848,0	0,7277789709714805
849,0	0,7108670601483
850,0	0,715137267547507
851,0	0,6990300068004643
852,0	0,6956275705730811
853,0	0,6869560835165788
854,0	0,6687995523475476
855,0	0,6545826044515655
856,0	0,6306211115397792
857,0	0,5974607578498498
858,0	0,6160048603565598
859,0	0,6017217274840096
860,0	0,6293711883865212
861,0	0,6347499911721253
862,0	0,6218650866742248
863,0	0,6370115524472167
864,0	0,6631872214028353
865,0	0,6643162080277328
866,0	0,6633812100958011
867,0	0,6670180006266407
868,0	0,6526379901148768
869,0	0,6688189035109658
870,0	0,6728170005633374
871,0	0,6656102975001642
872,0	0,6655208559226068
873,0	0,6939749702824055
874,0	0,6810945764946927
875,0	0,671178627833039
876,0	0,7028050189029803
877,0	0,6901981643681115
878,0	0,671871111521759
879,0	0,6598140233581596
880,0	0,6543043433739586
881,0	0,664417000977289
882,0	0,6562629112180509
883,0	0,6386846832522763
884,0	0,6510116927142003
885,0	0,6610263641124351
886,0	0,6566633830751778
887,0	0,6455775886502991
888,0	0,6257280081261432
889,0	0,618506297075409
890,0	0,6291410097346288
891,0	0,5853040371314604
892,0	0,5965453980132202
893,0	0,5713418198887604
894,0	0,5835034806090881
895,0	0,6231274270799009
896,0	0,6346296829153346
897,0	0,6354955182576516
898,0	0,6195277450509058
899,0	0,578907051181091
900,0	0,5849377659896622
901,0	0,5939688256132573
902,0	0,5766210524512072
903,0	0,5778745981367616
904,0	0,5694978693814149
905,0	0,567810827669222
906,0	0,5537700506392957
907,0	0,5255039054824817
908,0	0,5218113061527981
909,0	0,5495176535793247
910,0	0,5314092970888865
911,0	0,5057339009575382
912,0	0,48190817255599216
913,0	0,48865924204634414
914,0	0,4634756638584085
915,0	0,4596209225047556
916,0	0,4600362845119967
917,0	0,4654796623611378
918,0	0,44158625579594674
919,0	0,47310737467825265
920,0	0,46938445764888703
921,0	0,4510370473001046
922,0	0,40936940181254633
923,0	0,38681510522542156
924,0	0,36221682685660683
925,0	0,34834684370778385
926,0	0,34269827514967716
927,0	0,3375258457775584
928,0	0,35124723082623427
929,0	0,3312240140120143
930,0	0,2922238080916976
931,0	0,2714665714951014
932,0	0,252248030104356
933,0	0,20387791391406437
934,0	0,20392400189750934
935,0	0,18157859565662976
936,0	0,13769636761518336
937,0	0,12215314357282041
938,0	0,130117923430791
939,0	0,13467821650322198
940,0	0,12539253205102416
941,0	0,13127511338089976
942,0	0,18562260123400887
943,0	0,14013448115213184
944,0	0,1122433415629785
945,0	0,11273418731377476
946,0	0,10908146903464998
947,0	0,08439547822854843
948,0	0,057427320202675686
949,0	0,05035701388744753
950,0	0,047680485413897335
951,0	0,009841367496394606
952,0	0,027426121507105633
953,0	0,08872053653754881
954,0	0,037597531464834175
955,0	0,02997468491528487
956,0	0,020809752895488875
957,0	0,07980845897826862
958,0	0,10148873595216665
959,0	0,13081831273187086
960,0	0,16469760351866775
961,0	0,15541284311865658
962,0	0,14285636632199886
963,0	0,1322292831513088
964,0	0,13219858595839837
965,0	0,11218587938339575
966,0	0,13564921564219987
967,0	0,14276568820382035
968,0	0,13584561979426477
969,0	0,1493936430638114
970,0	0,16757768666789866
971,0	0,15935629265607262
972,0	0,16649363073697585
973,0	0,15914033466340335
974,0	0,13352236348581084
975,0	0,10156804513289329
976,0	0,10039545276413882
977,0	0,08461446379303936
978,0	0,09638971502539175
979,0	0,13735092072471475
980,0	0,12108906847044042
981,0	0,13528438879266158
982,0	0,12749748489793486
983,0	0,15931683276926226
984,0	0,1486980516094672
985,0	0,18300085529410054
986,0	0,23263418258590168
987,0	0,28001088186255807
988,0	0,2921751119035715
989,0	0,2811729356901472
990,0	0,3039880470241053
991,0	0,30291144890800237
992,0	0,3002211308561786
993,0	0,2615092547692414
994,0	0,25458236254438976
995,0	0,22620595274383623
996,0	0,2300982332174765
997,0	0,25829221589459667
998,0	0,2839773921615546
999,0	0,29017765624059644
1000,0	0,28780196133808505
1001,0	0,30335644200131956
1002,0	0,3090249983302924
1003,0	0,32973544425255014
1004,0	0,3407436637912536
1005,0	0,31689484745726715
1006,0	0,3126165546720429
1007,0	0,33181108394106057
1008,0	0,30821020162586105
1009,0	0,2623189450380334
1010,0	0,2600439110783375
1011,0	0,32020705320276227
1012,0	0,3705743303744024
1013,0	0,35687097587104966
1014,0	0,3092913347769189
1015,0	0,3442718180299902
1016,0	0,3573598538155872
1017,0	0,3539175962298091
1018,0	0,3608126631325749
1019,0	0,35941007748284143
1020,0	0,3865598686534306
1021,0	0,38330969952702565
1022,0	0,3901304172788614
1023,0	0,4011492906529222
1024,0	0,3608869398708066
1025,0	0,33114605756550064
1026,0	0,32982697845461006
1027,0	0,3272868311165887
1028,0	0,31598339995326014
1029,0	0,2874940349368759
1030,0	0,2662585269589992
1031,0	0,28376740866806155
1032,0	0,2896356400536959
1033,0	0,2617873477663822
1034,0	0,210877934607285
1035,0	0,25042984718519373
1036,0	0,28810925918219366
1037,0	0,2823531255343528
1038,0	0,29889451598369754
1039,0	0,2981072262215369
1040,0	0,32853590899186286
1041,0	0,361729625118392
1042,0	0,3743696921654781
1043,0	0,3520837292337468
1044,0	0,37048494481840283
1045,0	0,40326964942470817
1046,0	0,40706856110796025
1047,0	0,41359240098381633
1048,0	0,4226853549327912
1049,0	0,4553118418006598
1050,0	0,5002832266738769
1051,0	0,5188367844673429
1052,0	0,5277070199793746
1053,0	0,5611936661574322
1054,0	0,563151776575289
1055,0	0,5774595441956626
1056,0	0,5840213992924552
1057,0	0,6204693516926828
1058,0	0,6104670825316498
1059,0	0,6210306211466046
1060,0	0,5950866707187971
1061,0	0,6346129235970628
1062,0	0,639258512184119
1063,0	0,6275809550276965
1064,0	0,613836085646071
1065,0	0,6352186817210264
1066,0	0,6589698795067797
1067,0	0,6658854089686436
1068,0	0,6656199204025948
1069,0	0,6504379252675022
1070,0	0,6037925851181799
1071,0	0,5872746157697686
1072,0	0,5485425121752677
1073,0	0,5575430470419394
1074,0	0,5690147915712483
1075,0	0,5794979273975708
1076,0	0,5645295393963937
1077,0	0,5453087756614229
1078,0	0,5520769665480073
1079,0	0,5727187488352724
1080,0	0,5602908458763693
1081,0	0,5482339542247532
1082,0	0,5654815605351166
1083,0	0,5386250358786856
1084,0	0,5133127119279496
1085,0	0,5364420921598005
1086,0	0,5206943088049197
1087,0	0,5181058835629443
1088,0	0,49839602347285544
1089,0	0,46185868527562546
1090,0	0,5036174631732824
1091,0	0,5026638090449614
1092,0	0,535826339368317
1093,0	0,5273759162453139
1094,0	0,5028855368208213
1095,0	0,402370973108745
1096,0	0,3962165141626215
1097,0	0,4026427717687612
1098,0	0,40601774501049703
1099,0	0,3741711331229047
1100,0	0,4019516101297668
1101,0	0,4459111458761825
1102,0	0,5032012982925793
1103,0	0,4674430873132231
1104,0	0,4192263788815228
1105,0	0,45927342316658576
1106,0	0,4530264382597104
1107,0	0,480396782787974
1108,0	0,4696489523934587
1109,0	0,5126139274939516
1110,0	0,4973761484194442
1111,0	0,5202321529630283
1112,0	0,5248430144090633
1113,0	0,5585191838674634
1114,0	0,5561312324132709
1115,0	0,58698050015608
1116,0	0,5506959962031762
1117,0	0,5521922955848693
1118,0	0,5362239221439257
1119,0	0,5645546361869347
1120,0	0,5751231111794207
1121,0	0,5687271561121542
1122,0	0,5839665193092908
1123,0	0,6094252184241604
1124,0	0,6547191132664888
1125,0	0,6464979020995498
1126,0	0,6649469181855959
1127,0	0,6687189180377238
1128,0	0,6636372376901363
1129,0	0,6467279931033438
1130,0	0,636173976752122
1131,0	0,6485462005540428
1132,0	0,6528580505487206
1133,0	0,6770188366479484
1134,0	0,7083538723428504
1135,0	0,6705403016981535
1136,0	0,6692092813659213
1137,0	0,6492470929024435
1138,0	0,6696184490012546
1139,0	0,6973603657978729
1140,0	0,7069982575542789
1141,0	0,7217271796149842
1142,0	0,7025928019872739
1143,0	0,7131519756937185
1144,0	0,7101838993899494
1145,0	0,6941113123434215
1146,0	0,6854045303740323
1147,0	0,6764190781631749
1148,0	0,6745533282541637
1149,0	0,6790676246850654
1150,0	0,6613739534823609
1151,0	0,6251504933718522
1152,0	0,6084637590314729
1153,0	0,59710055988941
1154,0	0,601039386876395
1155,0	0,6115338669792922
1156,0	0,6011148124173337
1157,0	0,5887223380299433
1158,0	0,5797523138731734
1159,0	0,592095798914701
1160,0	0,6053633968853599
1161,0	0,6383233558691583
1162,0	0,6658959061240038
1163,0	0,655682422289488
1164,0	0,6778957831931299
1165,0	0,7094926709621519
1166,0	0,6924754311542828
1167,0	0,6998014287493743
1168,0	0,6751659446682745
1169,0	0,6753810326932906
1170,0	0,6843266294976167
1171,0	0,6754803766446735
1172,0	0,7054256644212625
1173,0	0,6880662536853789
1174,0	0,6807937674005832
1175,0	0,6891500692182637
1176,0	0,6815892176127781
1177,0	0,6519652934050945
1178,0	0,6170092001530617
1179,0	0,6204896023945502
1180,0	0,6151100000353381
1181,0	0,6327230223498156
1182,0	0,5738477245165527
1183,0	0,5754593883317286
1184,0	0,6038741797954843
1185,0	0,5362426526482489
1186,0	0,5494222628856469
1187,0	0,5549340980078259
1188,0	0,5884681236909479
1189,0	0,5840253876383524
1190,0	0,603371143074635
1191,0	0,607163214002089
1192,0	0,5784924152952567
1193,0	0,5226196547633799
1194,0	0,5459259081017005
1195,0	0,5409001798889936
1196,0	0,5697680694367895
1197,0	0,6029769259627762
1198,0	0,6129413499505926
1199,0	0,5766528876733711
1200,0	0,6226803998461988
1201,0	0,6344246781591144
1202,0	0,6512230207159964
1203,0	0,6325447654910669
1204,0	0,5977175097290549
1205,0	0,579250849039769
1206,0	0,560497816404124
1207,0	0,5716154032872336
1208,0	0,5861800608050474
1209,0	0,5562230105714886
1210,0	0,49807465777158766
1211,0	0,5037004123928048
1212,0	0,4899010307630391
1213,0	0,5058145664466354
1214,0	0,4938453050395993
1215,0	0,47807580044798037
1216,0	0,5050384333232582
1217,0	0,5095134467498463
1218,0	0,5013794325800489
1219,0	0,48689471468975
1220,0	0,4567536060115019
1221,0	0,4446200991629348
1222,0	0,3840894762153717
1223,0	0,43660145069905354
1224,0	0,40593234047050814
1225,0	0,4002961915097333
1226,0	0,4059417582571561
1227,0	0,39960270334708164
1228,0	0,4103118296347491
1229,0	0,43002017004128895
1230,0	0,43974627280154377
1231,0	0,4616844212491964
1232,0	0,46775662775050275
1233,0	0,48112598693220804
1234,0	0,4764417072136784
1235,0	0,496874908807303
1236,0	0,49530365061298137
1237,0	0,5239435548875202
1238,0	0,491965697169377
1239,0	0,5019494180208208
1240,0	0,48937681545384554
1241,0	0,5107592002767095
1242,0	0,508721645471936
1243,0	0,47945252551514717
1244,0	0,5145966051521967
1245,0	0,5284138065457765
1246,0	0,5342736648894579
1247,0	0,5418885846688738
1248,0	0,5418887856390516
1249,0	0,5566776767413678
1250,0	0,5556085554358806
1251,0	0,5532830870947019
1252,0	0,5402997896716656
1253,0	0,552390624798632
1254,0	0,5107639613941432
1255,0	0,5002702260430216
1256,0	0,4925927560498717
1257,0	0,4627016739746361
1258,0	0,4318204173339517
1259,0	0,46291356569619974
1260,0	0,4710645874186246
1261,0	0,4484309861143573
1262,0	0,46875084661045807
1263,0	0,46281625335129606
1264,0	0,4548043220926744
1265,0	0,47154295593691514
1266,0	0,482748425733107
1267,0	0,5023745907154893
1268,0	0,5132991075900057
1269,0	0,5040902828738202
1270,0	0,502140102508167
1271,0	0,5247418791027159
1272,0	0,5011059941861475
1273,0	0,4516741272916755
1274,0	0,45212439711967545
1275,0	0,4457670854177718
1276,0	0,46006624745366187
1277,0	0,4518806785770572
1278,0	0,4518225115734855
1279,0	0,44378168056641143
1280,0	0,4481957463891681
1281,0	0,4121267902705665
1282,0	0,36822752828499894
1283,0	0,3786719880973515
1284,0	0,40398013481526984
1285,0	0,3898196016839155
1286,0	0,3141183574671614
1287,0	0,2282158842436572
1288,0	0,20318660019673465
1289,0	0,2666904513998321
1290,0	0,3183531691607634
1291,0	0,38978450974521406
1292,0	0,44180572648527217
1293,0	0,471734126864869
1294,0	0,4907910672816626
1295,0	0,496694551916386
1296,0	0,5175458445587837
1297,0	0,5501436441309262
1298,0	0,6080393332819096
1299,0	0,6097287958458399
1300,0	0,6006769937875291
1301,0	0,6134470903271979
1302,0	0,6007808707906745
1303,0	0,6081345363668009
1304,0	0,6257603376107214
1305,0	0,6188600869034979
1306,0	0,6346022187641549
1307,0	0,6192894379818991
1308,0	0,6157442191855566
1309,0	0,6447035840075486
1310,0	0,6445625372029505
1311,0	0,6285793271138482
1312,0	0,619294210801044
1313,0	0,6190273218680785
1314,0	0,62269686428312
1315,0	0,622201386453307
1316,0	0,6130077215906402
1317,0	0,5768644623556557
1318,0	0,6200895184290754
1319,0	0,6275092777861442
1320,0	0,6319366222085249
1321,0	0,6295001763561656
1322,0	0,6074456898763242
1323,0	0,6016203015819186
1324,0	0,6252766301432225
1325,0	0,6370888805671167
1326,0	0,6244238570390269
1327,0	0,6289893639400446
1328,0	0,6304358868109432
1329,0	0,6242688042955591
1330,0	0,6208550461142714
1331,0	0,6386407839908673
1332,0	0,6615903177474488
1333,0	0,6688597004544008
1334,0	0,6727142235331449
1335,0	0,6656777504828989
1336,0	0,6462774261651172
1337,0	0,6302311069002846
1338,0	0,6199861683088904
1339,0	0,604804740745879
1340,0	0,6061853086673753
1341,0	0,6190533105309743
1342,0	0,6450315028438521
1343,0	0,6385912480137566
1344,0	0,6428506441720473
1345,0	0,6431459064108473
1346,0	0,6346346821694175
1347,0	0,6361150586016644
1348,0	0,6413321326559562
1349,0	0,647544705602693
1350,0	0,6594225964091435
1351,0	0,6808183042552463
1352,0	0,6609584062287428
1353,0	0,6768273707341936
1354,0	0,6815142710333763
1355,0	0,661512693343408
1356,0	0,693288092195974
1357,0	0,6696303862893785
1358,0	0,6621554432129252
1359,0	0,6564256217081891
1360,0	0,6693587507870424
1361,0	0,6536366587920357
1362,0	0,6175087497762428
1363,0	0,5852537439517819
1364,0	0,6054838458842385
1365,0	0,5854801683254892
1366,0	0,6004334795068554
1367,0	0,6160471098291156
1368,0	0,6265003287549322
1369,0	0,6308028267939737
1370,0	0,6040878935237253
1371,0	0,5826641767373059
1372,0	0,5852094160803911
1373,0	0,5268601548403279
1374,0	0,4956352505921428
1375,0	0,5061458112862542
1376,0	0,5177525657283965
1377,0	0,5256405118799433
1378,0	0,5305066647713581
1379,0	0,5271542227096984
1380,0	0,5457699934854642
1381,0	0,5602205547831202
1382,0	0,5861189736617397
1383,0	0,5468818404145425
1384,0	0,5461575386200097
1385,0	0,5297723592594258
1386,0	0,5364539832497237
1387,0	0,5427826133625424
1388,0	0,5394966731240424
1389,0	0,5375328379644374
1390,0	0,5693087366143276
1391,0	0,5712550231504723
1392,0	0,555317237170794
1393,0	0,5304528212108681
1394,0	0,5052417155057971
1395,0	0,45165094241078696
1396,0	0,49067665660544674
1397,0	0,4995512848545044
1398,0	0,4974332590765371
1399,0	0,47950646844197725
1400,0	0,486840087084872
1401,0	0,477125816556668
1402,0	0,4839624851433951
1403,0	0,49377825281172394
1404,0	0,48845059309426403
1405,0	0,5053513406998243
1406,0	0,5535648972642107
1407,0	0,5372094406211531
1408,0	0,5336647677256997
1409,0	0,5400046351543442
1410,0	0,5708796557114627
1411,0	0,5835957220699792
1412,0	0,5653008672884399
1413,0	0,546628709543238
1414,0	0,5718763382983639
1415,0	0,5816554394533408
1416,0	0,5601289624950047
1417,0	0,5563644483325507
1418,0	0,5650182382674822
1419,0	0,518438175476345
1420,0	0,5243007406973627
1421,0	0,559902234723941
1422,0	0,5775589802208414
1423,0	0,5143360404900639
1424,0	0,49946576520413566
1425,0	0,4972895759543618
1426,0	0,4780581856817839
1427,0	0,49018529863268395
1428,0	0,48162305311723663
1429,0	0,455022156494757
1430,0	0,45202633949659426
1431,0	0,4929082273297934
1432,0	0,45773638790331667
1433,0	0,44235029482073956
1434,0	0,4530616443285014
1435,0	0,43113995654851683
1436,0	0,4270277438739491
1437,0	0,4524791185878678
1438,0	0,4607842648814584
1439,0	0,4877795654860002
1440,0	0,5206696669618429
1441,0	0,5249237175112201
1442,0	0,5081927892999124
1443,0	0,5039324235359061
1444,0	0,47219722815717924
1445,0	0,4647217904557202
1446,0	0,4709062621340445
1447,0	0,46171611878797564
1448,0	0,47056432380930535
1449,0	0,4463114062957434
1450,0	0,45927099308062536
1451,0	0,43562813005024137
1452,0	0,4110076586781753
1453,0	0,42212395035926814
1454,0	0,4231085165146098
1455,0	0,4201818020852661
1456,0	0,3778575428802176
1457,0	0,35392942866191834
1458,0	0,36530095538908397
1459,0	0,3537956166812303
1460,0	0,3237798261503701
1461,0	0,2939892228122122
1462,0	0,27918997038959775
1463,0	0,2628576858748126
1464,0	0,25682094335230726
1465,0	0,2607945813089862
1466,0	0,23729958280687627
1467,0	0,18138831717066406
1468,0	0,15345466979429967
1469,0	0,14186505951487566
1470,0	0,11677350227289936
1471,0	0,11652987364140642
1472,0	0,1497685302437807
1473,0	0,1554606194666721
1474,0	0,2011267454389645
1475,0	0,1620847871635503
1476,0	0,13425100258614173
1477,0	0,17027676597869873
1478,0	0,1798370129771383
1479,0	0,1631972063379547
1480,0	0,1543366282724377
1481,0	0,1861487091867312
1482,0	0,15278143054888074
1483,0	0,1607994481395517
1484,0	0,17906608431923707
1485,0	0,21788516453191029
1486,0	0,17399001736874622
1487,0	0,2054409043561955
1488,0	0,15211843937920216
1489,0	0,16438641386330483
1490,0	0,18058796976708616
1491,0	0,11689214626573416
1492,0	0,09644933372822036
1493,0	0,09855003764527241
1494,0	0,09933182306317938
1495,0	0,11298190426346667
1496,0	0,09121392191561745
1497,0	0,051954463120869085
1498,0	0,025681391809005135
1499,0	0,022340273079680967
1500,0	0,012242232471548842
1501,0	0,03825396506014464
1502,0	0,039825448101626984
1503,0	0,06466420061877885
1504,0	0,06620615488040622
1505,0	0,06193498815780992
1506,0	0,07283753805916163
1507,0	0,07538018966377386
1508,0	0,06163551808444191
1509,0	0,065430213426463
1510,0	0,0760976264035407
1511,0	0,09788664267304867
1512,0	0,11860541915961166
1513,0	0,050516145189376846
1514,0	0,023531616751420462
1515,0	0,08846823700479288
1516,0	0,07706139887460449
1517,0	0,08843367630677906
1518,0	0,12538382682623203
1519,0	0,1656799515919607
1520,0	0,22805648759962605
1521,0	0,2101151132368091
1522,0	0,23926819446584272
1523,0	0,26754794640123314
1524,0	0,29060734865219523
1525,0	0,3007222114091429
1526,0	0,320047436377605
1527,0	0,34983475769617167
1528,0	0,3325297138777698
1529,0	0,348815288280761
1530,0	0,32416281756252
1531,0	0,30704666210763615
1532,0	0,32739197267749104
1533,0	0,33055290055037684
1534,0	0,34607274944536454
1535,0	0,3817289618648875
1536,0	0,4206198609857724
1537,0	0,3875712796887393
1538,0	0,4096605310121633
1539,0	0,3982828311725921
1540,0	0,3750928113330641
1541,0	0,4113406709574013
1542,0	0,41299867690900527
1543,0	0,4339072748206965
1544,0	0,43838689664538577
1545,0	0,4428552655419157
1546,0	0,4698713514125906
1547,0	0,45414531344198666
1548,0	0,4584891608715763
1549,0	0,4692893771453243
1550,0	0,4748080869884814
1551,0	0,43634429137145164
1552,0	0,4124829582268288
1553,0	0,449527422994896
1554,0	0,45945237765996877
1555,0	0,44424745830900025
1556,0	0,470561057250332
1557,0	0,47750419640549413
1558,0	0,5451087975979373
1559,0	0,5424709080526436
1560,0	0,562427650074655
1561,0	0,5570218264277019
1562,0	0,5728785739234327
1563,0	0,5472722550068937
1564,0	0,5246577376713214
1565,0	0,5228570264259071
1566,0	0,542028007679629
1567,0	0,5411004680194947
1568,0	0,5555626974041428
1569,0	0,5393535519683238
1570,0	0,5375107384001317
1571,0	0,5517755872677162
1572,0	0,5889124297820802
1573,0	0,5609367361627723
1574,0	0,5685553410667666
1575,0	0,5525801939630723
1576,0	0,5460391718817221
1577,0	0,5156197769949061
1578,0	0,5142894091487368
1579,0	0,5276877890615901
1580,0	0,5350748122362459
1581,0	0,5112931262698437
1582,0	0,5199556766116965
1583,0	0,5257696990530457
1584,0	0,5341383894380037
1585,0	0,550572848097521
1586,0	0,5643013082671342
1587,0	0,5649018500068321
1588,0	0,543016419632527
1589,0	0,5379843294778759
1590,0	0,5154218193368678
1591,0	0,5097044317750394
1592,0	0,5213900072789291
1593,0	0,5260699353280653
1594,0	0,5343339226712011
1595,0	0,5483602543241627
1596,0	0,5560932788749848
1597,0	0,523454835371071
1598,0	0,4692276391026609
1599,0	0,499793145554337
1600,0	0,4788705541420982
1601,0	0,47256943322311484
1602,0	0,4255116817032932
1603,0	0,4197650352798377
1604,0	0,43491378323552926
1605,0	0,44764343171300863
1606,0	0,4756531096685659
1607,0	0,4339566244426278
1608,0	0,38280702131769245
1609,0	0,39186107686814603
1610,0	0,38353142654566413
1611,0	0,4100085056257293
1612,0	0,36492587011458
1613,0	0,3438153608179743
1614,0	0,3296163177417363
1615,0	0,34356400536710197
1616,0	0,3424635091492264
1617,0	0,3709546040425333
1618,0	0,3771132322984148
1619,0	0,4212545428842618
1620,0	0,4398029611691508
1621,0	0,4350515996928115
1622,0	0,4468261875326843
1623,0	0,44681634794902647
1624,0	0,43938540461276565
1625,0	0,44097525401562443
1626,0	0,4518911440507174
1627,0	0,46199504829308025
1628,0	0,47360856808712065
1629,0	0,46276517632916764
1630,0	0,46828609635952334
1631,0	0,4773468025392798
1632,0	0,46877595896559215
1633,0	0,44279774649113846
1634,0	0,4232500035317794
1635,0	0,41067306670714
1636,0	0,4418282427094031
1637,0	0,44164013493312504
1638,0	0,44624176585853764
1639,0	0,4237161930270024
1640,0	0,4005797017504412
1641,0	0,3938069266450743
1642,0	0,38985122839009845
1643,0	0,4128620181311255
1644,0	0,4099631647166594
1645,0	0,4177487148337806
1646,0	0,39215307757383444
1647,0	0,35991561035075675
1648,0	0,3288598963561918
1649,0	0,3258367317105202
1650,0	0,32246155304830887
1651,0	0,3545338406109474
1652,0	0,3768897483333152
1653,0	0,3700092912328921
1654,0	0,3713170548978959
1655,0	0,37547231891742217
1656,0	0,41323705064735505
1657,0	0,44756775521876513
1658,0	0,41404830312422614
1659,0	0,4130912479523693
1660,0	0,42315849887795315
1661,0	0,42547616870951926
1662,0	0,47000658128465594
1663,0	0,4694231592139962
1664,0	0,493119515070228
1665,0	0,49981429807900885
1666,0	0,5230121720278265
1667,0	0,5452264700359225
1668,0	0,5529616971941294
1669,0	0,579003101766363
1670,0	0,5835800335782562
1671,0	0,5829438397105079
1672,0	0,59157488624257
1673,0	0,5919926343366565
1674,0	0,6047998445661084
1675,0	0,6128143220863863
1676,0	0,6259557925026045
1677,0	0,6545951145279879
1678,0	0,6348791706963245
1679,0	0,6449272077711725
1680,0	0,6852469312171644
1681,0	0,6858510985808642
1682,0	0,7084711343843458
1683,0	0,6990020925287784
1684,0	0,7137994449787063
1685,0	0,7264608070909945
1686,0	0,6864671999337053
1687,0	0,6788436785522016
1688,0	0,664264593784829
1689,0	0,6699695865516935
1690,0	0,683524200284673
1691,0	0,6786764875893211
1692,0	0,6630436897584839
1693,0	0,6633075555718856
1694,0	0,6769603256805569
1695,0	0,6878936009261736
1696,0	0,6812278932982013
1697,0	0,6665841244449747
1698,0	0,6677797908210732
1699,0	0,6882546341707059
1700,0	0,6679942600908435
1701,0	0,6759937441850584
1702,0	0,674795350004201
1703,0	0,6698734431327402
1704,0	0,6507777569571772
1705,0	0,6567225554699642
1706,0	0,6488791720250295
1707,0	0,6452380976677783
1708,0	0,6498505866113095
1709,0	0,6351563224130398
1710,0	0,6257110593602467
1711,0	0,625064504842276
1712,0	0,6249055984652009
1713,0	0,6264791616180924
1714,0	0,6613204889710909
1715,0	0,6483183162046595
1716,0	0,6414481704060605
1717,0	0,6485369870094503
1718,0	0,6510067295096673
1719,0	0,6500590106943693
1720,0	0,6459020658856732
1721,0	0,666595844186047
1722,0	0,6730006037180403
1723,0	0,6593350955617618
1724,0	0,6564852293586225
1725,0	0,6522593405068376
1726,0	0,6739749254043725
1727,0	0,6845366606303647
1728,0	0,6933653825224698
1729,0	0,7108239416845401
1730,0	0,710264267754899
1731,0	0,6915555429980361
1732,0	0,6803969376943958
1733,0	0,6794113177038783
1734,0	0,7013214213617379
1735,0	0,7171759678398398
1736,0	0,7038740611312811
1737,0	0,708615022464422
1738,0	0,7014881740733917
1739,0	0,7251262357301322
1740,0	0,7070219741683511
1741,0	0,7005445293349976
1742,0	0,6961583843506475
1743,0	0,7205884720214025
1744,0	0,7130779619829908
1745,0	0,6964138806735606
1746,0	0,7064232703869889
1747,0	0,7074886071624188
1748,0	0,7041516441028394
1749,0	0,7125774567773716
1750,0	0,6968837966869575
1751,0	0,7165379619614889
1752,0	0,701684946697802
1753,0	0,7262187594344637
1754,0	0,7339987462805451
1755,0	0,7271519972053043
1756,0	0,7245518945642622
1757,0	0,7247695042024573
1758,0	0,725514716695598
1759,0	0,7597229060900973
1760,0	0,7536743275772646
1761,0	0,7467883343031421
1762,0	0,7501746498497217
1763,0	0,7369103245831984
1764,0	0,72015013607882
1765,0	0,703837218767226
1766,0	0,7092470643307859
1767,0	0,7013703265033455
1768,0	0,7092678967313215
1769,0	0,7081940064967467
1770,0	0,708232712454296
1771,0	0,6980178869214372
1772,0	0,7235343890634663
1773,0	0,6977635995294258
1774,0	0,7063881452943257
1775,0	0,6985983153265436
1776,0	0,7202998157720837
1777,0	0,6975083426913801
1778,0	0,6895197456110872
1779,0	0,6726483565797143
1780,0	0,7020500033738977
1781,0	0,6924325077446988
1782,0	0,6832362437597954
1783,0	0,6917489435208779
1784,0	0,6939263745855201
1785,0	0,681168917087811
1786,0	0,6878769021179456
1787,0	0,7071573829861395
1788,0	0,7254976783187611
1789,0	0,7377809379152702
1790,0	0,7257884855979936
1791,0	0,727097883339234
1792,0	0,739716358326652
1793,0	0,7319882115645117
1794,0	0,737959262809959
1795,0	0,7402357430454213
1796,0	0,7395899311808593
1797,0	0,7458851139385231
1798,0	0,7568499948367552
1799,0	0,7536147321155781
1800,0	0,742364290779147
1801,0	0,7452722631388374
1802,0	0,7485139321511286
1803,0	0,7257048667558575
1804,0	0,7551394774394783
1805,0	0,7546823872598264
1806,0	0,7492698948924271
1807,0	0,7631837287702357
1808,0	0,7688274042574542
1809,0	0,7675760480904997
1810,0	0,7690285925719397
1811,0	0,7738853293872776
1812,0	0,769729466209722
1813,0	0,7715890939621455
1814,0	0,7708387076059607
1815,0	0,7689436833615739
1816,0	0,7585553956487036
1817,0	0,7631561495863473
1818,0	0,7537696336876574
1819,0	0,7589325090328247
1820,0	0,7502876803299009
1821,0	0,7486890732465415
1822,0	0,7512017890593128
1823,0	0,7605286766572767
1824,0	0,7532885055295492
1825,0	0,7484484231437581
1826,0	0,742346821189144
1827,0	0,7192573364299397
1828,0	0,7224196888018491
1829,0	0,7284518377289373
1830,0	0,731416485843867
1831,0	0,7383324210200367
1832,0	0,7389886669039636
1833,0	0,761171979243771
1834,0	0,7302908265289798
1835,0	0,7390573718275653
1836,0	0,7598895471877911
1837,0	0,7535011314315682
1838,0	0,7304146810960437
1839,0	0,7526422949340937
1840,0	0,7405289349473976
1841,0	0,7208823334780101
1842,0	0,7007175799908496
1843,0	0,6984955142234391
1844,0	0,7094758251277077
1845,0	0,6876700851076467
1846,0	0,6858894974139511
1847,0	0,6676424791994277
1848,0	0,7050086039469655
1849,0	0,6662177187457643
1850,0	0,6816049109008633
1851,0	0,6779353478761905
1852,0	0,6821303947888074
1853,0	0,6536150262872216
1854,0	0,6683992605236265
1855,0	0,6930440317697519
1856,0	0,684394546860605
1857,0	0,6994673065240382
1858,0	0,6732376340572764
1859,0	0,6707333251379757
1860,0	0,705176515368807
1861,0	0,6882015708573367
1862,0	0,693372137201177
1863,0	0,6662227820918168
1864,0	0,6744270963699276
1865,0	0,6817104084178419
1866,0	0,681248488612937
1867,0	0,6828925440273123
1868,0	0,6713607299939569
1869,0	0,6789558139650598
1870,0	0,6850511653252631
1871,0	0,6787783342527273
1872,0	0,6853416511150352
1873,0	0,6932723190546288
1874,0	0,7011082374522675
1875,0	0,7262973063037984
1876,0	0,730709662731198
1877,0	0,7508481541915114
1878,0	0,740808869580188
1879,0	0,7670054482513297
1880,0	0,7607047378347135
1881,0	0,7700288257442481
1882,0	0,7809422998489236
1883,0	0,7548714794189131
1884,0	0,7309437199827453
1885,0	0,7379308275333822
1886,0	0,7353286160203784
1887,0	0,722164486376304
1888,0	0,7176086021368091
1889,0	0,7127362705861457
1890,0	0,7181606088176858
1891,0	0,7276757279169348
1892,0	0,735391345517598
1893,0	0,7388422350583768
1894,0	0,733987681645536
1895,0	0,7450322612822307
1896,0	0,7352537856338847
1897,0	0,7431418106536326
1898,0	0,7645158551669736
1899,0	0,7693575383861038
1900,0	0,7625653538647498
1901,0	0,7813279251407628
1902,0	0,7744875372026866
1903,0	0,764230072693747
1904,0	0,7724168678339116
1905,0	0,7782492921931496
1906,0	0,7642043755616538
1907,0	0,7680675680295431
1908,0	0,743616669008372
1909,0	0,7222884984052674
1910,0	0,7151202162799266
1911,0	0,7156846664860911
1912,0	0,7042728747375827
1913,0	0,6947173027215404
1914,0	0,6958066167676548
1915,0	0,6804743908485368
1916,0	0,6886597433129963
1917,0	0,6998641157919321
1918,0	0,7026907418940121
1919,0	0,7000394234133729
1920,0	0,7032218501977776
1921,0	0,6885426379831854
1922,0	0,6844915975454843
1923,0	0,6860508440716302
1924,0	0,6541531476843969
1925,0	0,661396424570614
1926,0	0,6403934993403321
1927,0	0,6445150894713134
1928,0	0,6472319688401618
1929,0	0,6426859984473214
1930,0	0,6372885184202725
1931,0	0,6364118583765975
1932,0	0,634120423183663
1933,0	0,6550223166438921
1934,0	0,6475402529273698
1935,0	0,6330349708585846
1936,0	0,6278578366425792
1937,0	0,6353807491880549
1938,0	0,6276748815348454
1939,0	0,6224614877398144
1940,0	0,6208293065050896
1941,0	0,6106126721718792
1942,0	0,6186084295232183
1943,0	0,6089680756023704
1944,0	0,6234041180891825
1945,0	0,5957202922623837
1946,0	0,5793567021043543
1947,0	0,5917301789266057
1948,0	0,5859305531905051
1949,0	0,582781961660109
1950,0	0,6063611420786943
1951,0	0,6312502717039336
1952,0	0,6443498472870934
1953,0	0,6404893483042347
1954,0	0,6343743543228391
1955,0	0,6520407350338769
1956,0	0,6330041339127916
1957,0	0,6661210306263217
1958,0	0,6690983164435303
1959,0	0,6731600760566112
1960,0	0,679409930149538
1961,0	0,6610510510056831
1962,0	0,6550622321162849
1963,0	0,68448971748884
1964,0	0,6722805465450687
1965,0	0,6746288773202378
1966,0	0,6506836624036171
1967,0	0,66254015543902
1968,0	0,650285465703618
1969,0	0,6480565078300378
1970,0	0,620560057186388
1971,0	0,6049552257906203
1972,0	0,5996683806621648
1973,0	0,6176257521930452
1974,0	0,6055264956805624
1975,0	0,607401185743885
1976,0	0,6147696273672572
1977,0	0,599958929970233
1978,0	0,6151673851392601
1979,0	0,6108358346028593
1980,0	0,6582499560717097
1981,0	0,6601197371412117
1982,0	0,6652717758550132
1983,0	0,6217280557613466
1984,0	0,6347658556201236
1985,0	0,5430538309692308
1986,0	0,5441531429450113
1987,0	0,5319614622732277
1988,0	0,5315115916944061
1989,0	0,5408949500679109
1990,0	0,5432227022541304
1991,0	0,5555537736155421
1992,0	0,5796314911335121
1993,0	0,5966537344289483
1994,0	0,6042993514066506
1995,0	0,6066243386602679
1996,0	0,6230540768034146
1997,0	0,6366413343704682
1998,0	0,6226045921969027
1999,0	0,5752602192638755
2000,0	0,571680159620131
