N: L: 	Density:Noise: 0,1
Time	 Va	
0,038207584812191046
0,09803076627487717
0,10725065562960535
0,11613093907275676
0,11877297960588565
0,11465710973060958
0,12057775788671374
0,11997758222763677
0,11760561703237735
0,11362802766107828
0,11706694843323197
0,12364554739376012
0,13106618248617255
0,13175912386575342
0,13055462176112362
0,1278297466670474
0,1290291310216004
0,13223640744978812
0,13975723108857974
0,15114797408833455
0,15977967873343682
0,16920030868895844
0,18319072864561325
0,19725579509920696
0,216876183651853
0,2503625066218972
0,30023868758549976
0,3253207934038285
0,34382239864614944
0,36335356042358163
0,3766665995053915
0,388759313808403
0,40159578671919005
0,41849501372967884
0,4387966498839805
0,46708381685844325
0,4990919865484691
0,5255258162472899
0,5445012226234393
0,5603503741928975
0,5755029888833118
0,5893905737103589
0,5987696187508169
0,6097212813405888
0,621367036311842
0,6279180939812847
0,6320862427525047
0,6362229946625562
0,639110696065128
0,6360045372097665
0,6405783844625624
0,6442386394688729
0,6438501520702302
0,6477143892748354
0,6487547707685091
0,6513060301198268
0,6512520530398734
0,6507295022776098
0,6507962859841285
0,649699847035597
0,6486778268215679
0,647930615659104
0,6481846162478948
0,6496883659057076
0,6492871344571907
0,6479926089843289
0,6474911762613621
0,6462321656893565
0,6466116603005714
0,6473596523313289
0,6486138386844927
0,6496612368041291
0,6654154197207084
0,6850601125683714
0,702710739006255
0,711860057377919
0,7159117226052931
0,7204286737795185
0,7234696742573491
0,7257079482437211
0,728008838666193
0,729237060455339
0,7296458203890566
0,731980700392329
0,7354254305609644
0,7379326237716202
0,7397580545012185
0,7435008595815418
0,7472922183786674
0,7557027828702347
0,763699275043269
0,7705321087140422
0,7755680029620212
0,7792007393044251
0,7810884239274903
0,7808218682058888
0,7793020854976394
0,7804212515665232
0,7802583420304763
0,7792190199459029
0,7785378986672297
0,7791729473428913
0,7787787253890113
0,7794468845934647
0,7794312911878194
0,7804037484496483
0,7794495551525042
0,7813812685655627
0,7801707999157245
0,779942826688003
0,7808445322289215
0,7820805782901056
0,783818339515544
0,7852799182921163
0,7853249228704579
0,7850117366834954
0,7859661147850507
0,7866647285088152
0,7861205556988499
0,7859429497679558
0,7850408447287798
0,7849118851753745
0,7835513533620447
0,7830485952494894
0,7820489706911361
0,7830547879179287
0,7829627706457888
0,782934027915743
0,7826347258108177
0,7814253409373979
0,7803057450436484
0,7795168345407761
0,7796594236091646
0,7801351923129308
0,7817659610948132
0,7836677631155399
0,7933422864978408
0,8127045365390109
0,8363170000298499
0,8588653797382665
0,8766184144419584
0,8879572865811517
0,8953898560356842
0,9010141909730475
0,9051471629483872
0,9072424117539122
0,9086094535828352
0,9106382051879605
0,9118367348193757
0,9130771695124678
0,9126577158076056
0,913485503616286
0,9134810442365148
0,9145100157680901
0,9143799658239258
0,915134278115492
0,9152660862644806
0,9159403777710156
0,9157241008326386
0,9156188056309921
0,9139731844590113
0,9127648829461104
0,9122429444326696
0,9134896445114731
0,9141832844173023
0,9147083535572649
0,9132905853220016
0,9134807838787147
0,9137078643909221
0,915490194601013
0,91751530108144
0,9217343038364588
0,9285027668885207
0,9390986749554904
0,9497939617525778
0,9576950809559536
0,9619734863953907
0,9656302457386146
0,9686461407390067
0,9718211945797735
0,9753856972099906
0,977682921308159
0,9798908225363038
0,9817437182162507
0,9834144925582986
0,9841151976682415
0,9848823927028421
0,985275707172332
0,9860793590214949
0,9870477414423984
0,9875813726071897
0,987861054666659
0,9885011273684741
0,9890524091840591
0,9890147242932587
0,9890362430011145
0,98906224286529
0,9893201533403368
0,9890814870039076
0,9891054404455152
0,9894469124642691
0,9891796682821883
0,9896963310310689
0,9904906694397009
0,9914950199476716
0,993058937424702
0,9945399558768451
0,9955507002880645
0,9965942922217284
0,9968728771576905
0,9973087244816976
0,9976961636984503
0,9980247271017442
0,9980434377560903
0,9982721337183676
0,9984349156025835
0,9984215586222484
0,9982811728927959
0,99812153938114
0,9983855132978269
0,9982960547949927
0,9982850403693603
0,9982544391538344
0,9983769863448319
0,9985652862173875
0,9984623425922197
0,9984809291045439
0,998675635575879
0,9986560860623984
0,9984400731443585
0,9982858516288755
0,9983183220314928
0,998392527840681
0,9983545113096568
0,9982831553193786
0,9982314684221785
0,9982305225034803
0,9982105111781076
0,9981074540963125
0,998051767365282
0,9979952502877143
0,9982281586922226
0,9982586795957226
0,9984333071102864
0,9983571143514259
0,9981294812254082
0,9981685924732104
0,9982380133402723
0,9982075101723744
0,9980603089907497
0,998101378976602
0,9981434900067788
0,9983298880857906
0,9982835370699507
0,9982929141321236
0,9983721549844949
0,9981943189592024
0,9982384885212525
0,99833162600009
0,9984020575595514
0,9982747171976109
0,998229084530469
0,9983245309873269
0,9982983282204317
0,9981522257339774
0,9981206526798277
0,9980877666393273
0,9982486499415236
0,9983707630341084
0,9983439843576504
0,9983703882685493
0,9985997162637253
0,9987097812734747
0,9987285636361332
0,9986332937170693
0,9984463242705992
0,9985074632179496
0,9985467160101109
0,9984827133705826
0,9983560862572708
0,9982258689044033
0,9981060487926368
0,9979836103831394
0,9978594456261509
0,9977826645291257
0,9976821021129451
0,9978313384963701
0,9978984651878025
0,9976467705977714
0,9977551359007741
0,9976205132089061
0,9977131640233023
0,9978084656259631
0,9976856530797473
0,9975616393314019
0,997536653186136
0,9975779504026212
0,997691725816747
0,9978223889659134
0,9976720770764951
0,9978337593402721
0,9976935413478287
0,9977028216731275
0,9976940155389121
0,9976375122125866
0,9978236506988538
0,9980322083955383
0,9981733195851552
0,9981386095614274
0,9981021231906438
0,9982288690464771
0,9983490611340514
0,9984263482862126
0,9982366231812477
0,9982893392472343
0,9983723989700888
0,9984211064088405
0,9985279113327018
0,9986000940757475
0,9986459614153265
0,9985556486821456
0,99859893524093
0,9984860598095383
0,9985352096042968
0,9984996213058883
0,9983821540749079
0,9984897001241907
0,9984916901355962
0,9985057297071749
0,9981104329610634
0,9978489741220167
0,9977819537958104
0,9978757466248315
0,9978306436236938
0,9977688907404312
0,9977984188010076
0,9976363459525821
0,9976229984299878
0,9975909233373242
0,9976539003937976
0,9975827982935297
0,9976470360800503
0,9975393791106408
0,9973323465824917
0,9974597408189347
0,9973225843378032
0,9974134875316178
0,9975481539537653
0,9977477631036356
0,9974783380591651
0,9972891530107892
0,99739054823774
0,9972007314164064
0,9970320652991165
0,9972150415405538
0,9972196479240419
0,9972274253947343
0,9967949158553444
0,9966482358719697
0,996428912941806
0,9964167139883505
0,9962681415404975
0,9964033653702862
0,9963754831692472
0,9962082104561858
0,9963253397381661
0,9963427323741557
0,9964516050942469
0,9963630439496145
0,9964808658240263
0,9964066574617404
0,9966525565065193
0,9964905211438608
0,9966295950505363
0,9965528461027682
0,996712297364275
0,9967051631080122
0,9968337529919251
0,9967880118216849
0,9965173256419536
0,9964401603457721
0,996428431508606
0,996494938464204
0,9964491506429564
0,9962724681310224
0,9962578890679582
0,9962946593684707
0,9963889561629725
0,9964578179145623
0,9966311204449256
0,9965686950104112
0,9964940734060332
0,9967439892220238
0,9967630123097027
0,9968384772780373
0,9968549575320458
0,9965707343528545
0,9964391162264719
0,9966444985241745
0,9968111427225278
0,996962429613043
0,9969683593892138
0,9968890745631744
0,9969569854450305
0,9969854864606834
0,9971693209001788
0,9976325042726117
0,9972734530462334
0,9972994739574437
0,9973644671697532
0,9973469624071503
0,9975389650016874
0,9975795507392623
0,9974962155101508
0,9973055643433326
0,9972139576660805
0,9970729227325332
0,9968458540721736
0,9968688291040205
0,9966793151694958
0,9964996362373586
0,996307593372803
0,9961519330609274
0,9959085851576585
0,9959047722530632
0,9961675222656637
0,9963288979037112
0,9959782058234772
0,995852923869286
0,9959017566802882
0,9955996227826484
0,995662375005865
0,9956295494784427
0,995718881762331
0,9954977065314593
0,9950803550387624
0,9953009251742887
0,9951334884187468
0,9953436579496371
0,9952257269501412
0,9949930294262319
0,9949572067284345
0,9948051229245725
0,9943402302581225
0,9947189241461447
0,9951297691978653
0,9952903312502844
0,9949912750843374
0,9950027023017481
0,9947260916425837
0,9948021121475632
0,9946407375683674
0,9945958297972585
0,9942886872500478
0,9941689572373694
0,9940123046478055
0,9944117632583184
0,9946005263853457
0,9945124411837495
0,9946959905765248
0,9945945225710602
0,9947556360624609
0,9947014501520027
0,994315962931335
0,9945273000104705
0,9947220899341499
0,994633426091618
0,9943102090719359
0,9946512538182698
0,9944830098007635
0,9940996184660901
0,9941380972517336
0,9943151309274878
0,9942696642892768
0,9947735470932845
0,9947093962651519
0,9943216205073768
0,994037569819689
0,9939326433861781
0,9940905739196765
0,9940940190595117
0,9942390970450324
0,9937372749794923
0,9938689743273835
0,9938744872835321
0,993822251908395
0,9939438489749125
0,9939905770170198
0,9941287492485525
0,9934610436317326
0,9932191471226248
0,9930240830852929
0,9927986457265746
0,9928989976740604
0,9931089027489386
0,9933460842389175
0,9937884062090192
0,993797451706977
0,993797147121176
0,9937907324296194
0,9941475671673272
0,9941800398731282
0,9937246739372699
0,9936903508996018
0,9938953892412593
0,9940583348635956
0,993865817984016
0,9942038054944745
0,9941201689218956
0,994176725398388
0,9941835059633533
0,9943671131541212
0,9944382962334439
0,9941366176870338
0,9938676407877257
0,9939481467281073
0,9938375271359506
0,99412736262209
0,9943009217853036
0,9939378181316294
0,9940278817070708
0,9940058318141446
0,9940998208254178
0,9939599530391582
0,9938331691270785
0,9935733488331083
0,993472953520641
0,9933849567392082
0,9932826017783217
0,9934793243553571
0,9933581759277517
0,9932169329613466
0,9929546920606693
0,9927975174186862
0,9929066321002903
0,9934013110118463
0,9936958064690247
0,9936703101362555
0,993808205343932
0,994250804895016
0,9944616139920285
0,9945514284368395
0,9946088501290017
0,9944754539652222
0,9942652249588433
0,994579101661547
0,9947683820819034
0,9944281467731017
0,9941627579308092
0,9942361557145376
0,9945046939204083
0,994303683494646
0,9943121561624194
0,9942452119482167
0,9938521017683426
0,9938169171257066
0,9940662960736928
0,9941853196972713
0,9941841698366786
0,9938349735743421
0,9936683475859134
0,993555192377455
0,9935501946723112
0,9937191618581681
0,9937254238864237
0,9932970512423164
0,9932552006628919
0,9937175759367936
0,9938495649500241
0,9936844891939677
0,993778452260954
0,9937623181444843
0,9938494338932344
0,9938586793806742
0,9936344644936571
0,9934521791741234
0,993205672253382
0,9930594525664943
0,9929687716274119
0,9921041144302403
0,9920434520927491
0,9917579315325761
0,9918484486175254
0,9916583240807183
0,9916232657550782
0,9920931385485936
0,992333697647867
0,9924418829986832
0,992456615308622
0,9921179629102695
0,9920469544766548
0,9921329968024422
0,9920674112634154
0,9920211647731018
0,9919090497683978
0,9919909710323387
0,9920419302678792
0,9918497609327558
0,9915813642190169
0,9918379659511086
0,9919081299881674
0,99186191383425
0,992236207405595
0,991604482225214
0,991487194165922
0,9911564552439105
0,9908765052997478
0,9905393502458901
0,9901522035835344
0,9905144575267859
0,990503459988285
0,9908817216736181
0,9908157601450452
0,9909945408858187
0,9907957659166398
0,9905333485178746
0,9908253728577635
0,9904381754203321
0,9905483622595187
0,9906375117747611
0,9907463875856106
0,9912295337247268
0,9912492235756785
0,9913623534420941
0,9915423119207688
0,9915408414638708
0,9914598592797434
0,990987623109533
0,9907982953185817
0,9906517714804604
0,9909378648969159
0,990866089351926
0,9906718035003089
0,9899482302672872
0,9897878154124568
0,9894854165910738
0,9896340549030134
0,9894719615992764
0,9893896219175644
0,9894158275878152
0,9895785759959145
0,9895266465329637
0,9898872844073947
0,9899879221580772
0,9902948137499428
0,9906066214639165
0,9907694289163427
0,9911418634840194
0,9913283936918731
0,9907217960699143
0,9905026761804334
0,9900362833448199
0,9901764219987604
0,9900534728112778
0,9900620384525737
0,9905153736712137
0,9910207317412203
0,9908157321324491
0,990593386437368
0,990626959952441
0,9902755341952614
0,9902328644444379
0,9898310386411517
0,9896126955834283
0,9895093890033239
0,9895150300869249
0,9890640090990004
0,9890496545574599
0,9894583398216951
0,9896070828586813
0,9890862299334049
0,9888575191766924
0,9886115221045171
0,9888494457081226
0,9890120920773182
0,9886532773594293
0,9886261841461195
0,9883830646226364
0,9887928854437862
0,9884266835754033
0,9888625114359862
0,9886986432967193
0,988449727321418
0,9883009039325782
0,9882544517719891
0,9881994407413196
0,9879562452684942
0,9882783257506296
0,9882570315165029
0,9873873505485088
0,9874775408244035
0,9877415062721983
0,9873551785677026
0,9879291001018162
0,9883571458966091
0,9884387308167828
0,9882833900554505
0,9884429291797073
0,9882883771486491
0,9881877572516051
0,9878170964094314
0,9878274897942451
0,9878503001237754
0,9880425355496869
0,988380196952723
0,9879814948259459
0,9878982706602514
0,9881615258733618
0,9881933653897566
0,9886226885049906
0,9884372293477816
0,9890314920205459
0,989509837960123
0,9898499863128465
0,9898416400661678
0,9898686267452929
0,9898326723589476
0,989663237195545
0,9893438841062929
0,9892086408255754
0,98936361226042
0,989380514027688
0,9890842777475737
0,9884098525215234
0,9889651117577938
0,9890022809460017
0,9893558397890327
0,9890532373067694
0,9888314074413034
0,9890022977446189
0,9887190182755592
0,9888793944347495
0,9892154637584122
0,9885139830968007
0,9887783481101142
0,9887088958319826
0,9884566452994943
0,9890430423648824
0,9890941703800846
0,9890808230052992
0,9888333091499039
0,9890348582689368
0,989288580791707
0,9895567335893118
0,9899907743663748
0,989517788739846
0,989646169632921
0,9898081557564438
0,9900486804935341
0,9902849908021492
0,9905520534302449
0,990391563486743
0,9903532188432531
0,99051288072142
0,9907545036041245
0,9905225308591743
0,9908686798619247
0,9911757263781243
0,9912906892231991
0,9913064018899594
0,991640951360589
0,9914575478566836
0,991656768252874
0,9919742520868043
0,9917484624124092
0,9917483769438362
0,9916611071999673
0,9916278613375166
0,9915105396769409
0,9911176838483573
0,9912648514144754
0,9912490104344419
0,9915351859979172
0,9914681931619199
0,991675531771726
0,9916022858633157
0,9915070441812845
0,9912603597935644
0,9911309457155711
0,99139576199655
0,9915951828626108
0,9918286936306064
0,991985991089138
0,9914926625355137
0,9911897569722873
0,9914567506881854
0,9912114298404741
0,9910331651171196
0,9909487017012404
0,9913066364459804
0,9916579561956357
0,9913607755561266
0,9914183333475849
0,9919039749215378
0,992117385527598
0,992194964027619
0,9925519512243228
0,9924569017940059
0,9923258597702619
0,9924049996123346
0,9926496998296781
0,9927868183925873
0,9928280364295249
0,992820065063128
0,9929016789557588
0,9931456050577253
0,99325923289345
0,9937471181403339
0,99392059523665
0,9938459756738941
0,9941643556928467
0,9944508222145904
0,9945638670098453
0,9946148091138289
0,9949326299859758
0,9953639646541234
0,9954818917374066
0,9958550043128185
0,9961863605817532
0,9964710194370094
0,9968300671673035
0,997076160143761
0,9970953752532645
0,9972850382185177
0,9974315653666531
0,9974755259399912
0,9976242647388873
0,9977590707123639
0,9977927362234404
0,997806067203377
0,9978351120991305
0,9977380781543969
0,9976847780756758
0,9977241925934894
0,9977759947602893
0,997779166440021
0,9975400163315487
0,9974475039554258
0,9972725205029513
0,9973787106303209
0,9973043601616429
0,9973458593875479
0,9974295995716218
0,9973227209160415
0,9972367705223082
0,9972523412991382
0,997354564768427
0,9974076332719766
0,9975493978480613
0,9976357631181513
0,9975794990197436
0,9977709586774917
0,9977443676151356
0,9979230208272183
0,9979807309832817
0,997885021276266
0,9976832715932856
0,9975816076834477
0,9974643500490558
0,9974430992655079
0,9976457771788413
0,9979666499091333
0,9978448104233073
0,9978378691006815
0,9978405480805165
0,997637115611501
0,9974606344567649
0,9974958474671154
0,997480537339244
0,9973831220410294
0,9972775343891226
0,9974910430998575
0,9976360110498582
0,9975678728447892
0,9975336684174645
0,9976489708306057
0,997582128660012
0,9974369097529177
0,9976931182525804
0,9977448474753873
0,9977891019589153
0,9979275580206501
0,9980051877657492
0,9980914342779013
0,9980596860679555
0,9980795723557645
0,9980136231964981
0,998013940765463
0,9979103686544486
0,9978074203662638
0,9979090802667624
0,99808595055791
0,9981049460972062
0,9980763945913952
0,9980241143639933
0,99816536923454
0,998282304932335
0,9982965051342664
0,9985216806581284
0,9986683606713361
0,9987375001932254
0,9987121975354386
0,9987595036127214
0,9988452742369499
0,9988031777558649
0,9988095950047908
0,9987702790220988
0,9987976181042248
0,9987956067162632
0,9987632957822122
0,9987721516374184
0,9987891045436216
0,9988196996686202
0,9988329448063666
0,9989288977595099
0,9988983770043185
0,9989337031483815
0,9988429892050789
0,9988074422107148
0,9987899413065271
0,9987873497597775
0,9987824908008194
0,9988183976168477
0,9987732499767051
0,9986420776370393
0,9986031957388832
0,9985093483083609
0,998445714237369
0,9984681614117819
0,9984337794155325
0,9983360152016044
0,9982161585948661
0,9980623975492452
0,9980540414614276
0,998231089813199
0,9981272856396656
0,998098581213016
0,9980253578509609
0,9981291854412095
0,9981978890414601
0,9982455921675069
0,9983796622701395
0,9983955106294712
0,9983618043276166
0,998405081838778
0,9984454761019949
0,9983866225641049
0,9984896878862269
0,9985355261964382
0,9985341720236681
0,998377365800341
0,9984009505046559
0,998310199790447
0,9982453740257247
0,9983356399260476
0,9984274719234545
0,9983531167084622
0,9983816186957672
0,998392725930584
0,9983048349983387
0,998221436684131
0,9983156927806159
0,9983120853651847
0,9983769012302995
0,9984513306353369
0,9985025438837645
0,998478163782104
0,9984733439239568
0,9984442441709251
0,9985682679325839
0,9985680417703703
0,998585152046123
0,9986542084159892
0,9986091899804485
0,9986454429024347
0,998643206651187
0,9984776764479182
0,9984388920907398
0,9984023303999526
0,9984272114404322
0,998516371422459
0,9986075086192553
0,9985918374981362
0,998555190937409
0,9985730300796088
0,9985541383299433
0,9984374374053077
0,9985022134731454
0,9984347046710436
0,9983296158437418
0,9983657272781296
0,9984415355675531
0,9984966871584579
0,9985676114783206
0,9984609188922412
0,9985079693560394
0,9985233481568971
0,9986373661918917
0,9985310137021048
0,9985742975593948
0,9985774921654536
0,998586534559054
0,99863743027177
0,9986281637281988
0,9986769192604282
0,9987680369719046
0,9987003957463969
0,9987021227930133
0,9987438673541004
0,9987142464132462
0,9987743128235866
0,9988260502282814
0,9988616798403523
0,9989079539417435
0,9989367835286692
0,9989027069239549
0,99896453882515
0,9989468600234344
0,9989526141365058
0,9990083736617628
0,9990191056322286
0,9989557478454665
0,9989143964919879
0,9989296368586029
0,9989375517659274
0,9989189117831909
0,9988629080769375
0,9988792315115446
0,9988868582270309
0,9989259046416602
0,9988755634315192
0,998911646646985
0,9989227985346107
0,9988153675055497
0,9988366979848644
0,9988144401409035
0,9988350786736091
0,9989727126776463
0,9988841738642389
0,9989244628406048
0,9989525867758215
0,9989556531554572
0,9989967590709475
0,9989792787434585
0,9989576811803035
0,9990006772687128
0,9990344677068572
0,9990670417379548
0,9991004869901976
0,9990961334762752
0,9991006773120991
0,9990664625345321
0,9991368406819803
0,9991812880945236
0,9991449641326511
0,9991224196501696
0,9994220469227044
0,9994762871413178
0,9994456999797909
0,9994678168729897
0,9994341551787074
0,9994719570305236
0,9994503930169163
0,9994101886397725
0,9994002250710166
0,9993865599785033
0,9993852095510887
0,9993961350695686
0,99941717553735
0,9994506635944658
0,9994841795309858
0,9994877680993464
0,9994410335758039
0,9993280271874436
0,9992895718419345
0,9993177291388211
0,9991700340711457
0,9990653468153612
0,9991400327678571
0,9991279069001657
0,9991140308106421
0,9990048583332085
0,9990162857376118
0,99897991137939
0,9988911679561963
0,998888394949532
0,9988707146766865
0,9989216412811633
0,9988777462491842
0,9988219692316128
0,9987227860369138
0,9988517700646408
0,9987557847876275
0,9988530859676313
0,9989067286602086
0,9988808264525155
0,9989067469339095
0,9989401750782197
0,9988112623002982
0,9986969556193411
0,9987422150262363
0,9987139150969888
0,9986010383773196
0,9986947204637577
0,998660212497617
0,9986617223063029
0,9987439993994814
0,9986099553669121
0,9986432045365211
0,998596623397606
0,9985821142978044
0,9986333316986885
0,9987277000124547
0,9986924089717083
0,9987565338963463
0,9989188392091471
0,9989572243908478
0,9989627496279305
0,9990776355439666
0,9990469538591115
0,9990752986563539
0,99920010312326
0,9990743636207707
0,9990016298458408
0,9989602510044255
0,9989376175511397
0,998927644910369
0,9990018452726409
0,9989482739405314
0,9989626432592545
0,999032784226851
0,9990564302689253
0,9990366345724551
0,9989659047253299
0,9988508386560868
0,9988439130866563
0,9989875133781533
0,9990595270927931
0,9989190035414373
0,9989619998407732
0,9989665775478405
0,9990058680367724
0,9990716975942419
0,998994945147048
0,9990324326431068
0,999127568759474
0,9991140135976472
0,9991258069877099
0,9991603326557408
0,9991018666249741
0,9991589636886264
0,9990014438517618
0,9989819044085656
0,9990478750890103
0,9991489255324257
0,9991501100489685
0,9990895552861657
0,9992052554867942
0,9992686349198429
0,9992089751261651
0,9992133338417523
0,9991519886586081
0,9991188162559326
0,9992406107031068
0,999273205231307
0,9992374717672204
0,9993300951559023
0,9993794727836091
0,9993749193216694
0,999388605217223
0,9993803687007125
0,9993921773756009
0,9994301881364783
0,9993634443523747
0,9993507735517668
0,9993713483683062
0,9994074823251922
0,9994199197196606
0,9994765722154595
0,9994814377021972
0,9994603180307142
0,9994827716626778
0,9994489309121564
0,9994296537433663
0,9993635826391865
0,9992940088193006
0,999358275359751
0,9993740234882048
0,9994369485275102
0,9993637038492347
0,9992521348930015
0,9991780353093326
0,9991173262469757
0,9992477600708753
0,9993531963244872
0,9994032641073195
0,9993829297414437
0,9994451504110894
0,9994518509921061
0,9994507643921109
0,9994841616702235
0,9994712307750881
0,9994117976338028
0,999401244476044
0,9994129350981154
0,9994719610639845
0,9994838564388951
0,9994894751397726
0,9994871757166879
0,9994870601928265
0,9995179462282151
0,9994748684136746
0,9994834050598376
0,9994761672874768
0,9995052569670702
0,9995358429596634
0,9995308702545994
0,9995419115490898
0,9995553829089305
0,9995307939960932
0,9995222585948605
0,9995717128433927
0,9995432032435565
0,9995355155211345
0,9995323967060595
0,999585495763222
0,9995687932309758
0,9995511985766105
0,9995128200077539
0,9995245937322418
0,9995465245468597
0,9995757949746765
0,9995390080200984
0,9995771666825434
0,9994897250196672
0,9995083483718338
0,9994935132377991
0,9995024343959076
0,9995173469294958
0,9995353937861888
0,9995488700227069
0,9995192669334279
0,9995285160489012
0,9995467678615864
0,9994895013943437
0,9995014872821637
0,9995176466385474
0,9995436214545719
0,9994944895892524
0,9994834224526564
0,9994892989825318
0,999468554577609
0,9994780078481525
0,9994462204695924
0,9994713010052868
0,9994893990336412
0,9995037621778926
0,9994610210516304
0,9994256318835701
0,9994197755405334
0,9993439623183449
0,9993475831990957
0,9993926203223654
0,9994066388907196
0,9993414783389386
0,9993009174037839
0,999355092508921
0,9993972882301104
0,9994170024277419
0,999411420326484
0,9994177867212239
0,9993902243498227
0,9993115903105368
0,9993914262517175
0,9993410310205332
0,9992734461040295
0,9993702196420515
0,9993394483238893
0,9992884545322169
0,9993053654948583
0,9992948704744813
0,9992650113841844
0,9992821785966992
0,9993387563389798
0,9993495483153997
0,9993449773380475
0,9993919537570402
0,999349456925178
0,9993881322637935
0,9992649587314334
0,9993011446586333
0,9993664089251734
0,9994316916897582
0,9993330374031928
0,9992869367604255
0,9993250612257112
0,9993729590434114
0,9993826018868202
0,9993674650390814
0,9994424957543995
0,999459910223028
0,9994291365620519
0,9994201418607507
0,9994079812319641
0,9993740154924983
0,9994175704352515
0,9993691855995811
0,9993753373635542
0,9993577016131001
0,9993853124053411
0,9994105144820727
0,9994373482176246
0,9994049315159947
0,9993854187876624
0,9993244421546246
0,9993227583069388
0,9993592190721022
0,9993489048491054
0,9993961177821465
0,9993244412989837
0,9993585725653729
0,9993454843648911
0,9992922750479851
0,9992508129532658
0,9992458075182966
0,9993003593301856
0,9993118008579968
0,9992770556226277
0,9991994486502782
0,9990204463456969
0,9991403181480484
0,9990190200273584
0,9989017622094218
0,9988792666568292
0,9988006090908781
0,9989321450995339
0,9989982286811192
0,9989700521998405
0,9989645723582767
0,9989652793663699
0,9988971552670998
0,9989078566219908
0,99888323801664
0,9989811736992835
0,9990023242647628
0,9989284101463868
0,9988244791090025
0,998821723991689
0,9988047485897734
0,9987252909558928
0,9988219225963303
0,9988824932497838
0,9988647266686596
0,9988975515058759
0,9988114686305025
0,998929933153094
0,9987777508866335
0,9987298827456615
0,9986644371169837
0,9987082978207424
0,9986829301048115
0,9987205714724735
0,9987368243341891
0,9987144971372216
0,9987579204429373
0,9987948769123957
0,9988340313279859
0,9988153368142578
0,9988029415524671
0,9987065664409187
0,9987732207810457
0,9988487517467415
0,9987927266784035
0,9987917351177694
0,9987750465306343
0,9987968670053503
0,9987051388800416
0,9986364894189347
0,9987001410024522
0,9987050299974193
0,9987769299077045
0,9987226927609749
0,9988376628898451
0,9988649513127369
0,9988811866449211
0,9990111244137532
0,9989783494861678
0,9989321795038932
0,9988921936332656
0,998980901058986
0,9990190801198185
0,9988688078992211
0,998785557422547
0,9987650897281449
0,9987397841585928
0,9987638700006626
0,9989209009290002
0,9989503611016503
0,9988590176387189
0,9989395935014027
0,9987744726560984
0,9987508947254772
0,9986904447269358
0,9986416735825776
0,9987109591270621
0,9985795057329482
0,9986347216007758
0,998587166964064
0,9985314124258987
0,9985024030476028
0,9985152241524512
0,9984261955952553
0,9984786265444128
0,9984916332385755
0,9985235697211032
0,9985713505735719
0,9985160156624059
0,9984493385978055
0,9983342539424844
0,9981723768572837
0,9982260749461231
0,9980940053282633
0,998240060104681
0,9980444507594303
0,997952073623176
0,997876888353102
0,9977404255243314
0,9978108033714397
0,9978242624887639
0,997888862624276
0,9978737610468892
0,9979424746165169
0,9978247764683885
0,9977076355456627
0,9977849422210157
0,9976902950614268
0,9977166813136764
0,997449321605213
0,9973148952978728
0,9972377137791711
0,9970651938204959
0,997029898461507
0,9971295653911111
0,9972747940392429
0,9973200438883926
0,99738524673855
0,9974277167762792
0,9974268249493461
0,9972836449868224
0,9975871255553462
0,9976328105533643
0,9976023925705233
0,9975971604983531
0,9977476598854176
0,9978035872689197
0,99806871153925
0,9982822742892492
0,9982494989033547
0,9981802166470858
0,9981473960230628
0,9980542382790984
0,99807203802332
0,998045410266364
0,9980763881158052
0,9981981481559743
0,9982554043374289
0,9983803157015361
0,9983583199706458
0,9984555183095861
0,9984195527124917
0,9983591330613327
0,9982963836249751
0,9982709070921164
0,9983332512710307
0,9982984826799127
0,9981143331348925
0,9980659954996108
0,998031835862251
0,9979276465807988
0,9979453103606004
0,9979191127102668
0,997975690906885
0,9977762435355484
0,9977667369553349
0,9976219404222032
0,9975653647641651
0,9977119960699803
0,9976065829444895
0,997655644870323
0,9975499790478368
0,9975981353613411
0,9974073271168808
0,9975370032947555
0,9974382087209623
0,997137497265888
0,9969596255012636
0,9970644209010463
0,9969703354042289
0,9969068633292493
0,9965917695402761
0,9966525139881014
0,9967996070140764
0,9966344077757062
0,9965985635722259
0,9967050355093929
0,9967816191087757
0,996713030400222
0,9965812944290308
0,9966193518183217
0,996458356742941
0,996741300679008
0,9966475130372779
0,9966336890829441
0,9970419829199108
0,9971799371403518
0,99718426562472
0,9971445054913778
0,9971778280091871
0,9972661086412578
0,9971014308957885
0,997120641749511
0,9970623282939097
0,9973212136802292
0,9973720120467648
0,9971571467288262
0,9971661562772242
0,9971637184831739
0,9972308331172416
0,9972139940866314
0,9975198780634814
0,9973680508136914
0,9972225797632583
0,9969866190335787
0,9966886455613132
0,9967071611612843
0,9966246838268934
0,9966778692935289
0,996736733302578
0,996734403575814
0,996870166481582
0,9968581027932045
0,9969391003139203
0,9969712750671966
0,9969577019488162
0,9969404211786822
0,9970117391080134
0,9967748551370544
0,9968603832397827
0,9970035925837054
0,9969627521692692
0,9969049841168305
0,9969316581356299
0,9970149325732415
0,9970675568028597
0,9965044832408559
0,9963901375277778
0,9962404407717529
0,9960311759122088
0,9961625669242448
0,9960923758292721
0,9960054458504802
0,9959207421559555
0,9958851930174688
0,9958774547716909
0,9960851977266058
0,9958317535932912
0,9955985752353316
0,9956913063142773
0,9960390816735106
0,9962080665988552
0,9963966248469239
0,9966007721306525
0,9967434141438053
0,9967252588477631
0,9968836591971899
0,9969693391432818
0,9969419006117614
0,9969605421465835
0,9970224499663265
0,9970277721936751
0,9969979607626301
0,9970604860572118
0,9969198061152837
0,9967195521518413
0,996436719989148
0,9963600560393818
0,9965370177048316
0,9965092609937911
0,9964553825332831
0,9963662038670418
0,996893878613973
0,9968950735232057
0,9970890144707554
0,9972774468380247
0,9971645771289473
0,9973865264987708
0,9974145881250809
0,9975432312315414
0,9975206730350573
0,9975009514894669
0,9973005755079379
0,9972590924041436
0,9973663576223917
0,9975308699206928
0,9976231346154516
0,9976217907097051
0,9976628324549036
0,9975455290220804
0,9973333970297287
0,9973928666277989
0,9975789825758307
0,9975566690206359
0,9976492610993942
0,9977265505739015
0,998006690669116
0,9981881834932916
0,9981323225790242
0,9981886810229034
0,9980443682457607
0,9978735856283881
0,9979739609655166
0,9981390554121117
0,9982446595623966
0,9980998905238124
0,9982046461220286
0,998214894561986
0,9982242277220899
0,9982436479809832
0,9983763026003288
0,9984099541702252
0,9984528816872191
0,9984226363474731
0,9985774266073683
0,9984782191088676
0,9984685114860953
0,998571343934566
0,9985840644997639
0,9985901388453438
0,9987464825276944
0,9987809771051412
0,9988031377595842
0,9989180383846539
0,9989732953842025
0,9989979863415308
0,9990713801110244
0,9991313104113234
0,9991098302208331
0,9991823754963146
0,9991949937357191
0,9992297800753982
0,9992423463684783
0,9992478196364274
0,9993056897286499
0,999327811782617
0,999320484850473
0,9993592421718261
0,9993851229788873
0,9993553856205641
0,9993835953778958
0,9993978259258969
0,9994051297469616
0,9992860688474071
0,999275622364288
0,9993363511148438
0,999285509723723
0,9993542749467438
0,9993848293923475
0,9994035240719411
0,9993416964427217
0,9993420526336302
0,9993730667023637
0,999291979097333
0,9992837830157623
0,9993233042853601
0,9993320355760367
0,9993359460194661
0,9993106386217611
0,9993223498842294
0,9993025717165464
0,9993405852440725
0,9993553541398097
0,9993531537347481
0,9993140358451454
0,9992767636399659
0,9992853098421011
0,9992595432142218
0,9992064413593627
0,9992684050400779
0,9993134183130936
0,9993392345693782
0,9994211324730284
0,999384687353693
0,999366306392316
0,9993619431390824
0,9993816229203801
0,9994139689215557
0,9993479054162869
0,9994096931962475
0,9994012524536908
0,9994690158413341
0,999486834477247
0,9994935414230115
0,9995138076581633
0,9994830073919923
0,9994370073014128
0,999444725534749
0,9994517933081595
0,9994503591449869
0,9993660839913503
0,9993867149719265
0,9993726512642036
0,999383891077035
0,9993474042964721
0,9993464393815166
0,9993412508828933
0,9993073987805499
0,9992812235390117
0,9992914536431977
0,9992637257807917
0,9992832447865064
0,9993042132710526
0,9992849467422668
0,9993353016181934
0,9993374630410684
0,9992605284425288
0,9991971016022825
0,9992085034243633
0,9991937486680552
0,9990901559498357
0,9991348501840539
0,999078332122769
0,9991084527198184
0,9991370127892639
0,9991353114418536
0,9990985294369389
0,9990599599647763
0,9990188614889566
0,999025442552348
0,9988952121323759
0,9989610580953558
0,9989602694992796
0,9989165959500357
0,9989675042655937
0,9988951651161613
0,9990106029479372
0,999033619401248
0,9990437523732484
0,9989592941408817
0,9989562798293309
0,9990301289744841
0,9990732090858074
0,9989937370121356
0,9988822812796151
0,9989188689501991
0,9990133344081689
0,998974979025577
0,9990050566922242
0,999046261992928
0,9989882241128677
0,9990382796634963
0,9989685326276996
0,9989161438675398
0,9988889304898345
0,9988650879636929
0,9987265804744514
0,9987059187082822
0,9986818152815722
0,9986100872580185
0,9986206044514533
0,9986730149214742
0,9987487901420748
0,9987249787762714
0,9988135167918359
0,9987865593145159
0,9989038144550821
0,9988227599708012
0,9988103628074236
0,9988521101648096
0,9988552215122497
0,9988234516461268
0,9988329055926708
0,9987516973737078
0,9988095246281857
0,9988652828460224
0,9987936118740022
0,9987294336069757
0,9987066078802994
0,998817526471103
0,9988587831071136
0,9989263438921642
0,9989796671976074
0,9989742759916886
0,9989113554289419
0,9989536109779491
0,999050263634107
0,9990732754529461
0,9991586242558413
0,9991632442218122
0,9991864755463558
0,99911681973546
0,9991108905216252
0,9990975679094721
0,9990367205431743
0,9990441734890991
0,9990466910138903
0,9990049104331038
0,9988394287389162
0,9989605809616223
0,9989541623841222
0,9989563202590568
0,9990530570574736
0,9989616947390417
0,9989240076155457
0,9987620993280719
0,9988337933733485
0,9986878639336135
0,9985518416064559
0,9985873614952706
0,9985124403494403
0,9984294978615996
0,9985107068480875
0,9984930553437502
0,9984437520572215
0,9982664525279791
0,9983188330944073
0,9983904321966737
0,9984324239408093
0,9984256276589718
0,9984558428278051
0,9985016241970806
0,9985191509485376
0,9984052481842383
0,9984178865843827
0,9984364410915847
0,9983322016148599
0,9984705148929988
0,9984912841659016
0,9983579610268484
0,9984350068313994
0,9985159539383086
0,9986475426024869
0,998640618555224
0,9985277508318864
0,9984034112254304
0,9985355154174882
0,9983574179020562
0,9983790097107779
0,9983068193307076
0,9982320229674256
0,9983720761345636
0,9985100560111303
0,9985644540664286
0,9985572784009878
0,9985032306301892
0,9984750150852454
0,9984759943561814
0,9984988545336966
0,9984449174026275
0,9984648035562416
0,9982931972355676
0,9983075216360274
0,998460168207082
0,998451925069797
0,9984234191547112
0,9984232436889945
0,9984563843593192
0,9984312375799741
0,998393596605265
0,9983575470910955
0,9982696096024973
0,9982951187434903
0,9981787399511525
0,9982450215197918
0,9983010825824339
0,998231997839083
0,9980884566156063
0,9981626694531212
0,997985181121722
0,9980612700436666
0,9981344469498384
0,9980962320072787
0,9981439845563863
0,9982171755903624
0,9980548860434045
0,9980142999536841
0,9979018912620738
0,9979892837489531
0,9981689937168666
0,99820742998917
0,9981516376318353
0,9982172464720228
0,998332152229383
0,998480483991316
0,9985573180344204
0,9986011222110718
0,9984709135479231
0,998468460586852
0,9985767927406468
0,9986326210540186
0,998596898410669
0,9986716733693474
0,9987859724892713
0,9987500935311362
0,9988301555772521
0,9988587430445472
0,9988631625803196
0,9989168157229288
0,9989714521314832
0,9989377358621302
0,9989347846946246
0,9989383293295723
0,9989851157069144
0,9989149602474766
0,998940026974059
0,998997964410743
0,9989241178061602
0,9989637665345958
0,9990728030000637
0,9990824655895236
0,9990668497658686
0,9990777348615557
0,9991377476327579
0,9991557137588175
0,9990398836455987
0,9990891587526165
0,9991093032678654
0,9991623597209168
0,9991205102999601
0,9991648306470106
0,999168077098105
0,9991613201226731
0,9991614798867727
0,9991520953238304
0,9992214742289683
0,9992196368412438
0,9991498009819001
0,999141889809386
0,9991017694477875
0,9990350019073754
0,99903659209185
0,999025841315566
0,9990477233086604
0,9990003588240712
0,9990122823909621
0,9990091884578787
0,9989906359866031
0,9990319073678195
0,99897288077821
0,9988643866324552
0,9989335453266579
0,9988331830103468
0,998774119618391
0,9988752024739743
0,9987734390630354
0,9987335375386539
0,9988080271263409
0,9987468748713562
0,9986880986754734
0,9986077582119687
0,9985249448175165
0,9985095251492874
0,998582785134997
0,9985208703453493
0,9985851670354812
0,9984949974302807
0,9984161844536291
0,9982699721022213
0,9982546299567296
0,99841898571907
0,9984300309484749
0,9984334867438251
0,9985453350647743
0,9984616566033754
0,9985206986832392
0,9984937536396337
0,9985411968532271
0,9985811312743345
0,9985398994007764
0,9986275997896756
0,9985912037226015
0,9986063256164788
0,9986163742327122
0,9986667536428997
0,998618301324562
0,9985150685320743
0,9985203618555915
0,9985165341830023
0,9983366966815652
0,9986497778202921
0,9987919097675968
0,9988058617731695
0,9988478015975536
0,9990127929987335
0,9990390452506435
0,9991048271424097
0,9991405963756141
0,999188092406066
0,9992283438703964
0,9993076027248535
0,9992985078148434
0,9992204159106068
