N: 1000,0	L: 25,0	Density:1,6	Noise: 2,0
Time	 Va	
0,0	0,013746130852130337
1,0	0,014061935693066992
2,0	0,036908677931525705
3,0	0,05775934111054549
4,0	0,043443310502012375
5,0	0,08699273813297391
6,0	0,12703378762777595
7,0	0,12462054361440818
8,0	0,11552128816204438
9,0	0,12388675238257935
10,0	0,11259168218431827
11,0	0,14701189848904228
12,0	0,13493699405048998
13,0	0,13786409981499542
14,0	0,12022511242830222
15,0	0,1046220478592886
16,0	0,10016861540443975
17,0	0,09143342759122332
18,0	0,06838000784996345
19,0	0,07174602473637452
20,0	0,052604921417795526
21,0	0,04505443457841821
22,0	0,06105964358047505
23,0	0,08024586738550538
24,0	0,08038481810498592
25,0	0,09162842599784247
26,0	0,097614573534171
27,0	0,1317897019620096
28,0	0,156096132699985
29,0	0,18717211195008637
30,0	0,20417482543863008
31,0	0,25082043926175357
32,0	0,2448768373189733
33,0	0,2660290947339145
34,0	0,2699457007233989
35,0	0,2726950648391462
36,0	0,2790895851731255
37,0	0,29928798869321144
38,0	0,28166681560072876
39,0	0,2747594922025577
40,0	0,26531437947087766
41,0	0,28447130656192476
42,0	0,30176790402475306
43,0	0,2953879427703486
44,0	0,3450095909125256
45,0	0,3655659469126727
46,0	0,4225656555672327
47,0	0,4589397931153367
48,0	0,4664349123501547
49,0	0,5041388471822035
50,0	0,5247721060192851
51,0	0,4986587132839453
52,0	0,5140504706575617
53,0	0,4970729344149463
54,0	0,5117736226883117
55,0	0,5177458427015553
56,0	0,5210640867159413
57,0	0,54791288616001
58,0	0,5387459755933075
59,0	0,5523602969586772
60,0	0,5404729815472248
61,0	0,5647652292957843
62,0	0,586067520004533
63,0	0,5850598995903482
64,0	0,5667129946803134
65,0	0,5801411346548803
66,0	0,5521929696017516
67,0	0,5435279098369763
68,0	0,5387931805274758
69,0	0,544241439055893
70,0	0,5271589463803694
71,0	0,5147870940421654
72,0	0,5090435355719067
73,0	0,502411172935937
74,0	0,520965182620741
75,0	0,538045715269171
76,0	0,5385106858333508
77,0	0,5722504598474131
78,0	0,5788991449128963
79,0	0,590669663841031
80,0	0,5982525373182928
81,0	0,6132275755228331
82,0	0,6267552547091968
83,0	0,6187393563870155
84,0	0,6393702516830025
85,0	0,6436621187066475
86,0	0,6459966123931452
87,0	0,6506260731411345
88,0	0,6611977505163443
89,0	0,6451897548112443
90,0	0,629506246405827
91,0	0,6397985668619455
92,0	0,633506346360198
93,0	0,6115491446230217
94,0	0,6077235419250717
95,0	0,6266371761997488
96,0	0,6287727496951128
97,0	0,6494315623029249
98,0	0,6639519780547173
99,0	0,6671081639874953
100,0	0,7155636744511558
101,0	0,7137989375256565
102,0	0,7033398130607748
103,0	0,699338318969014
104,0	0,7003916813943445
105,0	0,7389895860810912
106,0	0,7310646279384995
107,0	0,7248213101915635
108,0	0,7436156057184797
109,0	0,7675605485923582
110,0	0,7740820719697278
111,0	0,7675786640871383
112,0	0,7359823193963292
113,0	0,7332171329315387
114,0	0,729808114994199
115,0	0,7419287765308591
116,0	0,7261662686937868
117,0	0,7268201252222881
118,0	0,7277597506788394
119,0	0,7274813473711629
120,0	0,7543292617496956
121,0	0,7520829428235848
122,0	0,7549038000333549
123,0	0,7623364929722524
124,0	0,7600809409510716
125,0	0,7660957191933725
126,0	0,7569737678481673
127,0	0,7597789714525892
128,0	0,7364240861643956
129,0	0,7058349968731503
130,0	0,7214453803501596
131,0	0,7068220944754373
132,0	0,6898936176614027
133,0	0,7036935913552382
134,0	0,6774334506105879
135,0	0,6854503637659131
136,0	0,6647762527112513
137,0	0,655594223356796
138,0	0,6592402413732447
139,0	0,6490620606313483
140,0	0,6315578173621159
141,0	0,6453067267360171
142,0	0,6181221187988613
143,0	0,6134346234774286
144,0	0,6153312852596623
145,0	0,6223099100934735
146,0	0,6235762780708469
147,0	0,6384742965454429
148,0	0,6377437231852742
149,0	0,6463109410708975
150,0	0,6570236221631849
151,0	0,6642591031527629
152,0	0,6638483462117635
153,0	0,6884761104749164
154,0	0,6931413679134104
155,0	0,6934527531296842
156,0	0,6802379006478028
157,0	0,6700130935285067
158,0	0,6654346741101775
159,0	0,6929432285255145
160,0	0,6760666679585744
161,0	0,6712849279164683
162,0	0,6736093203405839
163,0	0,6945311082832524
164,0	0,70315359274315
165,0	0,7169959599752266
166,0	0,7186448958406847
167,0	0,7439415538102412
168,0	0,7214050109479586
169,0	0,7407962117229984
170,0	0,7281531593444994
171,0	0,7361992434315147
172,0	0,7335493866732872
173,0	0,7246031908875528
174,0	0,7147414768049443
175,0	0,7127061661108622
176,0	0,7334117124566188
177,0	0,740783009500913
178,0	0,7410234414159433
179,0	0,7500291662301081
180,0	0,744573859544633
181,0	0,7362050957740082
182,0	0,7168243489717457
183,0	0,7248054225724008
184,0	0,7204188859115854
185,0	0,7222626999030569
186,0	0,7070898670388875
187,0	0,704708816807175
188,0	0,7111443066963328
189,0	0,7045992067946806
190,0	0,6801000628494419
191,0	0,68715130512007
192,0	0,6807309016105436
193,0	0,6769491208934872
194,0	0,6814382101660412
195,0	0,665464335430807
196,0	0,667252668868976
197,0	0,679593926710766
198,0	0,6766070309954797
199,0	0,6982170936946199
200,0	0,7018000296921061
201,0	0,7155570002359495
202,0	0,7216252208749468
203,0	0,7082177815384091
204,0	0,6948664620763193
205,0	0,7240683989028661
206,0	0,7172567891274304
207,0	0,7079447782661495
208,0	0,716718489925784
209,0	0,7129268326243173
210,0	0,7153231286125723
211,0	0,7058028413702289
212,0	0,7128884068561903
213,0	0,6873098284538577
214,0	0,6721082934188135
215,0	0,6941034907088909
216,0	0,6849720649750827
217,0	0,6760246321767127
218,0	0,6853544460383996
219,0	0,6650325456233823
220,0	0,6474643069218987
221,0	0,6666063922509049
222,0	0,6551130176650253
223,0	0,6464300648770791
224,0	0,6672180753268471
225,0	0,6880950758406306
226,0	0,669411876313415
227,0	0,650394505245259
228,0	0,6948031406565733
229,0	0,7003612462039334
230,0	0,7224785467749947
231,0	0,7298882467569501
232,0	0,7323368858968048
233,0	0,7273015597020259
234,0	0,7266002416697654
235,0	0,7158877811582808
236,0	0,70592646013115
237,0	0,7346333133919256
238,0	0,7287036164014721
239,0	0,7057170786926183
240,0	0,7092882836843053
241,0	0,7033354247003122
242,0	0,7004505657186288
243,0	0,6985935778198855
244,0	0,7069890514336025
245,0	0,6932403741121231
246,0	0,6701080888400133
247,0	0,685671937456386
248,0	0,7020980214551781
249,0	0,6921703878465285
250,0	0,6881246506198878
251,0	0,6736501155404756
252,0	0,6698408799828222
253,0	0,6727611681754421
254,0	0,6889238602981386
255,0	0,6947580651518557
256,0	0,7046950410065536
257,0	0,6943308367004288
258,0	0,6753755942996361
259,0	0,6782441207567617
260,0	0,6477952376074814
261,0	0,6471689130524892
262,0	0,6285439196105423
263,0	0,5912833472862721
264,0	0,6018068518670017
265,0	0,6023237286144414
266,0	0,6190245968340669
267,0	0,6213005549273305
268,0	0,6398354202530717
269,0	0,6438061189664909
270,0	0,6412590937784742
271,0	0,6089812479646984
272,0	0,6270205621915611
273,0	0,6299001271960588
274,0	0,6115647836845702
275,0	0,6143413297307473
276,0	0,6120060346528672
277,0	0,6003719687153268
278,0	0,5513657280307082
279,0	0,5587117270244012
280,0	0,55454912829087
281,0	0,5270399472202693
282,0	0,5825497723997367
283,0	0,6003737488957539
284,0	0,6366574233447786
285,0	0,6471060216915583
286,0	0,6625378618071894
287,0	0,6891363556626909
288,0	0,6948055281494452
289,0	0,7293690786558055
290,0	0,7251130361690706
291,0	0,7251225132429907
292,0	0,7408366133891029
293,0	0,7562793427681456
294,0	0,7680810771129063
295,0	0,7702866745617152
296,0	0,7572555599076538
297,0	0,7464274266230452
298,0	0,75970915599528
299,0	0,7503483811453237
300,0	0,7386996400715534
301,0	0,7477007748400243
302,0	0,7640831154643418
303,0	0,7653860317363588
304,0	0,7641578885580556
305,0	0,7677366281423855
306,0	0,7675298792317536
307,0	0,7722592829571436
308,0	0,7805587680309831
309,0	0,7599003625589448
310,0	0,7513256045659307
311,0	0,7610140703166143
312,0	0,7583137820538651
313,0	0,7574171106644005
314,0	0,7697320280849819
315,0	0,7414377057566142
316,0	0,7629643793391985
317,0	0,7624793986830471
318,0	0,7576956683689385
319,0	0,7670233975473871
320,0	0,7711229931865043
321,0	0,760668998759795
322,0	0,7711038795997124
323,0	0,7688560922791674
324,0	0,751670129970157
325,0	0,7628279515504104
326,0	0,7438810995459486
327,0	0,7404632071168762
328,0	0,7390855579833269
329,0	0,7249578712206544
330,0	0,7161829698913937
331,0	0,7142675347140178
332,0	0,7054304925968514
333,0	0,7098442406668671
334,0	0,7045231637576761
335,0	0,687727365760918
336,0	0,6858802962167889
337,0	0,6796272892501745
338,0	0,6892068461497233
339,0	0,6959011564807454
340,0	0,6989058767751737
341,0	0,7052361433803465
342,0	0,67428395915639
343,0	0,678634145111299
344,0	0,6781647732498176
345,0	0,6929572355294326
346,0	0,6782506790231159
347,0	0,6721372783847124
348,0	0,6826902399986334
349,0	0,6787604823970802
350,0	0,6757360430904747
351,0	0,6949494823377464
352,0	0,688924522837727
353,0	0,709909764143999
354,0	0,7085005829195832
355,0	0,695783493145132
356,0	0,6699553591983577
357,0	0,6673443267371643
358,0	0,6601218408943454
359,0	0,6604461708703938
360,0	0,6674476298557569
361,0	0,6692049399030103
362,0	0,6821749353777692
363,0	0,6726259026481279
364,0	0,6819464379060222
365,0	0,6974539985831228
366,0	0,7060871574665607
367,0	0,7107959389551891
368,0	0,6877585072658626
369,0	0,6776179796032671
370,0	0,6527466804309617
371,0	0,6447002546887988
372,0	0,6465038223890389
373,0	0,6356009041588002
374,0	0,6456002259591296
375,0	0,656443196395679
376,0	0,6640559580026233
377,0	0,6517266268898494
378,0	0,6438294502244991
379,0	0,6703146854917982
380,0	0,647670861731584
381,0	0,6851156618620454
382,0	0,6838896148325159
383,0	0,6915701851851748
384,0	0,6536460270403575
385,0	0,6328137761823521
386,0	0,6164088342552
387,0	0,6258923355643679
388,0	0,5983457116034198
389,0	0,5743644300431494
390,0	0,5808920346822795
391,0	0,5778440596352816
392,0	0,5487554133288299
393,0	0,5401127440790884
394,0	0,5659890735946428
395,0	0,5570962091770305
396,0	0,5582594297705138
397,0	0,5807454053499781
398,0	0,55105589109075
399,0	0,5085165334751242
400,0	0,5069967164210052
401,0	0,48794827816944936
402,0	0,4803675879880822
403,0	0,46840053887106864
404,0	0,4849010834936207
405,0	0,496769089810813
406,0	0,5171796656783428
407,0	0,562624708877372
408,0	0,6039386467593083
409,0	0,5954300387313539
410,0	0,6095139580015888
411,0	0,6000586465283398
412,0	0,588478906977547
413,0	0,5807644674495097
414,0	0,5648641651485351
415,0	0,5774052014788805
416,0	0,6258774750634121
417,0	0,6416356626047502
418,0	0,629394123912294
419,0	0,6135931551103185
420,0	0,629890534025476
421,0	0,6287753520156186
422,0	0,6030391841723518
423,0	0,6006720616205282
424,0	0,6123556772932554
425,0	0,6039644492094982
426,0	0,5822907042948587
427,0	0,6108695893921582
428,0	0,5998102550560319
429,0	0,6081003553526113
430,0	0,5982768962127212
431,0	0,6246996287442083
432,0	0,6424741944681273
433,0	0,6597658578355421
434,0	0,6574363792490744
435,0	0,661308860263256
436,0	0,6428622351745562
437,0	0,6564858033505344
438,0	0,633277498822031
439,0	0,6366145375986335
440,0	0,636318224822714
441,0	0,6644398681292139
442,0	0,6471340189819041
443,0	0,6544943046384349
444,0	0,6081497321812631
445,0	0,5822246258750452
446,0	0,5859099406304442
447,0	0,5679776358482609
448,0	0,5747269052612991
449,0	0,5523424615170608
450,0	0,5427938965130168
451,0	0,5770318403976665
452,0	0,5943804743839649
453,0	0,5632175300890498
454,0	0,5645289524090806
455,0	0,5817475540673975
456,0	0,5919851960655074
457,0	0,578564874641881
458,0	0,5733409660747146
459,0	0,5806053189716397
460,0	0,5814199291361103
461,0	0,5884453673941447
462,0	0,5664569625472802
463,0	0,5560483832610782
464,0	0,5471812765410674
465,0	0,5278528565232156
466,0	0,4970502646466189
467,0	0,48181033757937314
468,0	0,4801518859021876
469,0	0,45032747443501675
470,0	0,46088847161753904
471,0	0,5012832296445379
472,0	0,5161968091592289
473,0	0,5483310389165708
474,0	0,5347992167149536
475,0	0,5525576998249236
476,0	0,5767847605271958
477,0	0,6220841659363049
478,0	0,6185295424888803
479,0	0,6363513378013362
480,0	0,619075283230675
481,0	0,6278595796774007
482,0	0,6209371466092108
483,0	0,6019860960236666
484,0	0,6132687906153526
485,0	0,6115480456954823
486,0	0,6015710676352707
487,0	0,614796025111232
488,0	0,6214480870877213
489,0	0,6323631676182097
490,0	0,6225460920629082
491,0	0,6321459726517314
492,0	0,6314944050975136
493,0	0,5909890452154298
494,0	0,5838901699086887
495,0	0,6000670829296884
496,0	0,6310422432692326
497,0	0,6389988243439892
498,0	0,6327529306990499
499,0	0,6512859929184943
500,0	0,6446143119056456
501,0	0,6346852738876106
502,0	0,6317561266960806
503,0	0,6172135403493222
504,0	0,5922252491750972
505,0	0,5940549059903006
506,0	0,5962805616934213
507,0	0,5733523807269355
508,0	0,5591816526961881
509,0	0,562752837190852
510,0	0,5399407681248679
511,0	0,5389902642764235
512,0	0,4938170829167837
513,0	0,5119005841978118
514,0	0,5210643141564529
515,0	0,5313494912065703
516,0	0,543833734840968
517,0	0,5364836589192487
518,0	0,5045983396632979
519,0	0,5221460210123736
520,0	0,5392306563871566
521,0	0,5639447520881369
522,0	0,5637868729336336
523,0	0,5368530476046944
524,0	0,5424333792224917
525,0	0,5397457041267685
526,0	0,5458074889363945
527,0	0,551488977961371
528,0	0,5988677574650917
529,0	0,6126494507756758
530,0	0,6155813826276406
531,0	0,617340436083695
532,0	0,6339507118627302
533,0	0,6198586130357226
534,0	0,6256278556787754
535,0	0,623084182912668
536,0	0,6131097606154489
537,0	0,6293569616464159
538,0	0,6537984835240864
539,0	0,6443163193786188
540,0	0,6636650059555343
541,0	0,6525562501381742
542,0	0,6692960334337622
543,0	0,6661750977681095
544,0	0,6763925214254649
545,0	0,6611983773552854
546,0	0,6351779265266492
547,0	0,5882088831383356
548,0	0,5913713147198236
549,0	0,5689137330779562
550,0	0,5709984197471307
551,0	0,5550615606720275
552,0	0,5588618074580408
553,0	0,5740934075093393
554,0	0,5870446802900716
555,0	0,5809307333538151
556,0	0,559448896070386
557,0	0,5900598608098867
558,0	0,5833049733860256
559,0	0,5955578455361163
560,0	0,6309326019776648
561,0	0,6025992343764509
562,0	0,6060052532617086
563,0	0,6287486638572798
564,0	0,6344669240719037
565,0	0,608196474647066
566,0	0,6143779940602517
567,0	0,5907911491234918
568,0	0,610995275555506
569,0	0,5985887477233092
570,0	0,567224470657858
571,0	0,5647296664012681
572,0	0,556215762746408
573,0	0,5717840790918726
574,0	0,5492540537172046
575,0	0,5467471172047369
576,0	0,5320799787521391
577,0	0,5689228807240588
578,0	0,5992795382836302
579,0	0,5965540547211335
580,0	0,5465542613938998
581,0	0,5404846716914617
582,0	0,5267816463550962
583,0	0,5254863594854616
584,0	0,5290986682296283
585,0	0,5292592350349552
586,0	0,5395785301842602
587,0	0,5187676439738415
588,0	0,5438544390175807
589,0	0,5328220539799208
590,0	0,523292600007716
591,0	0,5496836292672377
592,0	0,5425214499155419
593,0	0,5220906202160001
594,0	0,5348525517792578
595,0	0,5025825177717845
596,0	0,4979324633061023
597,0	0,5137240962769206
598,0	0,49356319135310806
599,0	0,48342369552041475
600,0	0,48662534658693773
601,0	0,47948069910440133
602,0	0,48990271537277447
603,0	0,5024919945824144
604,0	0,46962294284489453
605,0	0,48618912605979886
606,0	0,4917386376115341
607,0	0,524397702121436
608,0	0,5180942430581422
609,0	0,5148069333116014
610,0	0,5222635093674407
611,0	0,49593489735596535
612,0	0,47851873631816433
613,0	0,46924651336822837
614,0	0,4769012863408914
615,0	0,4657539327724435
616,0	0,47999471250462866
617,0	0,4780305013417573
618,0	0,4761328745760406
619,0	0,4446599337477693
620,0	0,4325390529592792
621,0	0,42729479086476185
622,0	0,4303592178164003
623,0	0,41328464039794405
624,0	0,4201892637225522
625,0	0,4386541315755135
626,0	0,4508488871102528
627,0	0,459145651853482
628,0	0,4444383913037303
629,0	0,43649968704132314
630,0	0,4591384292205931
631,0	0,44518855761343
632,0	0,41570721868953586
633,0	0,37956828886022737
634,0	0,378644019851366
635,0	0,36993271157133367
636,0	0,3666144630025664
637,0	0,3671102566058958
638,0	0,35559276944566554
639,0	0,33322606921787734
640,0	0,3421494852814238
641,0	0,3691370103682609
642,0	0,39371325241091876
643,0	0,4017800229250359
644,0	0,44846201811150765
645,0	0,4450933966410048
646,0	0,44183845416666334
647,0	0,47295731904731353
648,0	0,48556559131931437
649,0	0,4915991408148397
650,0	0,5030904208561341
651,0	0,5077440510489706
652,0	0,5189550960393697
653,0	0,5369954382373147
654,0	0,5298017537475846
655,0	0,5066886360811861
656,0	0,5279925922336081
657,0	0,5403022336118323
658,0	0,550055151016413
659,0	0,5564324125203947
660,0	0,5526315708483002
661,0	0,5869581712472759
662,0	0,5613185771765539
663,0	0,5725978008909166
664,0	0,5919530895899658
665,0	0,5775935168331023
666,0	0,5702426893388249
667,0	0,5525009507185923
668,0	0,5268996280240381
669,0	0,527936612432182
670,0	0,5070277748819211
671,0	0,5221757634217267
672,0	0,5404028905244863
673,0	0,5448303431968596
674,0	0,5834544063458487
675,0	0,5933715364720131
676,0	0,6183909852082474
677,0	0,6272184078681168
678,0	0,6137002802447374
679,0	0,606076114852617
680,0	0,5926666555937071
681,0	0,5902672667607549
682,0	0,5825912704961289
683,0	0,6290497666509026
684,0	0,6154657338421058
685,0	0,589360722143691
686,0	0,5841114074718436
687,0	0,5831888455812094
688,0	0,5906403466935827
689,0	0,5722912397582004
690,0	0,5961010210610065
691,0	0,5853487442128564
692,0	0,6027506804284357
693,0	0,6009095583158394
694,0	0,5884381732411108
695,0	0,5688386960158675
696,0	0,5486541549934225
697,0	0,5281089390374353
698,0	0,5047041200127558
699,0	0,5209041514121598
700,0	0,5158364605363605
701,0	0,518097309805022
702,0	0,4861521673869772
703,0	0,5111172811124794
704,0	0,4941842205219146
705,0	0,5162330103873645
706,0	0,5297826858002843
707,0	0,517225383941381
708,0	0,49737609275800065
709,0	0,4971156496893296
710,0	0,49001920965943213
711,0	0,48897784915610004
712,0	0,5014658079935846
713,0	0,4954788678641808
714,0	0,5153394490352838
715,0	0,5256642927397817
716,0	0,5184228372163243
717,0	0,5093000408877646
718,0	0,48781464242925515
719,0	0,5197440703085788
720,0	0,49793930247949664
721,0	0,4880309052534822
722,0	0,46552617230524473
723,0	0,45344458230209456
724,0	0,46000192873332196
725,0	0,4634464718490247
726,0	0,44997536705751107
727,0	0,43139123522856804
728,0	0,4235547655457305
729,0	0,4480533089349882
730,0	0,39971708246990073
731,0	0,38105264794011995
732,0	0,35611046915011757
733,0	0,3386879258036843
734,0	0,29932839321954696
735,0	0,30482896504960344
736,0	0,3102202740688811
737,0	0,29376520577308635
738,0	0,29610164109620796
739,0	0,3205282612863751
740,0	0,29238008066006543
741,0	0,2704270164667666
742,0	0,25596733937400284
743,0	0,24886355759617776
744,0	0,2533590199281402
745,0	0,22175454572615785
746,0	0,20951461401662877
747,0	0,17326499407714235
748,0	0,1547043678579806
749,0	0,18809450803148944
750,0	0,17486526142333675
751,0	0,18324758585754014
752,0	0,13064115186272662
753,0	0,10078943673838041
754,0	0,1058924674775671
755,0	0,14334458068643227
756,0	0,13847113857982293
757,0	0,1656379752254149
758,0	0,16019938498428407
759,0	0,16833282338614913
760,0	0,16686892582093665
761,0	0,21232936364088317
762,0	0,17862454941661796
763,0	0,17758278132931898
764,0	0,17443090661560523
765,0	0,1701931625709293
766,0	0,17317400203290578
767,0	0,1519391632847579
768,0	0,14584805308848045
769,0	0,12923424225222532
770,0	0,16357419220105182
771,0	0,17400221479548186
772,0	0,18987251886952927
773,0	0,1710420428639414
774,0	0,21342027906239514
775,0	0,23402399299150223
776,0	0,2771732366719799
777,0	0,2763650718575655
778,0	0,29438738455163843
779,0	0,25643371804141263
780,0	0,24040169446031148
781,0	0,2504917386949665
782,0	0,2680542113382983
783,0	0,25163441691361355
784,0	0,24737548911753662
785,0	0,2299415511750952
786,0	0,23275671894531522
787,0	0,2352851626379319
788,0	0,2348395000193567
789,0	0,23823638172170974
790,0	0,248149625290336
791,0	0,22929726796621097
792,0	0,2110927664754936
793,0	0,18797864819922608
794,0	0,1472625264753561
795,0	0,12638131608783604
796,0	0,1407839418968813
797,0	0,18437013048644094
798,0	0,201179789876155
799,0	0,2690430037946115
800,0	0,2785982504493667
801,0	0,2659504972374404
802,0	0,2841811039856903
803,0	0,309219340118374
804,0	0,32582891409911363
805,0	0,3503106175008908
806,0	0,3729301688439588
807,0	0,38837717400014143
808,0	0,416609369143824
809,0	0,4177781266697705
810,0	0,40358942414512616
811,0	0,4047236121186629
812,0	0,42325887987572575
813,0	0,4083272205449664
814,0	0,4011616990636253
815,0	0,39375330361074756
816,0	0,38228917330954276
817,0	0,3726678661260906
818,0	0,36738563141244585
819,0	0,36260727106103813
820,0	0,3762846202235628
821,0	0,43417122209304704
822,0	0,43724263999192964
823,0	0,4432561051993874
824,0	0,46692640581036216
825,0	0,4490319792508428
826,0	0,42783143280843955
827,0	0,43260070369898757
828,0	0,41093353707447466
829,0	0,4258647733938158
830,0	0,43475580142504666
831,0	0,39939257782859683
832,0	0,4349498249085639
833,0	0,4306494425995091
834,0	0,4430250675396321
835,0	0,47036623969380126
836,0	0,44387154386993816
837,0	0,43940708830169534
838,0	0,44048848804053997
839,0	0,42330123781687573
840,0	0,3923094918455275
841,0	0,38930936992222825
842,0	0,3891387574594973
843,0	0,3926593018051137
844,0	0,3894434403901676
845,0	0,3898693725297831
846,0	0,39243709588341974
847,0	0,40683419014469335
848,0	0,41841482106680145
849,0	0,4552061226047633
850,0	0,38549925979053973
851,0	0,3965507290746942
852,0	0,41696568747157525
853,0	0,4145698280144724
854,0	0,3801347229740452
855,0	0,36029987600453933
856,0	0,37065458009935576
857,0	0,3647589288150856
858,0	0,35441138050119964
859,0	0,3611868995942036
860,0	0,3635324772306547
861,0	0,34558853159966596
862,0	0,3545180971016966
863,0	0,34624098262841213
864,0	0,36429744968607525
865,0	0,3578177261785406
866,0	0,3505849631363907
867,0	0,39146787235136243
868,0	0,4166132748267283
869,0	0,4177168059095871
870,0	0,42953573902401443
871,0	0,4053542144272696
872,0	0,39678124881613247
873,0	0,4130750417551529
874,0	0,4424726726043771
875,0	0,4362809925766841
876,0	0,4459426447962363
877,0	0,4781048936493014
878,0	0,5184278779725652
879,0	0,5052370716680122
880,0	0,49446657651908815
881,0	0,5300754050635021
882,0	0,5406001870423877
883,0	0,5522000622109879
884,0	0,5438031583162335
885,0	0,5350802129409437
886,0	0,5461453289237984
887,0	0,533329619146077
888,0	0,5171861510489054
889,0	0,5244269398818044
890,0	0,5099657467262598
891,0	0,5180957550329064
892,0	0,48917256721440067
893,0	0,48763303694868265
894,0	0,4774867672568666
895,0	0,4943090163260924
896,0	0,4988660809935851
897,0	0,5211869558994344
898,0	0,5452667118179038
899,0	0,534232197923657
900,0	0,5404982822606921
901,0	0,5532070389546377
902,0	0,5317223643573894
903,0	0,5196732998078117
904,0	0,5308070082411278
905,0	0,5492294850129679
906,0	0,545044289206775
907,0	0,513249531211059
908,0	0,5001536336867003
909,0	0,4993941850390224
910,0	0,48702634110781967
911,0	0,4900752254006935
912,0	0,4870397802977824
913,0	0,48741530049547416
914,0	0,4931015143810339
915,0	0,5194891039975187
916,0	0,5111053628542046
917,0	0,5205958883673645
918,0	0,517902596190749
919,0	0,5178492738713271
920,0	0,519001277268315
921,0	0,5169894043308105
922,0	0,5154934521711051
923,0	0,5168245824075167
924,0	0,5125480781761647
925,0	0,49948184098353104
926,0	0,4862868775548955
927,0	0,4857467923850597
928,0	0,48110769233227546
929,0	0,4728893939490935
930,0	0,45348080424804105
931,0	0,4618645246375896
932,0	0,4329902703870487
933,0	0,42884726270567164
934,0	0,4239910964089751
935,0	0,4184807358357678
936,0	0,4420396078864049
937,0	0,4515889675298974
938,0	0,46367280111264125
939,0	0,46720959735110806
940,0	0,4712570700185765
941,0	0,42729550418367507
942,0	0,42883637810182546
943,0	0,4340852935007302
944,0	0,4316375275676551
945,0	0,4187314593243219
946,0	0,37014489323198335
947,0	0,347704648503683
948,0	0,34223676620817045
949,0	0,3766988958507306
950,0	0,38239477065898536
951,0	0,3746685426274243
952,0	0,38101031686198744
953,0	0,3559737815619959
954,0	0,3744014855286065
955,0	0,3323123375612824
956,0	0,3316516642088303
957,0	0,3281577011029203
958,0	0,30860273437651203
959,0	0,2966914238546837
960,0	0,32358687654022344
961,0	0,2971902902197214
962,0	0,26533138280656243
963,0	0,2787426319088564
964,0	0,2893210748019204
965,0	0,2788129811257302
966,0	0,2891651699144009
967,0	0,305492430766796
968,0	0,307143991641884
969,0	0,30483644474821925
970,0	0,31495099122316234
971,0	0,29385270811455755
972,0	0,34521992205529334
973,0	0,4199674577329589
974,0	0,464308064121214
975,0	0,518172036959968
976,0	0,5536660503337624
977,0	0,5275117060472496
978,0	0,543297421259336
979,0	0,5332793293961846
980,0	0,531117638212677
981,0	0,5416084320932156
982,0	0,5286852280403885
983,0	0,5279632349112958
984,0	0,5412233252507809
985,0	0,5439270333840918
986,0	0,5414029370546208
987,0	0,565473357196562
988,0	0,5799830272618577
989,0	0,5886607926874245
990,0	0,5873350456693075
991,0	0,6093248239507324
992,0	0,5982987052049981
993,0	0,6257036510521867
994,0	0,6113239479107586
995,0	0,6344376673841358
996,0	0,6311039231597206
997,0	0,6373160449297818
998,0	0,6222673754597077
999,0	0,6313807223012038
1000,0	0,6210810954892856
1001,0	0,646014344403428
1002,0	0,6275831160996915
1003,0	0,6387861018440807
1004,0	0,6290764708652563
1005,0	0,6251944454209544
1006,0	0,6065915640585093
1007,0	0,5779956793114114
1008,0	0,5982710564900322
1009,0	0,6197405328529574
1010,0	0,60709402257459
1011,0	0,6145300788355543
1012,0	0,6421409838941057
1013,0	0,6714902228806624
1014,0	0,666095038519106
1015,0	0,6744621001371007
1016,0	0,6927049321792328
1017,0	0,6746440366795313
1018,0	0,6640866164930963
1019,0	0,6516617543362802
1020,0	0,6481012269652074
1021,0	0,6725446989401463
1022,0	0,666951210950362
1023,0	0,6825980717882514
1024,0	0,6725167692519237
1025,0	0,6786425939398089
1026,0	0,6792600545971893
1027,0	0,6883203431184702
1028,0	0,690585798504298
1029,0	0,6885712165272008
1030,0	0,6940345891938584
1031,0	0,658528351008185
1032,0	0,6531609274777663
1033,0	0,6651633435725187
1034,0	0,643804969097961
1035,0	0,6460224395020954
1036,0	0,6525634633871088
1037,0	0,6330720234192476
1038,0	0,630532711539354
1039,0	0,6459532475742894
1040,0	0,6159660551049243
1041,0	0,6415497949079648
1042,0	0,6555989612765133
1043,0	0,6691056838135337
1044,0	0,6564680596348664
1045,0	0,675704792014023
1046,0	0,6762218032681672
1047,0	0,699930936989618
1048,0	0,6821456912613926
1049,0	0,6445457090553265
1050,0	0,6598633889169255
1051,0	0,6608266136472033
1052,0	0,6255599966278705
1053,0	0,6259098069288731
1054,0	0,6333852179678471
1055,0	0,6196416129702632
1056,0	0,5998266823615149
1057,0	0,6002637225579893
1058,0	0,5986850141532829
1059,0	0,5859831294940948
1060,0	0,5831385334648487
1061,0	0,574382419564909
1062,0	0,5689604163563212
1063,0	0,5762837309772755
1064,0	0,5721234233734084
1065,0	0,5736833579175584
1066,0	0,5558326421773642
1067,0	0,5419179595542243
1068,0	0,5371359001514121
1069,0	0,5765918310908139
1070,0	0,5748684049677503
1071,0	0,5766817408076665
1072,0	0,5744086944024004
1073,0	0,5720871446336521
1074,0	0,598497876249978
1075,0	0,6065200287551726
1076,0	0,6380051484003431
1077,0	0,6460364052094927
1078,0	0,635548758705709
1079,0	0,6366900372816129
1080,0	0,6721705790633943
1081,0	0,6564532736953065
1082,0	0,6817963821317505
1083,0	0,7005955811715134
1084,0	0,7196179555519028
1085,0	0,7225459438879765
1086,0	0,7337698966803982
1087,0	0,7181619650579808
1088,0	0,7246398451970344
1089,0	0,7169065846735692
1090,0	0,7344071705475819
1091,0	0,7282396090768475
1092,0	0,7163404303564536
1093,0	0,7012095718710242
1094,0	0,6672609935628315
1095,0	0,6932992570695036
1096,0	0,708546842507448
1097,0	0,7027621319158031
1098,0	0,7056594676659974
1099,0	0,7115813303443831
1100,0	0,7277330732498433
1101,0	0,732611435116421
1102,0	0,7446123591437666
1103,0	0,7461045896590213
1104,0	0,7535837274311624
1105,0	0,7441456683910519
1106,0	0,7477871628001563
1107,0	0,7576772075008853
1108,0	0,7547428571018291
1109,0	0,7613834388984055
1110,0	0,7483613263742309
1111,0	0,7491458422679768
1112,0	0,7593639145184703
1113,0	0,757273448912993
1114,0	0,7639592480717103
1115,0	0,778083124696333
1116,0	0,7622646290352784
1117,0	0,7670070419437193
1118,0	0,76208270929409
1119,0	0,7538095320793529
1120,0	0,7248131344627458
1121,0	0,7219357140067213
1122,0	0,7192046998440584
1123,0	0,7386278840538408
1124,0	0,7545025885916279
1125,0	0,7423138265508726
1126,0	0,745694402954296
1127,0	0,7507014033478943
1128,0	0,7419975993531469
1129,0	0,7616683763882397
1130,0	0,7498450929294406
1131,0	0,7635146504026441
1132,0	0,7550746814964409
1133,0	0,753407039773839
1134,0	0,7408370145940769
1135,0	0,7461861316579647
1136,0	0,7504564650058624
1137,0	0,7505437162694856
1138,0	0,755196142169753
1139,0	0,7595190336193043
1140,0	0,7895376408349473
1141,0	0,7869302980316137
1142,0	0,7879427405458015
1143,0	0,7782411460600757
1144,0	0,7682521839430481
1145,0	0,7526645011627204
1146,0	0,7683572878671527
1147,0	0,7569885654643693
1148,0	0,7717022496597414
1149,0	0,755903701631014
1150,0	0,7455849291296041
1151,0	0,7411651672064546
1152,0	0,7556323922501024
1153,0	0,7547036364514029
1154,0	0,7632373251662145
1155,0	0,7714902428107522
1156,0	0,7583825977419558
1157,0	0,7511300970118063
1158,0	0,7584695827324188
1159,0	0,7332149024079068
1160,0	0,7364772124923696
1161,0	0,7429093137918962
1162,0	0,7455550807754115
1163,0	0,7500787745546578
1164,0	0,7415548067964544
1165,0	0,7496713784825284
1166,0	0,7461609300232906
1167,0	0,7363298302663044
1168,0	0,7546430355591317
1169,0	0,7579959665867171
1170,0	0,7660252847399681
1171,0	0,7617184051318585
1172,0	0,7584333435776075
1173,0	0,7590495028854586
1174,0	0,7487067798136091
1175,0	0,7404273443364856
1176,0	0,7335986388878483
1177,0	0,7196733626322379
1178,0	0,7322358968641799
1179,0	0,7266074558091934
1180,0	0,7376530255134606
1181,0	0,7324237717876952
1182,0	0,7399738595520073
1183,0	0,7376237853501313
1184,0	0,7408945046482516
1185,0	0,7316903367552607
1186,0	0,722024142334258
1187,0	0,71997809659995
1188,0	0,7276624370118642
1189,0	0,7315983229283752
1190,0	0,7071584741154567
1191,0	0,726469686580898
1192,0	0,7286788920698721
1193,0	0,7167723225895916
1194,0	0,6916555515596926
1195,0	0,6996987136394401
1196,0	0,711098397684212
1197,0	0,6874296289923586
1198,0	0,6970139215168633
1199,0	0,699323289563203
1200,0	0,6790189646008937
1201,0	0,6691733399239109
1202,0	0,6521939750599965
1203,0	0,6506129058012551
1204,0	0,6576659079680788
1205,0	0,6639645398547277
1206,0	0,6690838684174243
1207,0	0,7037713423963893
1208,0	0,703570697095087
1209,0	0,6766800864881233
1210,0	0,6698429781805404
1211,0	0,6734855727109555
1212,0	0,6872993326348048
1213,0	0,675858579870885
1214,0	0,6954593681408137
1215,0	0,7119980910165987
1216,0	0,6800664807867486
1217,0	0,695549458109541
1218,0	0,7024013031528508
1219,0	0,7005886315299109
1220,0	0,7125337081518569
1221,0	0,7048372836589505
1222,0	0,7272105227258243
1223,0	0,7246613579716381
1224,0	0,7423673540940066
1225,0	0,7354251834539711
1226,0	0,7327311117707406
1227,0	0,7329044408855159
1228,0	0,7355597920242454
1229,0	0,7344037658781203
1230,0	0,7297922306228787
1231,0	0,7233793742803665
1232,0	0,707286095360958
1233,0	0,6931445158540122
1234,0	0,6955155245110448
1235,0	0,6901575596490994
1236,0	0,6958022237117649
1237,0	0,703994716007164
1238,0	0,7087512307661983
1239,0	0,7156597047770659
1240,0	0,7100956974519467
1241,0	0,7358594406613831
1242,0	0,7479147192988032
1243,0	0,7418613273351184
1244,0	0,7699271865830768
1245,0	0,7605926631874159
1246,0	0,7534400428895666
1247,0	0,7429501788735483
1248,0	0,7283236282746907
1249,0	0,720064850194144
1250,0	0,7310940957965805
1251,0	0,7561646089843698
1252,0	0,7436299016495411
1253,0	0,7490829298493215
1254,0	0,7497335531203145
1255,0	0,7349617166473997
1256,0	0,7309437176586605
1257,0	0,734092437967398
1258,0	0,7282025413177421
1259,0	0,723103741594458
1260,0	0,7362303898809992
1261,0	0,7607030048118929
1262,0	0,7567832321811532
1263,0	0,747511097401947
1264,0	0,742475245998475
1265,0	0,7419319796083809
1266,0	0,7352980507064214
1267,0	0,7508231738410903
1268,0	0,76230428986732
1269,0	0,763736748680466
1270,0	0,768116021942909
1271,0	0,7714925337790637
1272,0	0,7547689945203784
1273,0	0,7502211745597127
1274,0	0,7688576110613564
1275,0	0,7351328781583938
1276,0	0,7450648324476096
1277,0	0,7296461881818946
1278,0	0,7488261977674582
1279,0	0,7465608802458102
1280,0	0,7322097398605912
1281,0	0,7337232549057002
1282,0	0,7175875478614896
1283,0	0,6888448955436058
1284,0	0,7006847533201709
1285,0	0,7005947580998482
1286,0	0,6978207930206962
1287,0	0,6934739042003838
1288,0	0,6918169399564733
1289,0	0,6806791944396182
1290,0	0,6838386407499771
1291,0	0,6724879747226238
1292,0	0,6774632178901945
1293,0	0,6840848480226376
1294,0	0,6919961123262515
1295,0	0,7126238551367835
1296,0	0,6915079262550107
1297,0	0,6841568981870301
1298,0	0,6875344424839411
1299,0	0,6948619477545326
1300,0	0,705158432572753
1301,0	0,7098709404796604
1302,0	0,709450637328482
1303,0	0,7255714743610819
1304,0	0,714937450052258
1305,0	0,7284655986630499
1306,0	0,7435322046578459
1307,0	0,7491852285062344
1308,0	0,7473744302982245
1309,0	0,7484712867359338
1310,0	0,7523805062177242
1311,0	0,7436254998037694
1312,0	0,74432198884354
1313,0	0,7457316503580076
1314,0	0,7425789979176669
1315,0	0,7380139145292066
1316,0	0,7379360095859262
1317,0	0,7455403182527641
1318,0	0,7314594014010054
1319,0	0,7246999414390913
1320,0	0,7184961712198947
1321,0	0,7181183680288867
1322,0	0,708569852360014
1323,0	0,7123901633404324
1324,0	0,695090557878005
1325,0	0,6999117291125455
1326,0	0,7076743988386031
1327,0	0,7080085787996827
1328,0	0,7060735804854845
1329,0	0,7065555329636231
1330,0	0,7005103591154274
1331,0	0,7105374574812457
1332,0	0,720480747519468
1333,0	0,7022214413256197
1334,0	0,702506567782616
1335,0	0,6980071233299654
1336,0	0,6858759055509392
1337,0	0,701296348250293
1338,0	0,7042719094322414
1339,0	0,6990141598601621
1340,0	0,7076055212503637
1341,0	0,6896525390769206
1342,0	0,7007092175522808
1343,0	0,6986183623384993
1344,0	0,689685351971319
1345,0	0,7001258117445952
1346,0	0,7049920925061053
1347,0	0,7102605139831315
1348,0	0,7158855368401512
1349,0	0,7106310924039235
1350,0	0,7189869881300809
1351,0	0,6872425836154705
1352,0	0,6744656689900924
1353,0	0,6992445907595278
1354,0	0,6837097413725303
1355,0	0,6940184227605543
1356,0	0,6936613812712399
1357,0	0,6991010463554931
1358,0	0,6816782789575571
1359,0	0,679925402890572
1360,0	0,6842214072848997
1361,0	0,6778942021178005
1362,0	0,6591572403792192
1363,0	0,6519380514541043
1364,0	0,6496834545394589
1365,0	0,6498281121890997
1366,0	0,6382642695015704
1367,0	0,6143637402308813
1368,0	0,6173870246875087
1369,0	0,5959758564284094
1370,0	0,6053764315053266
1371,0	0,5905685666161397
1372,0	0,6114260502927961
1373,0	0,611255429380239
1374,0	0,6235515854802589
1375,0	0,6171698099751897
1376,0	0,6217661957270705
1377,0	0,6087642411824677
1378,0	0,5922688290144963
1379,0	0,5778323498004373
1380,0	0,5877160781924161
1381,0	0,5908890527308557
1382,0	0,6195234833852099
1383,0	0,6422480642913044
1384,0	0,6560849285781888
1385,0	0,6643312701339962
1386,0	0,6680794565239494
1387,0	0,6341904391163294
1388,0	0,5986456293646334
1389,0	0,603181640133269
1390,0	0,5927214640216855
1391,0	0,5473689280936163
1392,0	0,5703443973260102
1393,0	0,5584231308980165
1394,0	0,5491952895094401
1395,0	0,5496727615067593
1396,0	0,5719915084202315
1397,0	0,543829576337223
1398,0	0,5309848577232729
1399,0	0,5366063651682175
1400,0	0,5380494300541518
1401,0	0,5409877014743459
1402,0	0,5623569328852331
1403,0	0,6035798342207047
1404,0	0,5792166886782484
1405,0	0,548370794185251
1406,0	0,5521579147453942
1407,0	0,5683349366478421
1408,0	0,5674171782641015
1409,0	0,5771145112746143
1410,0	0,5592686744197047
1411,0	0,5396829216445618
1412,0	0,5208095167772185
1413,0	0,5262743520986498
1414,0	0,5598040557228411
1415,0	0,5290238633833252
1416,0	0,5543932441601719
1417,0	0,5523032514273042
1418,0	0,5622874859274288
1419,0	0,5457213261917702
1420,0	0,5396308619943058
1421,0	0,5531146313778709
1422,0	0,5613373519031399
1423,0	0,5598187934083979
1424,0	0,5398171642504311
1425,0	0,4968372542493506
1426,0	0,4813302738858691
1427,0	0,4640872391901121
1428,0	0,4427261577008887
1429,0	0,43224629258563235
1430,0	0,44667078316373593
1431,0	0,4465009609915532
1432,0	0,4364501582751575
1433,0	0,5093031325886302
1434,0	0,47624975904446454
1435,0	0,4556706733754664
1436,0	0,43649417819974756
1437,0	0,4911322097770021
1438,0	0,502343006022963
1439,0	0,5005587798932544
1440,0	0,4886141925307219
1441,0	0,4544398483930948
1442,0	0,45349186516349893
1443,0	0,4231793105963796
1444,0	0,4223721778713167
1445,0	0,41426917380556233
1446,0	0,479032928986665
1447,0	0,5106193550521134
1448,0	0,5445538142222769
1449,0	0,539375959730451
1450,0	0,5615179424509309
1451,0	0,5595021239895095
1452,0	0,5921635036276796
1453,0	0,593253491651737
1454,0	0,5912901024657484
1455,0	0,6163890902976947
1456,0	0,5946072620793166
1457,0	0,5786064846299253
1458,0	0,5755012951081622
1459,0	0,5543564608459113
1460,0	0,5601754158003008
1461,0	0,5667123243024579
1462,0	0,589675085520362
1463,0	0,5774963701758975
1464,0	0,5839298995725358
1465,0	0,6129680878172086
1466,0	0,6148312447496503
1467,0	0,6192011946430931
1468,0	0,6189951414160513
1469,0	0,6144884947996553
1470,0	0,6243287016455121
1471,0	0,6238691508311404
1472,0	0,6409808360517949
1473,0	0,6276807522539339
1474,0	0,6088866664132134
1475,0	0,5990195750914844
1476,0	0,6105106456051131
1477,0	0,5972643771701411
1478,0	0,6034590595981166
1479,0	0,6072478758837501
1480,0	0,630305315261058
1481,0	0,6345757971330411
1482,0	0,6349959648845943
1483,0	0,6301827268795686
1484,0	0,6699015899022951
1485,0	0,6600903832730902
1486,0	0,6388515428729572
1487,0	0,6401309012736183
1488,0	0,6541003316493932
1489,0	0,6508566817190926
1490,0	0,6783453816003592
1491,0	0,6664846171160991
1492,0	0,6791208793956347
1493,0	0,6938176685287294
1494,0	0,6848554684629475
1495,0	0,6810625709099468
1496,0	0,7045839704693883
1497,0	0,716394536167558
1498,0	0,7337231233704697
1499,0	0,7410805053755102
1500,0	0,7388854484279996
1501,0	0,7413903845888279
1502,0	0,7442796193228892
1503,0	0,7439424755565323
1504,0	0,7457940393532873
1505,0	0,7453901417120354
1506,0	0,7420789887009943
1507,0	0,730861072865472
1508,0	0,7450533177806379
1509,0	0,7401337261633304
1510,0	0,7618077227703175
1511,0	0,74600557727383
1512,0	0,7443722811208185
1513,0	0,7399385366689509
1514,0	0,7418186257942616
1515,0	0,7429777446847085
1516,0	0,7269282535769729
1517,0	0,742679424557895
1518,0	0,7390010503596873
1519,0	0,7406156180220145
1520,0	0,7523078918544195
1521,0	0,7624553404563058
1522,0	0,7626252649662594
1523,0	0,7664352660069258
1524,0	0,7540199447461806
1525,0	0,7661705714943665
1526,0	0,7477891903954
1527,0	0,7585001457038654
1528,0	0,7662179029957178
1529,0	0,7566384245651443
1530,0	0,7560061138255592
1531,0	0,7725772295203044
1532,0	0,7746967786241908
1533,0	0,7636271665152988
1534,0	0,7674903522473264
1535,0	0,753004398766857
1536,0	0,752512169822556
1537,0	0,7506499550022542
1538,0	0,7654003890603089
1539,0	0,7614848313768446
1540,0	0,761328785544379
1541,0	0,7570189607025157
1542,0	0,7616398947831483
1543,0	0,7593220045341799
1544,0	0,7596000040974769
1545,0	0,7583482428047026
1546,0	0,7553730444817467
1547,0	0,7594613777209308
1548,0	0,7586535403501806
1549,0	0,757221167645181
1550,0	0,7810386295523405
1551,0	0,7965610600646199
1552,0	0,7898629424843637
1553,0	0,7751536290212603
1554,0	0,777341095647612
1555,0	0,7777318143132439
1556,0	0,7719513940967876
1557,0	0,7638077849964491
1558,0	0,7648691179410027
1559,0	0,7658690449859243
1560,0	0,7749711025935738
1561,0	0,7766466083693415
1562,0	0,7707039185846473
1563,0	0,768613329047394
1564,0	0,7839103879080057
1565,0	0,7783001242047518
1566,0	0,7834723640787942
1567,0	0,7689888055856131
1568,0	0,7654103527090195
1569,0	0,768706521813557
1570,0	0,7801357430539437
1571,0	0,7745739951166731
1572,0	0,7771244923320884
1573,0	0,7763370553445654
1574,0	0,7609339106081224
1575,0	0,7434734825901049
1576,0	0,7529858475674295
1577,0	0,7423592836762606
1578,0	0,7468223899655981
1579,0	0,7690838627031144
1580,0	0,7461368641127175
1581,0	0,7357509217738968
1582,0	0,718729110946857
1583,0	0,7228613081621627
1584,0	0,7247522837099465
1585,0	0,685521857059382
1586,0	0,703039899657122
1587,0	0,7013075125159399
1588,0	0,6950665386668364
1589,0	0,6847361206145864
1590,0	0,6867885241238406
1591,0	0,6791457751494686
1592,0	0,6868589255934491
1593,0	0,6940981418906884
1594,0	0,7027985130099459
1595,0	0,7096447464787813
1596,0	0,7132235062648247
1597,0	0,7336141907879475
1598,0	0,7176557021074784
1599,0	0,7415785451875908
1600,0	0,737421006992586
1601,0	0,7502915915509508
1602,0	0,7505299729888393
1603,0	0,7522116777112806
1604,0	0,7550762262568598
1605,0	0,7547409260575703
1606,0	0,7473430030341046
1607,0	0,7425603822417799
1608,0	0,740521420917748
1609,0	0,7351463831196181
1610,0	0,7431256037911972
1611,0	0,7496556755893686
1612,0	0,7579614523935716
1613,0	0,7443076923712068
1614,0	0,7328700396865813
1615,0	0,7451361668732186
1616,0	0,7192300604232164
1617,0	0,705612641257549
1618,0	0,7001479755622957
1619,0	0,7013216584784947
1620,0	0,6866139390140548
1621,0	0,6669417917229468
1622,0	0,6734130728443107
1623,0	0,6542591845820688
1624,0	0,6531716614725301
1625,0	0,6554580316275787
1626,0	0,6756239175315667
1627,0	0,6799109630924977
1628,0	0,6992456265016297
1629,0	0,6843513162757088
1630,0	0,684533022514353
1631,0	0,6831314636886502
1632,0	0,6586271439200931
1633,0	0,670979952785634
1634,0	0,6589721055782553
1635,0	0,6450895673265977
1636,0	0,607855726165913
1637,0	0,5954113432898145
1638,0	0,6032248922970461
1639,0	0,584081633355218
1640,0	0,5696949868092782
1641,0	0,5886232281349367
1642,0	0,5795388991354168
1643,0	0,5788848866251719
1644,0	0,5944056378559247
1645,0	0,5970609863764713
1646,0	0,5980916702588563
1647,0	0,6217620439991697
1648,0	0,6143297379842688
1649,0	0,642117674690081
1650,0	0,6295802110749218
1651,0	0,6174376929427999
1652,0	0,6411365130150993
1653,0	0,6478652886801242
1654,0	0,6352028554914679
1655,0	0,6349782692148598
1656,0	0,6314357317282356
1657,0	0,6414998385235409
1658,0	0,6412328538010513
1659,0	0,6346205780688166
1660,0	0,6329320979768023
1661,0	0,6429441201670056
1662,0	0,6440119522665878
1663,0	0,6474169804294787
1664,0	0,6082461359074113
1665,0	0,5758869385394189
1666,0	0,5748925584399716
1667,0	0,5575482589364186
1668,0	0,5295364173263015
1669,0	0,5431749000352956
1670,0	0,5311737385048857
1671,0	0,5351112196725254
1672,0	0,5407485963597021
1673,0	0,5340123049919809
1674,0	0,5198687422861211
1675,0	0,5175488608768396
1676,0	0,5294471206859508
1677,0	0,5421782677694225
1678,0	0,5486743622231289
1679,0	0,5448064355619426
1680,0	0,5583606045610648
1681,0	0,5653448974737943
1682,0	0,539838645199551
1683,0	0,5061802384272217
1684,0	0,525547789706905
1685,0	0,5376176869946906
1686,0	0,5283981012492348
1687,0	0,5288998026895665
1688,0	0,5506500470574607
1689,0	0,502515585134117
1690,0	0,5189918057012526
1691,0	0,5153696593592104
1692,0	0,5345383408253312
1693,0	0,5627234740311338
1694,0	0,5898090289820985
1695,0	0,6436494599887108
1696,0	0,6658512313678002
1697,0	0,704721466624969
1698,0	0,7200581476610923
1699,0	0,7327742911462971
1700,0	0,7156428678727184
1701,0	0,7239772126406587
1702,0	0,7254449963805297
1703,0	0,7353884973894111
1704,0	0,737232622011646
1705,0	0,7242757914121342
1706,0	0,7381482411734352
1707,0	0,7479184102449412
1708,0	0,76268172320332
1709,0	0,7707367393700488
1710,0	0,7617279711674307
1711,0	0,7600574560509645
1712,0	0,7633530075057344
1713,0	0,7498455829448997
1714,0	0,745085389787815
1715,0	0,7447433134522158
1716,0	0,7589398566933478
1717,0	0,7605967514080041
1718,0	0,7450593169786734
1719,0	0,7502122147332617
1720,0	0,7358553097205068
1721,0	0,74578194806094
1722,0	0,7272815175757467
1723,0	0,7352505908222272
1724,0	0,7364146607253264
1725,0	0,747943129917754
1726,0	0,7451166769061531
1727,0	0,7406726420443411
1728,0	0,7396955773792157
1729,0	0,7294352163941579
1730,0	0,7439546948077446
1731,0	0,7452756999075063
1732,0	0,724721670591527
1733,0	0,7366470753897484
1734,0	0,7147281583153936
1735,0	0,6909455462959229
1736,0	0,6831906595123417
1737,0	0,7014467064139841
1738,0	0,7091912197055219
1739,0	0,7331668483452394
1740,0	0,7349768110885613
1741,0	0,7212999814089116
1742,0	0,7325372900730691
1743,0	0,7485254356087062
1744,0	0,7581730909925787
1745,0	0,7522225150236025
1746,0	0,7540832996659942
1747,0	0,7550616150908198
1748,0	0,7718371330106399
1749,0	0,7647935695186135
1750,0	0,7654346748399108
1751,0	0,761726308238855
1752,0	0,7773602802088416
1753,0	0,7687205333072417
1754,0	0,7751469547505345
1755,0	0,7606630499146395
1756,0	0,7630134942326027
1757,0	0,7690405361991625
1758,0	0,7577654949042564
1759,0	0,7404260131486522
1760,0	0,7519921922899797
1761,0	0,7586537065316534
1762,0	0,7553331518628
1763,0	0,7635701306018078
1764,0	0,7599385559999746
1765,0	0,7510009305018525
1766,0	0,750184930939088
1767,0	0,7324169179951064
1768,0	0,7230941920526397
1769,0	0,7265323086459381
1770,0	0,7145423781151059
1771,0	0,7220626133114568
1772,0	0,7267877783676844
1773,0	0,6997070504757215
1774,0	0,6767683667869823
1775,0	0,6914111240174996
1776,0	0,678989803590186
1777,0	0,6626130279008199
1778,0	0,6679063355516018
1779,0	0,6812845922929219
1780,0	0,7035913356917932
1781,0	0,7244117525882123
1782,0	0,7330400493724083
1783,0	0,7309793147568154
1784,0	0,716325098176182
1785,0	0,7040558114306268
1786,0	0,6947022345137654
1787,0	0,6698685475876232
1788,0	0,6828054392079786
1789,0	0,6853251446089008
1790,0	0,691288424828406
1791,0	0,7110447515453945
1792,0	0,7272063559147921
1793,0	0,7102759654203717
1794,0	0,7325371908199814
1795,0	0,7014160404860511
1796,0	0,7283913679291711
1797,0	0,6997114147740936
1798,0	0,6942642630842694
1799,0	0,6658696995991337
1800,0	0,6432217847422205
1801,0	0,6393697888513631
1802,0	0,6360085352239229
1803,0	0,6469818196055312
1804,0	0,6764871246726617
1805,0	0,6624027801244398
1806,0	0,6757865511100529
1807,0	0,6963803920235292
1808,0	0,6856163327215629
1809,0	0,6903102185030374
1810,0	0,6794201806304381
1811,0	0,6668280603798372
1812,0	0,67982808594609
1813,0	0,6524959869328918
1814,0	0,6414758979858789
1815,0	0,6665777202303325
1816,0	0,6728523886686604
1817,0	0,6616848948593638
1818,0	0,6582797885692493
1819,0	0,626150352671583
1820,0	0,6500572125856227
1821,0	0,6483802653952715
1822,0	0,6414656282651862
1823,0	0,6205306815951627
1824,0	0,6242318525068881
1825,0	0,6287580146406384
1826,0	0,6159429183584694
1827,0	0,6061268991583593
1828,0	0,623060891601784
1829,0	0,616989892122908
1830,0	0,6078238448919213
1831,0	0,5783115685979543
1832,0	0,6005369874007422
1833,0	0,6110593488093423
1834,0	0,6074481522507112
1835,0	0,6409817738484945
1836,0	0,6506596926631402
1837,0	0,6378992117382635
1838,0	0,6369472833666616
1839,0	0,6420766235614644
1840,0	0,6489201039857297
1841,0	0,6576867156353449
1842,0	0,679239206817198
1843,0	0,6887150622323716
1844,0	0,7041929174952274
1845,0	0,7039451764869853
1846,0	0,7146323500166611
1847,0	0,6996506776895447
1848,0	0,6866584586564455
1849,0	0,7064083892128971
1850,0	0,701685111616345
1851,0	0,7087420919508195
1852,0	0,7049598050414941
1853,0	0,7142351678326369
1854,0	0,7049849333196321
1855,0	0,6906292542022789
1856,0	0,6932074167626407
1857,0	0,6986345904814778
1858,0	0,6870288356993675
1859,0	0,7005877596302581
1860,0	0,70682844324457
1861,0	0,7003829001868347
1862,0	0,718342001038156
1863,0	0,7103678576865093
1864,0	0,7101001617674042
1865,0	0,7283960273291663
1866,0	0,714052772045933
1867,0	0,7097636865970088
1868,0	0,7271268699193545
1869,0	0,7333561621177436
1870,0	0,72013104861436
1871,0	0,7248936729175112
1872,0	0,7347623344985875
1873,0	0,7213310880820241
1874,0	0,7271586594810393
1875,0	0,7347491140724056
1876,0	0,7551115782192279
1877,0	0,7655165707180425
1878,0	0,7677345325484775
1879,0	0,771414820172617
1880,0	0,7764397255877065
1881,0	0,7745510584644978
1882,0	0,7746001720503936
1883,0	0,779380373756805
1884,0	0,7730455911386789
1885,0	0,7716513415107635
1886,0	0,7774546208901227
1887,0	0,7710456956026297
1888,0	0,7636151342122107
1889,0	0,7551954573264851
1890,0	0,7683159778496909
1891,0	0,7551687132477626
1892,0	0,7534247956277491
1893,0	0,7439530874326613
1894,0	0,7255725118950439
1895,0	0,7262415227184384
1896,0	0,7267724979379886
1897,0	0,7255722879567549
1898,0	0,7313056757339299
1899,0	0,7176985559984831
1900,0	0,7361308162652807
1901,0	0,7459593739989091
1902,0	0,7474161587880055
1903,0	0,748491771672343
1904,0	0,7512454266889825
1905,0	0,7345176487217976
1906,0	0,7448081004142657
1907,0	0,721825053880594
1908,0	0,7254275628993353
1909,0	0,7107545227645292
1910,0	0,7070112396821473
1911,0	0,6932916568902464
1912,0	0,705864932479842
1913,0	0,7326677792269879
1914,0	0,7262404096408355
1915,0	0,7138787644970289
1916,0	0,7252142398389827
1917,0	0,7150231316893066
1918,0	0,7280711949171442
1919,0	0,7317279169487454
1920,0	0,6935242010821275
1921,0	0,6827845769166493
1922,0	0,6954005044855817
1923,0	0,6842399511689559
1924,0	0,6854034582203254
1925,0	0,6675774883908289
1926,0	0,6837614574350755
1927,0	0,7136638547650125
1928,0	0,695765493991296
1929,0	0,6902661178033879
1930,0	0,7096898596767232
1931,0	0,6917615335063939
1932,0	0,6843092908599542
1933,0	0,6814352894590122
1934,0	0,6760390456135016
1935,0	0,6659460233531843
1936,0	0,649976400187121
1937,0	0,6253361081921129
1938,0	0,6455490720444202
1939,0	0,6421199630037188
1940,0	0,668507043813842
1941,0	0,6778590442238585
1942,0	0,6738795361366169
1943,0	0,6823434989554832
1944,0	0,6840858884349436
1945,0	0,6970156374039781
1946,0	0,7034639887660711
1947,0	0,7132179133260497
1948,0	0,711354885493429
1949,0	0,7161262823664571
1950,0	0,6922456536205123
1951,0	0,6922762976956153
1952,0	0,6865493912589632
1953,0	0,6919282199769998
1954,0	0,6965709601646632
1955,0	0,6910445861591367
1956,0	0,6831512574614033
1957,0	0,6846340828403088
1958,0	0,6659066165033483
1959,0	0,6675464118846716
1960,0	0,6704027769133672
1961,0	0,6431302881763418
1962,0	0,6533308268648159
1963,0	0,6710484629222747
1964,0	0,6736485095002268
1965,0	0,6918896856059388
1966,0	0,7026058963392605
1967,0	0,7100904471576476
1968,0	0,7191872968240718
1969,0	0,7260743106441195
1970,0	0,7245464869180067
1971,0	0,7237943121423238
1972,0	0,7197158788888234
1973,0	0,7243197745310908
1974,0	0,7370087943801676
1975,0	0,7481650825528107
1976,0	0,7450424714324091
1977,0	0,7478793043959743
1978,0	0,7424512853022306
1979,0	0,7455480869979592
1980,0	0,7352352188590333
1981,0	0,7443237800065005
1982,0	0,747875464354748
1983,0	0,7408094196147265
1984,0	0,7319931095566145
1985,0	0,7331836754050985
1986,0	0,7158022062918199
1987,0	0,7146069638205305
1988,0	0,7080021945702866
1989,0	0,7104667246610213
1990,0	0,7004993258746662
1991,0	0,6917715157351206
1992,0	0,6815355138958512
1993,0	0,6995242956070645
1994,0	0,6973162465656386
1995,0	0,6964835322875051
1996,0	0,6959385821053679
1997,0	0,7103012757675632
1998,0	0,719984213565343
1999,0	0,7217758957879703
2000,0	0,7018037997837041
