N: 3000,0	L: 25,0	Density:4,8	Noise: 2,0
Time	 Va	
0,0	0,029055465117195787
1,0	0,10351262283405892
2,0	0,1416374941169102
3,0	0,17019945161739794
4,0	0,1980821381103214
5,0	0,21811200490715793
6,0	0,23664969303163022
7,0	0,25427197318867645
8,0	0,2690917397946974
9,0	0,2912833067447486
10,0	0,31458290367355357
11,0	0,3369917292251542
12,0	0,3572938566367623
13,0	0,36328830431306136
14,0	0,3811890579113725
15,0	0,40158534705157944
16,0	0,41312317465817344
17,0	0,4388740586917741
18,0	0,4409468732636642
19,0	0,4329518013385965
20,0	0,4371172953017094
21,0	0,4430399264881599
22,0	0,45445210611757153
23,0	0,46560085891758907
24,0	0,4666681172739876
25,0	0,47158154671940117
26,0	0,47631116937437407
27,0	0,47937362758431734
28,0	0,46252646150420307
29,0	0,4638801918135791
30,0	0,4534851339379823
31,0	0,44059686950055343
32,0	0,43405764710563605
33,0	0,42930318036809734
34,0	0,4345335857425992
35,0	0,4371217694023378
36,0	0,44634009768350213
37,0	0,4594530685690242
38,0	0,4758764233365076
39,0	0,47842910417365797
40,0	0,4869616472476299
41,0	0,4955444620558628
42,0	0,5032907844265755
43,0	0,5056336693056396
44,0	0,5078814460851694
45,0	0,5165233482259894
46,0	0,5165131619707336
47,0	0,5345816789420758
48,0	0,534014837052584
49,0	0,5380108859454079
50,0	0,5590614479896152
51,0	0,5695873604238787
52,0	0,5532125685852036
53,0	0,5430548743842468
54,0	0,5717829621368448
55,0	0,5938760271279269
56,0	0,5808957885056597
57,0	0,5862497690085142
58,0	0,592313553212007
59,0	0,5996446872084583
60,0	0,6031738227657198
61,0	0,6150080211310254
62,0	0,6034909085669643
63,0	0,613146423932988
64,0	0,5977487230691888
65,0	0,584503049594774
66,0	0,5976714782747664
67,0	0,6095888352984551
68,0	0,6131073557326729
69,0	0,6174566918806305
70,0	0,6298248062937252
71,0	0,6190934997960902
72,0	0,616909055280211
73,0	0,6174437284978825
74,0	0,6084330609389806
75,0	0,5920135065680479
76,0	0,582887838892808
77,0	0,5938909522870515
78,0	0,5910084057306562
79,0	0,5771286338621856
80,0	0,578037601141963
81,0	0,5568322729361398
82,0	0,5788113231698927
83,0	0,5610148754054046
84,0	0,5617902683601819
85,0	0,562622914594982
86,0	0,5426731886093126
87,0	0,5396642607292341
88,0	0,5492141636277384
89,0	0,5742358327427458
90,0	0,5922643134200339
91,0	0,5934862170981839
92,0	0,5800674128626051
93,0	0,5840235677892075
94,0	0,5959879305580206
95,0	0,6004576853241229
96,0	0,6009242393107869
97,0	0,5861605156264187
98,0	0,5897035024085087
99,0	0,5933167924046854
100,0	0,5940240883965019
101,0	0,563469452089329
102,0	0,5416909092754884
103,0	0,5292149834309844
104,0	0,546625710774192
105,0	0,5679381803351435
106,0	0,5841329019226215
107,0	0,5878253358877898
108,0	0,5797192250456737
109,0	0,5851044017903443
110,0	0,5699861507890207
111,0	0,5842146297513878
112,0	0,5646048781351896
113,0	0,5649557441904953
114,0	0,5468202409259182
115,0	0,5610769721240978
116,0	0,5916644950570189
117,0	0,5920530192229533
118,0	0,6316164810545071
119,0	0,6424578459382391
120,0	0,6185212077531912
121,0	0,610407483585943
122,0	0,6152337668131239
123,0	0,6265632575515728
124,0	0,6281979816010754
125,0	0,6052977696352576
126,0	0,6315657293267125
127,0	0,6337130342300041
128,0	0,6424287247655763
129,0	0,6298519359094557
130,0	0,6315388383539104
131,0	0,6357558154884674
132,0	0,6349465019526019
133,0	0,6396417688390692
134,0	0,6338711564192385
135,0	0,627521723602734
136,0	0,6303403179152718
137,0	0,6139633038429807
138,0	0,5951378428770306
139,0	0,5989938253561997
140,0	0,5918976917330337
141,0	0,6098905979075467
142,0	0,613604126247126
143,0	0,6247289029383792
144,0	0,6230598141865126
145,0	0,6123443574057051
146,0	0,5987812601113207
147,0	0,5802614863196083
148,0	0,5818773527156359
149,0	0,5692052438953317
150,0	0,5628951974803804
151,0	0,5765398958218293
152,0	0,5660535619004196
153,0	0,582115902906938
154,0	0,5693301270311945
155,0	0,5702169381257818
156,0	0,5783399058331553
157,0	0,5791003709974436
158,0	0,5972497608123852
159,0	0,5963734683539405
160,0	0,6006351109272111
161,0	0,6009917840395201
162,0	0,6018677205760581
163,0	0,6011293941513826
164,0	0,6096401560062773
165,0	0,6090482352284659
166,0	0,6047184697390878
167,0	0,6120025986079758
168,0	0,6004290235724675
169,0	0,6073167587965868
170,0	0,6057736596269909
171,0	0,6012396184635794
172,0	0,585470901105753
173,0	0,5803719089403556
174,0	0,5773581843504767
175,0	0,5855213162813682
176,0	0,5796796484534987
177,0	0,5948688023689858
178,0	0,5927219277598262
179,0	0,6049245685930671
180,0	0,616182179241766
181,0	0,6101744251684458
182,0	0,6202773495994512
183,0	0,635965546312651
184,0	0,6350289000281989
185,0	0,6421110276566373
186,0	0,6380876402919722
187,0	0,6375110518749946
188,0	0,639994613679454
189,0	0,6497536579319754
190,0	0,6444143473463915
191,0	0,6370570467223415
192,0	0,6511843603601326
193,0	0,6502745830128396
194,0	0,642064414168194
195,0	0,6449935933755727
196,0	0,648188783738663
197,0	0,6513526518035616
198,0	0,6311112139900673
199,0	0,6167477046086123
200,0	0,6263540365372198
201,0	0,6215767099098305
202,0	0,6287987780600306
203,0	0,6223170428640447
204,0	0,6309387075070323
205,0	0,6305692270469407
206,0	0,6211520741075356
207,0	0,6232174998695318
208,0	0,6285648087052578
209,0	0,640906050172217
210,0	0,62422913437647
211,0	0,6149314460658746
212,0	0,607655322766581
213,0	0,6029583217753951
214,0	0,606900371967077
215,0	0,595602371936551
216,0	0,5908910128284066
217,0	0,5748785710943238
218,0	0,5833812112632172
219,0	0,5826187638726739
220,0	0,5777741519967835
221,0	0,5541370025945777
222,0	0,5373223232919773
223,0	0,5354513908562585
224,0	0,5407373702706716
225,0	0,5323823256594675
226,0	0,5228770717440948
227,0	0,537877257364172
228,0	0,5228803786123021
229,0	0,5275347843923995
230,0	0,5521879865364399
231,0	0,5483447361513886
232,0	0,5641219039150265
233,0	0,5523519966471757
234,0	0,548839855478914
235,0	0,55228727488332
236,0	0,5616641146784225
237,0	0,5381128100978273
238,0	0,5363978045476737
239,0	0,5312602662637305
240,0	0,5351566824007618
241,0	0,5234081451547473
242,0	0,5246138217024879
243,0	0,5350795423377734
244,0	0,5531118276484349
245,0	0,5656345047224735
246,0	0,5707231165257998
247,0	0,5803732467209571
248,0	0,5943279670031789
249,0	0,597233480368534
250,0	0,6039423161752651
251,0	0,6118618886762379
252,0	0,6047268277309191
253,0	0,6190624345693388
254,0	0,6496939336955577
255,0	0,6538702916558412
256,0	0,6621139357677868
257,0	0,6649491754460639
258,0	0,6765906096495087
259,0	0,6809490066878212
260,0	0,6820427136509827
261,0	0,6836893937840123
262,0	0,6993830600268277
263,0	0,7112575656528798
264,0	0,7169975523871656
265,0	0,6843840110599805
266,0	0,6818825300696162
267,0	0,6834340869074149
268,0	0,67820018447114
269,0	0,6761637973146963
270,0	0,6641398251876672
271,0	0,667627526552005
272,0	0,6694486028827344
273,0	0,6730701023062369
274,0	0,6781572300468649
275,0	0,679765020532359
276,0	0,6649660095168652
277,0	0,6681441984125679
278,0	0,6717342089561725
279,0	0,6835388764301341
280,0	0,7032377711328596
281,0	0,6924456062435258
282,0	0,6866683926060925
283,0	0,6785053171389323
284,0	0,6755477179529318
285,0	0,6749482032535986
286,0	0,6722989410224531
287,0	0,6775025615535852
288,0	0,6718421037005224
289,0	0,6670138455364267
290,0	0,6876021136162284
291,0	0,6909959986601635
292,0	0,6960991605090028
293,0	0,6973855900833485
294,0	0,7205584875802038
295,0	0,7219970934826704
296,0	0,7253379146432095
297,0	0,7363648066138065
298,0	0,7243536536138127
299,0	0,7252121952103628
300,0	0,7249603555571528
301,0	0,7118632975646668
302,0	0,708977285503534
303,0	0,7004293562502112
304,0	0,6982141116701543
305,0	0,6927774168164347
306,0	0,6854568532580282
307,0	0,6789451340171757
308,0	0,6647618756757941
309,0	0,6600202227910352
310,0	0,670997153440333
311,0	0,6570359364264227
312,0	0,6509593411308165
313,0	0,6413654436392512
314,0	0,6425973616114459
315,0	0,6412278445194927
316,0	0,6290714167260918
317,0	0,6237221545050115
318,0	0,6042532320403184
319,0	0,6159660027512508
320,0	0,6356303410386978
321,0	0,6333381788795626
322,0	0,6325798083418904
323,0	0,6306014466091437
324,0	0,6561953011576152
325,0	0,6462913151173223
326,0	0,6481124981034567
327,0	0,6318095397165219
328,0	0,6120893320165175
329,0	0,6217255050670528
330,0	0,6282866298157935
331,0	0,6420556608117809
332,0	0,6614369052104271
333,0	0,6727362817954218
334,0	0,6772595226195143
335,0	0,6658076715046973
336,0	0,6944804467252753
337,0	0,6738030628316604
338,0	0,6640641840745735
339,0	0,6537627512591362
340,0	0,6457016697873639
341,0	0,6477441715059438
342,0	0,6343411050816212
343,0	0,6341376085726921
344,0	0,6241942468469532
345,0	0,6540014663132018
346,0	0,6379821997314357
347,0	0,6268632792483693
348,0	0,6414608873962434
349,0	0,6411795099473873
350,0	0,6682381478527285
351,0	0,6677656525704624
352,0	0,6742226485176418
353,0	0,6787839276419831
354,0	0,6660589963866244
355,0	0,6713913624044338
356,0	0,6699996193805818
357,0	0,6802426370895988
358,0	0,6786245729231108
359,0	0,6700980845290331
360,0	0,6771085750859869
361,0	0,6626063234710643
362,0	0,6631375415889281
363,0	0,6604230801939367
364,0	0,6648637965161831
365,0	0,6709432100872199
366,0	0,6714382946226486
367,0	0,6412348386817243
368,0	0,622155657109513
369,0	0,6104018126140511
370,0	0,5953038013901841
371,0	0,6052345559377997
372,0	0,6079218687803464
373,0	0,6244866221772869
374,0	0,609800398490024
375,0	0,606595360261783
376,0	0,5987813128503425
377,0	0,5882035042073712
378,0	0,5859745319631484
379,0	0,599391362025862
380,0	0,5906806695058069
381,0	0,5784814136138242
382,0	0,5883409983991605
383,0	0,6177947277198423
384,0	0,6158691097496716
385,0	0,6154307791029121
386,0	0,6205003023522191
387,0	0,6242822813202243
388,0	0,6236888287359462
389,0	0,613370749184182
390,0	0,621395629957554
391,0	0,6199021363624343
392,0	0,6302031919096313
393,0	0,6351867498512009
394,0	0,6331250557665918
395,0	0,6263825751004386
396,0	0,6186890518826872
397,0	0,6274648516614544
398,0	0,6185225199144121
399,0	0,6062062678297556
400,0	0,5927479624347709
401,0	0,5816227178520804
402,0	0,5930056718866874
403,0	0,6011605014337991
404,0	0,5960379391382429
405,0	0,6007108156417451
406,0	0,6184081566656967
407,0	0,6262045356085024
408,0	0,6317124301608554
409,0	0,6473663189722195
410,0	0,6441909092329565
411,0	0,6627552118032275
412,0	0,6661122242745674
413,0	0,6702270894450717
414,0	0,6782807854624325
415,0	0,6715302254212598
416,0	0,6813648629635127
417,0	0,6953089401336416
418,0	0,7076543145504245
419,0	0,7159068461337553
420,0	0,7136469739526058
421,0	0,7145422829554271
422,0	0,7175859472022741
423,0	0,7124072783355434
424,0	0,7149786334450706
425,0	0,7157754834918266
426,0	0,7120848970888932
427,0	0,7050726162320071
428,0	0,703542960433467
429,0	0,7166155842264634
430,0	0,7112469490435623
431,0	0,7021012718018764
432,0	0,7074092997513521
433,0	0,7088293958160781
434,0	0,7190363573977951
435,0	0,7202511841337815
436,0	0,7326705328042615
437,0	0,7288687120607069
438,0	0,7068623579939645
439,0	0,7120385479899608
440,0	0,7193492081016135
441,0	0,7317749520975126
442,0	0,7320029949684919
443,0	0,7212643676360989
444,0	0,7210798984412861
445,0	0,7168861504752679
446,0	0,7271019103662483
447,0	0,737736683820358
448,0	0,7385894287651912
449,0	0,7363856240037758
450,0	0,7400021664480625
451,0	0,7472696167106129
452,0	0,7485636861603098
453,0	0,7476042379329628
454,0	0,7626141877012939
455,0	0,7600262021481508
456,0	0,7558423821798541
457,0	0,7628376169757898
458,0	0,7636634270480617
459,0	0,7657922003210017
460,0	0,7590615583866099
461,0	0,7689671976485368
462,0	0,7672185825691746
463,0	0,7620571255281702
464,0	0,7517410153840656
465,0	0,7575713938991707
466,0	0,7510181627125947
467,0	0,7590701017669417
468,0	0,7543714261671621
469,0	0,7492222651927228
470,0	0,7434268250769944
471,0	0,7460672229242691
472,0	0,7397894532090219
473,0	0,7497941890899176
474,0	0,7408695981907615
475,0	0,7469414843851218
476,0	0,7477371124050151
477,0	0,746171882669246
478,0	0,7454403341696928
479,0	0,7471077135544074
480,0	0,7540484374052081
481,0	0,7536709477273111
482,0	0,7565872581068872
483,0	0,7558638903256928
484,0	0,752395577959768
485,0	0,7689456242541692
486,0	0,7711503008370387
487,0	0,7578514714630519
488,0	0,7715760762753069
489,0	0,7735377587598973
490,0	0,7663819799489948
491,0	0,7710302135389258
492,0	0,7833208425285734
493,0	0,7798638926441728
494,0	0,7727290127892102
495,0	0,775971164983941
496,0	0,7859557298443182
497,0	0,7817752040792255
498,0	0,7818569239665186
499,0	0,7746963811018659
500,0	0,7564080831941795
501,0	0,7607196253940033
502,0	0,7606627728302564
503,0	0,748608701478206
504,0	0,7522717446749198
505,0	0,7428466923218524
506,0	0,7516994848531403
507,0	0,7550729146075701
508,0	0,7525215670182414
509,0	0,7681488355670232
510,0	0,7739609029075252
511,0	0,7769961610288996
512,0	0,7747013920112321
513,0	0,7815215838566405
514,0	0,7786340617658398
515,0	0,7807616004946117
516,0	0,7757241157149859
517,0	0,7679915553468208
518,0	0,7611897427213165
519,0	0,7634539015495893
520,0	0,7501617693666588
521,0	0,7509403269477719
522,0	0,7543114692232111
523,0	0,7531975181996836
524,0	0,7550838647578376
525,0	0,7596410349730889
526,0	0,7520499835867644
527,0	0,7527074186018058
528,0	0,7523163507779039
529,0	0,7659912495049197
530,0	0,7624041669716188
531,0	0,7597781230402538
532,0	0,7589852051666914
533,0	0,7634584205259379
534,0	0,7700312238208223
535,0	0,7699314642936785
536,0	0,758541159159387
537,0	0,7701253127735951
538,0	0,7758226317864407
539,0	0,7748933536033138
540,0	0,7770885992914643
541,0	0,778371432788207
542,0	0,781298930557399
543,0	0,7631444340291239
544,0	0,7674059781241833
545,0	0,7549699598684787
546,0	0,754308867403004
547,0	0,7392303654573475
548,0	0,718244416254012
549,0	0,7192160469901403
550,0	0,7218470179089306
551,0	0,723134848491194
552,0	0,7352534161334535
553,0	0,7446332944213547
554,0	0,7502318164105803
555,0	0,7660257859289892
556,0	0,7723337806038628
557,0	0,7636872927365886
558,0	0,763964546853764
559,0	0,7631550500825677
560,0	0,7604615847352404
561,0	0,7528012962852618
562,0	0,7456136325037497
563,0	0,7430169841090543
564,0	0,7364507430357439
565,0	0,7349236046778026
566,0	0,7382079468740325
567,0	0,757193948637776
568,0	0,7520767230096266
569,0	0,7690315046496828
570,0	0,772899309038063
571,0	0,7710261252962006
572,0	0,7766739362023958
573,0	0,7618726861036776
574,0	0,7695377233271684
575,0	0,7695204439039641
576,0	0,7674757160696749
577,0	0,7663040675720755
578,0	0,7713797772394573
579,0	0,7655501556540834
580,0	0,7635710600743435
581,0	0,7714271478541784
582,0	0,764270098329539
583,0	0,7704652301262708
584,0	0,762604257882412
585,0	0,772326639121891
586,0	0,7606639772686487
587,0	0,7583989568309794
588,0	0,7473268597698126
589,0	0,755344922330184
590,0	0,7532856373388975
591,0	0,7524552583893733
592,0	0,758831987546779
593,0	0,7552637564483661
594,0	0,7623973204289748
595,0	0,7690633252179446
596,0	0,7755571148023396
597,0	0,7744398784554499
598,0	0,7886250175736739
599,0	0,7836447500041456
600,0	0,7814596206410149
601,0	0,7893604543534386
602,0	0,7895375197499551
603,0	0,7912502595396734
604,0	0,7893412303848015
605,0	0,7915639608026905
606,0	0,7841361044369215
607,0	0,7797078616903244
608,0	0,7847563392811912
609,0	0,7824655925208065
610,0	0,7826609687070979
611,0	0,7759702337120766
612,0	0,7794231048274316
613,0	0,7770282968671944
614,0	0,7733793982630384
615,0	0,7675948804063196
616,0	0,7496456569803555
617,0	0,7539959050265097
618,0	0,756469541398716
619,0	0,7531590378065726
620,0	0,7469953092450257
621,0	0,7524672771706576
622,0	0,7512645065395461
623,0	0,7585177910428298
624,0	0,7610785370406096
625,0	0,7656256749416074
626,0	0,7684534075379162
627,0	0,770961148651549
628,0	0,7751837754110927
629,0	0,7764015458476831
630,0	0,7825162487124999
631,0	0,7789818456252036
632,0	0,7711907236309168
633,0	0,7649294668330799
634,0	0,7730033350503385
635,0	0,7785251250192702
636,0	0,780167258719183
637,0	0,7776518150563717
638,0	0,7776268974125498
639,0	0,7737250930849856
640,0	0,7792956024074751
641,0	0,7905113137597352
642,0	0,7860631717551619
643,0	0,7914660142523562
644,0	0,7815662777507127
645,0	0,782265534248171
646,0	0,780961813107532
647,0	0,7882749455442142
648,0	0,7899290180193719
649,0	0,7873908962036733
650,0	0,790420392120663
651,0	0,7836455336450342
652,0	0,7903149658871695
653,0	0,791423181597418
654,0	0,7851634111260857
655,0	0,7920263210554658
656,0	0,7903539611338681
657,0	0,7927844334086442
658,0	0,7880988606128446
659,0	0,7872919557720254
660,0	0,7792225055218558
661,0	0,7708499925260719
662,0	0,7653203672791079
663,0	0,7620277747434736
664,0	0,772607124681161
665,0	0,7703437088969927
666,0	0,7734232593687217
667,0	0,7808511969078947
668,0	0,7905211899006104
669,0	0,789864025684457
670,0	0,7917927631080924
671,0	0,7879055176889068
672,0	0,7903627258036804
673,0	0,7918939010474291
674,0	0,7924356841415711
675,0	0,7871341569126669
676,0	0,7829402558728127
677,0	0,7815134464880297
678,0	0,7855185569756206
679,0	0,7835295226914101
680,0	0,7834310836716714
681,0	0,7716948646463639
682,0	0,767889699079587
683,0	0,7594998641920101
684,0	0,7562562780080915
685,0	0,7662245200341576
686,0	0,7695916335695222
687,0	0,7725514956828604
688,0	0,7662793113282659
689,0	0,7602248637963226
690,0	0,7562257790182031
691,0	0,7665973286356066
692,0	0,770581219734061
693,0	0,7690962351788194
694,0	0,7646711321802434
695,0	0,7766422231422352
696,0	0,7718794074993317
697,0	0,7732573531201834
698,0	0,7535183871781833
699,0	0,7503172413006977
700,0	0,7544147150688124
701,0	0,7493716049863415
702,0	0,7567749001971728
703,0	0,7449824941298906
704,0	0,7371378448315123
705,0	0,7280400999335167
706,0	0,7321905295615276
707,0	0,7250266308849571
708,0	0,7321583282208284
709,0	0,7272271008627174
710,0	0,7319077611975567
711,0	0,746335206656677
712,0	0,733213690421677
713,0	0,7335745728025682
714,0	0,7402079823542353
715,0	0,7377550679744863
716,0	0,7417719990386551
717,0	0,741686151638932
718,0	0,7205115636437315
719,0	0,7169991723613617
720,0	0,7130729830940864
721,0	0,7196059509909226
722,0	0,7161085564640499
723,0	0,7179863853195764
724,0	0,7143983044940947
725,0	0,7170646921830447
726,0	0,7189076319059524
727,0	0,7317222034306969
728,0	0,7359739765339837
729,0	0,7304918234350964
730,0	0,7333241879436732
731,0	0,7239643001793635
732,0	0,7325312663346404
733,0	0,7535125839173497
734,0	0,7660710637500364
735,0	0,7663830954313712
736,0	0,758686342865825
737,0	0,7742474656114834
738,0	0,7859762989895377
739,0	0,7914763487592975
740,0	0,7853709472999908
741,0	0,7814577349136695
742,0	0,7765439657972502
743,0	0,7813380064650164
744,0	0,7817971936466743
745,0	0,7965151418889693
746,0	0,8022840276236008
747,0	0,8007208831356186
748,0	0,8040708612874693
749,0	0,8103745720024625
750,0	0,7991610195769208
751,0	0,8022107020483608
752,0	0,7929014469543576
753,0	0,7964216243573051
754,0	0,7945371692219672
755,0	0,7772304510319005
756,0	0,7854849501726743
757,0	0,7849939134506329
758,0	0,7819799390163342
759,0	0,7716128989481031
760,0	0,7726380079020194
761,0	0,7739715400310854
762,0	0,777346190477773
763,0	0,768844636398671
764,0	0,7782485479704355
765,0	0,7766345344801213
766,0	0,7853112367716056
767,0	0,7850380776651086
768,0	0,7897286716602049
769,0	0,7995748982264368
770,0	0,7987926020944308
771,0	0,8024596081810133
772,0	0,8072877147250447
773,0	0,8004518334761456
774,0	0,7964353615481281
775,0	0,7983199936567899
776,0	0,80139627734226
777,0	0,8016436645405688
778,0	0,8005097814417357
779,0	0,7962785014331415
780,0	0,796099051387517
781,0	0,79286274541518
782,0	0,7952397618353261
783,0	0,7838248421452629
784,0	0,7762741410895684
785,0	0,7703032294370412
786,0	0,774816817099919
787,0	0,7720661497746345
788,0	0,7798041422216979
789,0	0,7842672162120288
790,0	0,7591937712991469
791,0	0,7655782243036665
792,0	0,7675596065835409
793,0	0,7656624522966285
794,0	0,7616598593802487
795,0	0,7542438299573461
796,0	0,7597735199511829
797,0	0,7674956485408496
798,0	0,766755285717504
799,0	0,7728769875940013
800,0	0,7707647644238712
801,0	0,7641999142412612
802,0	0,7657382422525927
803,0	0,7766894479997315
804,0	0,7758551209478599
805,0	0,765724068332557
806,0	0,7634263137586936
807,0	0,7699186518353535
808,0	0,7712331242071716
809,0	0,7682864067864488
810,0	0,7731406112169075
811,0	0,7743176888604257
812,0	0,777822964855478
813,0	0,7797953026163195
814,0	0,7670987958438032
815,0	0,7729005940479384
816,0	0,7690169842418346
817,0	0,7685738582409376
818,0	0,7710130852153764
819,0	0,7656229507789176
820,0	0,7791366280228881
821,0	0,7700713654773599
822,0	0,764279019530786
823,0	0,7485172284844106
824,0	0,7504765489758141
825,0	0,7537629226614581
826,0	0,753251692386726
827,0	0,7439684965428474
828,0	0,7458057900607243
829,0	0,7428456812166718
830,0	0,7376875778533597
831,0	0,7351526481900098
832,0	0,7375283697587844
833,0	0,7375378501211893
834,0	0,7318705396293615
835,0	0,7234479591691397
836,0	0,7285382440748519
837,0	0,7393250717994383
838,0	0,7376039283580661
839,0	0,7320492382056827
840,0	0,7280869755902815
841,0	0,7439504601481502
842,0	0,7387815465463208
843,0	0,7332162615273894
844,0	0,7415538803342464
845,0	0,7476657554538505
846,0	0,7502853085883285
847,0	0,7542850967519636
848,0	0,7448437802481621
849,0	0,7493577786778826
850,0	0,7529613376390214
851,0	0,7603993153405579
852,0	0,7637333271199667
853,0	0,7567927796197027
854,0	0,7632176638268526
855,0	0,7472068821094571
856,0	0,7471060168629607
857,0	0,7453782237102838
858,0	0,741583611485615
859,0	0,7443620373823674
860,0	0,7410564869684126
861,0	0,7451888578697917
862,0	0,7477775140984056
863,0	0,7257358200662991
864,0	0,7373862030354332
865,0	0,7474707534316246
866,0	0,7458465284150345
867,0	0,7376541732767413
868,0	0,7405215379934086
869,0	0,7452809758464932
870,0	0,7430160452237328
871,0	0,7427662187555147
872,0	0,7438707286829207
873,0	0,7415639747723461
874,0	0,7473209082236342
875,0	0,7472523886500633
876,0	0,7499291299009749
877,0	0,7564017020849797
878,0	0,7490006990952223
879,0	0,7364222024572844
880,0	0,7427804160091365
881,0	0,7467489017014483
882,0	0,7482157176157058
883,0	0,7549986027263201
884,0	0,7556642074781124
885,0	0,7666079482867246
886,0	0,7782595845881519
887,0	0,7761821201925418
888,0	0,7695716709949268
889,0	0,7805347406208183
890,0	0,7802302773410876
891,0	0,7883824293178944
892,0	0,7809014735884506
893,0	0,7859552306161331
894,0	0,7876941587389684
895,0	0,7890050264769141
896,0	0,7849601199608718
897,0	0,7805474080355084
898,0	0,7763941925796302
899,0	0,7782660107291055
900,0	0,7755076595739535
901,0	0,7736119698892725
902,0	0,7750917292986338
903,0	0,7780185163434435
904,0	0,7706012226171679
905,0	0,7744077662042317
906,0	0,7757306857644403
907,0	0,7724845558881192
908,0	0,7687761426512089
909,0	0,7758690381191732
910,0	0,7837908170129235
911,0	0,7851840084459137
912,0	0,7754229081590116
913,0	0,7696909589406383
914,0	0,764132042226548
915,0	0,7609404293357601
916,0	0,757288595380623
917,0	0,7553157597013523
918,0	0,7545011534117513
919,0	0,7503159090816476
920,0	0,7433353061368516
921,0	0,7334856104440423
922,0	0,735785562432789
923,0	0,7437376496620269
924,0	0,7549244770408907
925,0	0,7554467005668446
926,0	0,7396324892991459
927,0	0,7292914064112629
928,0	0,7383982614554521
929,0	0,737665404476689
930,0	0,7435721220006427
931,0	0,7452758478555428
932,0	0,7389449020389977
933,0	0,7395090699351085
934,0	0,7389953003613159
935,0	0,7319917037472378
936,0	0,7432648360161378
937,0	0,74625529020303
938,0	0,7478383669225702
939,0	0,7391991667956284
940,0	0,736439275001124
941,0	0,7312690339094202
942,0	0,7343592450491466
943,0	0,7279638115169584
944,0	0,7278562570131718
945,0	0,7147696229535323
946,0	0,7200653678665206
947,0	0,7178844403122238
948,0	0,7293873895224058
949,0	0,7328594213029287
950,0	0,7269334970125565
951,0	0,7277576917208735
952,0	0,7446712452813605
953,0	0,7369528157008656
954,0	0,7354586619869068
955,0	0,7418775688625339
956,0	0,7428220200187907
957,0	0,7447293689618528
958,0	0,7345751293978183
959,0	0,7454331453772856
960,0	0,7420447894979542
961,0	0,7401584075464389
962,0	0,7464212045842065
963,0	0,7414843910450925
964,0	0,7423900755535443
965,0	0,7364074008698094
966,0	0,7432754065618405
967,0	0,7467324745855872
968,0	0,7506414617836287
969,0	0,7601275765558324
970,0	0,756779769384444
971,0	0,7559966586743222
972,0	0,7563451213790469
973,0	0,7590394080175857
974,0	0,7635617538032438
975,0	0,7746932122544169
976,0	0,7662059071826459
977,0	0,7778899704322136
978,0	0,7781011504286328
979,0	0,7803167817192046
980,0	0,7755341519034517
981,0	0,7917541628019218
982,0	0,7957093715122036
983,0	0,7942675454524436
984,0	0,7919421565619796
985,0	0,7885214718644203
986,0	0,7861978115573658
987,0	0,7767690977868286
988,0	0,7775877901305353
989,0	0,785279927366527
990,0	0,7826500100369063
991,0	0,7829336551240107
992,0	0,7723582726999367
993,0	0,7616668155883762
994,0	0,7615492563410063
995,0	0,763387570220383
996,0	0,7560782559289954
997,0	0,7478124653800569
998,0	0,7519153322463535
999,0	0,7597353505374176
1000,0	0,7513313966786981
1001,0	0,7493978680458695
1002,0	0,7470205024848693
1003,0	0,74602385202245
1004,0	0,7485244901093829
1005,0	0,757748244174802
1006,0	0,7555030137608727
1007,0	0,756992232542202
1008,0	0,758948035832014
1009,0	0,7642937336991784
1010,0	0,764793853102845
1011,0	0,7546144302041448
1012,0	0,7432017869648413
1013,0	0,7479445193964158
1014,0	0,7465740227953291
1015,0	0,7484826651517832
1016,0	0,7576305946468942
1017,0	0,7713283171788499
1018,0	0,7826124640808652
1019,0	0,7679932109221649
1020,0	0,7714567879126019
1021,0	0,7740178570925573
1022,0	0,776169688223035
1023,0	0,769590340596554
1024,0	0,7681151268680954
1025,0	0,7660188121197747
1026,0	0,7752480632764907
1027,0	0,7783694554253568
1028,0	0,7744774457980503
1029,0	0,7767794368473804
1030,0	0,7683437289716191
1031,0	0,763241833582289
1032,0	0,7508193296871246
1033,0	0,7414231315405266
1034,0	0,735496054890179
1035,0	0,7420540554210356
1036,0	0,7381728384029791
1037,0	0,7368691411202403
1038,0	0,7376387621584426
1039,0	0,7348313016736208
1040,0	0,7304552719541219
1041,0	0,728583610990924
1042,0	0,7204337165757386
1043,0	0,7303552818076628
1044,0	0,7208739985678468
1045,0	0,7175467167980848
1046,0	0,7059501468179963
1047,0	0,708225193388949
1048,0	0,7205660553342488
1049,0	0,7315242159406558
1050,0	0,7443084464043178
1051,0	0,7428495893501852
1052,0	0,7400876865705301
1053,0	0,7303748261026078
1054,0	0,7216659056180126
1055,0	0,7121540393232351
1056,0	0,7230723655491259
1057,0	0,7283511568850077
1058,0	0,7296021953366336
1059,0	0,7497982221779124
1060,0	0,7490529285186472
1061,0	0,7586310844413185
1062,0	0,7469809300482874
1063,0	0,76118287433214
1064,0	0,7752310612508932
1065,0	0,7789410410489233
1066,0	0,768283700318473
1067,0	0,7765168675442314
1068,0	0,7667456001531444
1069,0	0,7809522136291684
1070,0	0,7817088594108383
1071,0	0,7779159318306412
1072,0	0,7617151930902495
1073,0	0,7578914000090029
1074,0	0,7492820409498675
1075,0	0,7503886353896073
1076,0	0,7576570141638241
1077,0	0,7600425198276164
1078,0	0,7588623265501021
1079,0	0,7526117633572992
1080,0	0,7568608611518871
1081,0	0,7502287331667855
1082,0	0,7451579563053098
1083,0	0,7459685414716168
1084,0	0,7445907944968222
1085,0	0,7284865383382239
1086,0	0,729394622074941
1087,0	0,7229296278386664
1088,0	0,7111446924354466
1089,0	0,7103422727906354
1090,0	0,7164439903857173
1091,0	0,719963879391858
1092,0	0,7269491435864901
1093,0	0,7245605208254212
1094,0	0,7376784073389483
1095,0	0,7281724223360307
1096,0	0,7310232718686235
1097,0	0,729262147504707
1098,0	0,7272427828657031
1099,0	0,7337269110644202
1100,0	0,7386722903618538
1101,0	0,7325013988027783
1102,0	0,7273464628510276
1103,0	0,7343245304607877
1104,0	0,7259345096639024
1105,0	0,725382603980649
1106,0	0,7229782408642743
1107,0	0,7163953118251672
1108,0	0,7113813522242367
1109,0	0,6949533544291305
1110,0	0,6903088584459811
1111,0	0,688834187213813
1112,0	0,6934007485781416
1113,0	0,6922733368728231
1114,0	0,6961159443098168
1115,0	0,6956581728858798
1116,0	0,7001347777075148
1117,0	0,7068561351014676
1118,0	0,7037149530748481
1119,0	0,7196635218135623
1120,0	0,7291633218375726
1121,0	0,7261849574722353
1122,0	0,7264836162754006
1123,0	0,7200222812664702
1124,0	0,7237475544252925
1125,0	0,7184224090560652
1126,0	0,727475845031042
1127,0	0,7450235355168239
1128,0	0,7411823813222014
1129,0	0,7561715444255636
1130,0	0,7515651038447486
1131,0	0,7581577461510018
1132,0	0,7573171407255668
1133,0	0,7607331405339361
1134,0	0,7591706325481757
1135,0	0,7846799547763486
1136,0	0,7900276412596714
1137,0	0,7905375749496273
1138,0	0,7956970884094291
1139,0	0,8041898461326086
1140,0	0,7998230262845176
1141,0	0,7946236508548021
1142,0	0,7989734545134837
1143,0	0,7962418918026989
1144,0	0,7976595909798635
1145,0	0,8010120732191963
1146,0	0,7978020721481806
1147,0	0,7912652672574371
1148,0	0,7838119401348143
1149,0	0,7809394884834348
1150,0	0,7859962926653642
1151,0	0,7859159771269287
1152,0	0,7924231108830949
1153,0	0,781651966784411
1154,0	0,7801709150328949
1155,0	0,7890262133117554
1156,0	0,7935806081440875
1157,0	0,7965724090182945
1158,0	0,7976560005806203
1159,0	0,7964397888002355
1160,0	0,7969477534654987
1161,0	0,7998102004384262
1162,0	0,7934343696832302
1163,0	0,8023808651969806
1164,0	0,7926462054558954
1165,0	0,7955274196995662
1166,0	0,7944033975235013
1167,0	0,7936792252577983
1168,0	0,7988286355145808
1169,0	0,7940291906977791
1170,0	0,79583837148204
1171,0	0,7944981573543654
1172,0	0,7902080120188031
1173,0	0,7934562902131657
1174,0	0,7730371280714334
1175,0	0,7741286950548564
1176,0	0,7555953692208636
1177,0	0,7577112666281621
1178,0	0,7627421687519929
1179,0	0,755418406903148
1180,0	0,7485693466249033
1181,0	0,7541912858615004
1182,0	0,7431253130249503
1183,0	0,7483294102851435
1184,0	0,7598230700151798
1185,0	0,7645130878178545
1186,0	0,7759131228558119
1187,0	0,7808933553821968
1188,0	0,788454199193144
1189,0	0,7915266820223626
1190,0	0,7946930943038975
1191,0	0,796180027832642
1192,0	0,7943718013193533
1193,0	0,7895585758205655
1194,0	0,7850743519202753
1195,0	0,7928613492531361
1196,0	0,7904395213604287
1197,0	0,7892538760908926
1198,0	0,7930331190406009
1199,0	0,7977600631754879
1200,0	0,800172572160108
1201,0	0,797852848084403
1202,0	0,8066040542871227
1203,0	0,8001016530683921
1204,0	0,8063122283654404
1205,0	0,79587911064853
1206,0	0,7967815695245758
1207,0	0,7939112887791372
1208,0	0,7937208868656184
1209,0	0,7897808574008137
1210,0	0,7872197604999924
1211,0	0,7910681801595055
1212,0	0,7768752799415451
1213,0	0,7890084859314956
1214,0	0,7749552483990891
1215,0	0,7677951480442516
1216,0	0,7711726630192753
1217,0	0,7696266088189481
1218,0	0,7746267905594033
1219,0	0,7702195460345574
1220,0	0,7741099242013847
1221,0	0,7654889889100551
1222,0	0,7653287040165939
1223,0	0,7706611015380781
1224,0	0,7715338172852545
1225,0	0,7764689336308302
1226,0	0,7764615358571109
1227,0	0,7747089743913314
1228,0	0,7723748910902959
1229,0	0,7766159409134519
1230,0	0,7687416087512151
1231,0	0,7753139384723661
1232,0	0,7805921889696588
1233,0	0,7846733346432312
1234,0	0,7834639962893921
1235,0	0,7905927437290617
1236,0	0,792880563520912
1237,0	0,7899358758313639
1238,0	0,8010833543448571
1239,0	0,7949950047868862
1240,0	0,805263630970243
1241,0	0,7988658434641673
1242,0	0,7901561857655383
1243,0	0,7912865084298059
1244,0	0,8036170752946746
1245,0	0,7979231000115689
1246,0	0,798435411380008
1247,0	0,7938981074226805
1248,0	0,7931725248448456
1249,0	0,7994899807546123
1250,0	0,799698070264838
1251,0	0,8103318916136257
1252,0	0,8134390188454668
1253,0	0,814680000463408
1254,0	0,8171891211802311
1255,0	0,8165783599977899
1256,0	0,8181120445278313
1257,0	0,8206785010488916
1258,0	0,8169195082044052
1259,0	0,8205586218122614
1260,0	0,8236331453287337
1261,0	0,8170246373090543
1262,0	0,808271681500087
1263,0	0,8133664428858192
1264,0	0,8155309665667335
1265,0	0,8101270477575063
1266,0	0,798834238774152
1267,0	0,8071696744818033
1268,0	0,7974607197965506
1269,0	0,7925024896888221
1270,0	0,7946839815276376
1271,0	0,7872806099153269
1272,0	0,7889510721149018
1273,0	0,785491711031887
1274,0	0,7878182444621968
1275,0	0,7880488508681457
1276,0	0,7893523534714699
1277,0	0,8064198514871982
1278,0	0,7948630038035084
1279,0	0,7935865387975781
1280,0	0,7924103914210378
1281,0	0,8019080577913918
1282,0	0,794568128651649
1283,0	0,7986010782968785
1284,0	0,8114767351738378
1285,0	0,8080435615546411
1286,0	0,8111294326885934
1287,0	0,8095059042295726
1288,0	0,8106698199549116
1289,0	0,8085834077469097
1290,0	0,7981165664110662
1291,0	0,7952208815227764
1292,0	0,7889310951133428
1293,0	0,7878784454089645
1294,0	0,7880777914514321
1295,0	0,7859302491692325
1296,0	0,776678280532661
1297,0	0,7909604996637649
1298,0	0,7869461945034524
1299,0	0,7913421280856787
1300,0	0,7870521747178528
1301,0	0,7912253385762292
1302,0	0,7913637117774003
1303,0	0,7769118868385806
1304,0	0,7817745309106741
1305,0	0,7803893482561983
1306,0	0,7822597386500734
1307,0	0,7792273583035433
1308,0	0,7782008337517639
1309,0	0,7819012296549944
1310,0	0,7781233971363357
1311,0	0,7797714320179391
1312,0	0,7776642131900101
1313,0	0,7771044703759541
1314,0	0,7835060673406454
1315,0	0,7872790862563002
1316,0	0,7908972730064493
1317,0	0,7925137000910599
1318,0	0,7945214050316036
1319,0	0,7935245623240935
1320,0	0,7941481173985784
1321,0	0,7964112599589751
1322,0	0,7965524821170525
1323,0	0,798383843544301
1324,0	0,8024253858876886
1325,0	0,806939612124452
1326,0	0,8033052065120883
1327,0	0,7931062499173183
1328,0	0,7945455994888454
1329,0	0,7912762472944249
1330,0	0,793350410681158
1331,0	0,7937951302383773
1332,0	0,7980253976516429
1333,0	0,789787721099724
1334,0	0,7982216018387862
1335,0	0,7918098100882612
1336,0	0,8003528411253046
1337,0	0,805578157018625
1338,0	0,8004857194441971
1339,0	0,798053090346641
1340,0	0,7904733442664653
1341,0	0,7924699024316799
1342,0	0,787091463261855
1343,0	0,7918659245685253
1344,0	0,7880084814741312
1345,0	0,7801335819806036
1346,0	0,7809162197564856
1347,0	0,7754059293080229
1348,0	0,7904796601486235
1349,0	0,7933999535626447
1350,0	0,7946208509902808
1351,0	0,798621224378626
1352,0	0,7930790560063238
1353,0	0,8025591413568585
1354,0	0,7942676229740513
1355,0	0,7945919320693872
1356,0	0,7909204793023252
1357,0	0,7865448406329291
1358,0	0,7992199765786545
1359,0	0,7864005640261734
1360,0	0,7986413152569305
1361,0	0,7999651478121298
1362,0	0,8026445008133315
1363,0	0,8065319565372521
1364,0	0,8064590201212596
1365,0	0,8071123114020319
1366,0	0,8077899816414247
1367,0	0,7980555930049265
1368,0	0,8092447082966822
1369,0	0,8008733248691982
1370,0	0,8083192092863809
1371,0	0,8046619645343293
1372,0	0,7968668378552709
1373,0	0,7925765660561762
1374,0	0,802568706019324
1375,0	0,8048800611393583
1376,0	0,8017141045488516
1377,0	0,7994619048459013
1378,0	0,8046969498676427
1379,0	0,7995365158781209
1380,0	0,8024729554774703
1381,0	0,8014551340846551
1382,0	0,8026794290117127
1383,0	0,8018993377518573
1384,0	0,8026170180254518
1385,0	0,798482718024569
1386,0	0,7981690877977021
1387,0	0,7946837746700989
1388,0	0,792278758115671
1389,0	0,7925441972611057
1390,0	0,7936225826458435
1391,0	0,7949651457881642
1392,0	0,7945618024358521
1393,0	0,8031900090545064
1394,0	0,8039491661095024
1395,0	0,8031855858132484
1396,0	0,8011524584986391
1397,0	0,79844911225625
1398,0	0,8086965091741526
1399,0	0,8050255365525685
1400,0	0,8060934532428873
1401,0	0,7979915928982033
1402,0	0,806990836680198
1403,0	0,796600912339255
1404,0	0,798270947118456
1405,0	0,8098684085381639
1406,0	0,8104637102807586
1407,0	0,8054816224463535
1408,0	0,8030174580649387
1409,0	0,7999193193595667
1410,0	0,8035000715173927
1411,0	0,8042239598182622
1412,0	0,8022815529961157
1413,0	0,7921219741281645
1414,0	0,7891191883773067
1415,0	0,7940591025539484
1416,0	0,7935477885854725
1417,0	0,8001608652400922
1418,0	0,8014482394057155
1419,0	0,7950993050357394
1420,0	0,7923654798584542
1421,0	0,7910322877949157
1422,0	0,7903075667724098
1423,0	0,7915066826582321
1424,0	0,7866691357605115
1425,0	0,781832906389396
1426,0	0,7861943620000408
1427,0	0,7893898956052505
1428,0	0,7787174352327523
1429,0	0,7667564267892121
1430,0	0,7814111401761187
1431,0	0,7740398475208091
1432,0	0,7671374038069582
1433,0	0,7519118553327303
1434,0	0,7534894317897353
1435,0	0,7472320861203894
1436,0	0,7459583335397388
1437,0	0,7479860779917291
1438,0	0,7482986222524776
1439,0	0,7492806533559276
1440,0	0,7577588062979108
1441,0	0,7414466888583221
1442,0	0,7527827640853296
1443,0	0,7461080585595301
1444,0	0,7455862133557569
1445,0	0,7339355050549023
1446,0	0,7232086627755817
1447,0	0,7118784256011621
1448,0	0,705645147149728
1449,0	0,7090617811514699
1450,0	0,6985264718373639
1451,0	0,7026076717722665
1452,0	0,7175060716841194
1453,0	0,7238482656814207
1454,0	0,7129226136208889
1455,0	0,708644090446863
1456,0	0,713588020388483
1457,0	0,7146450361405499
1458,0	0,7124380342511121
1459,0	0,7102701604966435
1460,0	0,689818065387416
1461,0	0,6782628525534392
1462,0	0,6677706787431735
1463,0	0,655161598759858
1464,0	0,6433391805270965
1465,0	0,6297738784309064
1466,0	0,6179300632380287
1467,0	0,6274993546252213
1468,0	0,6333231372727777
1469,0	0,6311304904642945
1470,0	0,6245675876601636
1471,0	0,625734577115151
1472,0	0,6291806331538793
1473,0	0,6249394562995738
1474,0	0,6181687866756764
1475,0	0,6289932464458168
1476,0	0,620972191798256
1477,0	0,6155245954180095
1478,0	0,6152765324188618
1479,0	0,599943249336612
1480,0	0,6009223120191323
1481,0	0,6108389915720712
1482,0	0,6081791240618247
1483,0	0,6039333571457677
1484,0	0,6276941354354584
1485,0	0,6305552184856088
1486,0	0,6602761906599909
1487,0	0,6745128127996504
1488,0	0,6797562425141724
1489,0	0,6987211631898986
1490,0	0,6878298222478916
1491,0	0,6973256160167908
1492,0	0,6937750337694462
1493,0	0,6753483121848461
1494,0	0,666764255490523
1495,0	0,6718629737419684
1496,0	0,6582611148870606
1497,0	0,6659437516184114
1498,0	0,6642853469723632
1499,0	0,6718145446208985
1500,0	0,6767726776687493
1501,0	0,6632202760486214
1502,0	0,6524926700543292
1503,0	0,6496027611070787
1504,0	0,6355959425997769
1505,0	0,6289312218890875
1506,0	0,6411818535988226
1507,0	0,6315127226203153
1508,0	0,6338782488122567
1509,0	0,6332976547600682
1510,0	0,6310490898149866
1511,0	0,6397426628290941
1512,0	0,6341137583958039
1513,0	0,6337120365163871
1514,0	0,630981439250036
1515,0	0,6224690734715354
1516,0	0,6234065012177336
1517,0	0,6308035129879093
1518,0	0,6233892452342135
1519,0	0,6110864427460839
1520,0	0,6092252352131466
1521,0	0,6299443848293194
1522,0	0,6309588167289423
1523,0	0,6253986544030125
1524,0	0,636290634738015
1525,0	0,6377698182208043
1526,0	0,6384893916949169
1527,0	0,6370760929258259
1528,0	0,6185302327832503
1529,0	0,6332389340841379
1530,0	0,6316258999939237
1531,0	0,6184880064562827
1532,0	0,6049031440577924
1533,0	0,6134221974214634
1534,0	0,6059250849453095
1535,0	0,6027224848491561
1536,0	0,5871439509877681
1537,0	0,5805145179477091
1538,0	0,5881017287973259
1539,0	0,5540631902000493
1540,0	0,5466711121409927
1541,0	0,5634243210129242
1542,0	0,5553797954356869
1543,0	0,5532845575458054
1544,0	0,5369182179231858
1545,0	0,5341052778678377
1546,0	0,5495742455745071
1547,0	0,5435200679903585
1548,0	0,5507001945117462
1549,0	0,5346819223266728
1550,0	0,5314025090729155
1551,0	0,5537686463524919
1552,0	0,5175031150439036
1553,0	0,5175729492097445
1554,0	0,5488484926671265
1555,0	0,5263975280178823
1556,0	0,5212253400173509
1557,0	0,5278243220354433
1558,0	0,5353166859982754
1559,0	0,5281188490362779
1560,0	0,5353104214336895
1561,0	0,5693491364013028
1562,0	0,5689276944689656
1563,0	0,5850119624470349
1564,0	0,600803774068238
1565,0	0,6164971674958807
1566,0	0,6377867123486686
1567,0	0,6347902089278094
1568,0	0,6544932251208457
1569,0	0,6513644685664044
1570,0	0,6458595978468515
1571,0	0,650066102536085
1572,0	0,680567129366536
1573,0	0,6872878851575639
1574,0	0,6958199554294707
1575,0	0,6995671315106861
1576,0	0,6897326587708072
1577,0	0,7051618986048053
1578,0	0,7124504663069826
1579,0	0,7074517267583712
1580,0	0,7059802907745538
1581,0	0,7064155422830262
1582,0	0,7118533831501379
1583,0	0,727804922841985
1584,0	0,7271698073429983
1585,0	0,7155476377046972
1586,0	0,7206070070156029
1587,0	0,7381302812866403
1588,0	0,7311097209062367
1589,0	0,7537746939513595
1590,0	0,7470746501299557
1591,0	0,7549331029474037
1592,0	0,7521919675707411
1593,0	0,7524676664046969
1594,0	0,7517850437527818
1595,0	0,7539589126018211
1596,0	0,7576973492718782
1597,0	0,7522615899153395
1598,0	0,7591976623694596
1599,0	0,7524044448459579
1600,0	0,7545616798034519
1601,0	0,7581020138104141
1602,0	0,7577155436045903
1603,0	0,7570405905575842
1604,0	0,7615284751555526
1605,0	0,7628912945987001
1606,0	0,7680176067209772
1607,0	0,7752812767621527
1608,0	0,7791199735969512
1609,0	0,773439103733219
1610,0	0,7773884952859016
1611,0	0,7761698618735966
1612,0	0,7778716666709882
1613,0	0,7729348632475309
1614,0	0,7758885736039322
1615,0	0,7783059646053215
1616,0	0,7784943703926817
1617,0	0,7752844983274673
1618,0	0,7709651368094432
1619,0	0,7664574609452739
1620,0	0,7517130270122926
1621,0	0,7569339626003287
1622,0	0,7549275827755673
1623,0	0,7606410009817327
1624,0	0,7564339567848053
1625,0	0,7646153145169461
1626,0	0,7657527995679354
1627,0	0,7578117081710528
1628,0	0,7582423408567841
1629,0	0,7399843668174598
1630,0	0,7530845682306067
1631,0	0,7646293393135133
1632,0	0,7641778090772635
1633,0	0,7588853991803616
1634,0	0,7663263149831452
1635,0	0,7590511306735911
1636,0	0,7629452273871411
1637,0	0,7544003112201396
1638,0	0,7594801249845925
1639,0	0,7677082920730579
1640,0	0,7652793900493687
1641,0	0,7694428759240376
1642,0	0,7728142226777409
1643,0	0,7726083998968168
1644,0	0,7751570152209248
1645,0	0,7660081193789968
1646,0	0,7726728470083691
1647,0	0,7731639968358047
1648,0	0,7574500797088941
1649,0	0,764915141028134
1650,0	0,7626251240081307
1651,0	0,7543613966594771
1652,0	0,7513600832700061
1653,0	0,73980066293558
1654,0	0,7420924783181453
1655,0	0,7386786704978535
1656,0	0,742699226776962
1657,0	0,7459676780579669
1658,0	0,7600806222129844
1659,0	0,758280103749543
1660,0	0,7576030657950086
1661,0	0,7637589407707392
1662,0	0,7624147919536599
1663,0	0,7840403345790735
1664,0	0,7831066673678246
1665,0	0,7786171836420892
1666,0	0,7757100232098336
1667,0	0,7801273915213913
1668,0	0,791963966237795
1669,0	0,7810569968271192
1670,0	0,7906395564286539
1671,0	0,7914312920569022
1672,0	0,7787055513573627
1673,0	0,7652983043741394
1674,0	0,7610149597750675
1675,0	0,7645289790465597
1676,0	0,7688331756450386
1677,0	0,7674117477051408
1678,0	0,7682856912200181
1679,0	0,7677021058651198
1680,0	0,7503601965351457
1681,0	0,7583407343494749
1682,0	0,758508722700392
1683,0	0,7636826461287164
1684,0	0,7664062807915739
1685,0	0,7561678732587147
1686,0	0,7546913609153353
1687,0	0,7558447631055929
1688,0	0,7638547903223238
1689,0	0,7714440035972102
1690,0	0,7605953287810372
1691,0	0,7704257865768771
1692,0	0,7705966972121753
1693,0	0,770810123164118
1694,0	0,7734164165240407
1695,0	0,7613340346131239
1696,0	0,7644027287742535
1697,0	0,7680721896684062
1698,0	0,7791501189771087
1699,0	0,7828279121528714
1700,0	0,7963070631755302
1701,0	0,7952602689505475
1702,0	0,8010725180472869
1703,0	0,7973512350344248
1704,0	0,796865043043406
1705,0	0,7981013747585399
1706,0	0,7919425297797958
1707,0	0,7994402650689763
1708,0	0,7997925005847051
1709,0	0,8015585708527567
1710,0	0,8074754633397883
1711,0	0,8043275220766841
1712,0	0,7984819715046685
1713,0	0,803134371480968
1714,0	0,8026416359177465
1715,0	0,8004159414177606
1716,0	0,8001195442578295
1717,0	0,8043834706208788
1718,0	0,8070832876179456
1719,0	0,8054215811633327
1720,0	0,7954930057257252
1721,0	0,7952005868957062
1722,0	0,7976630433946187
1723,0	0,796683549433724
1724,0	0,7844185421004904
1725,0	0,7854037429799431
1726,0	0,7808701636297216
1727,0	0,7775246400004316
1728,0	0,7722818165053221
1729,0	0,7728137367314671
1730,0	0,7700041576208076
1731,0	0,7757462645239941
1732,0	0,7746791007280353
1733,0	0,7819519221752201
1734,0	0,7807314763657277
1735,0	0,7824266044534944
1736,0	0,7811846208917507
1737,0	0,7822643535973356
1738,0	0,7774994243231809
1739,0	0,7797208452482771
1740,0	0,780971552968015
1741,0	0,7810840801690095
1742,0	0,7740007763885939
1743,0	0,7710108192693168
1744,0	0,7744662387733658
1745,0	0,7691644411309936
1746,0	0,7585496599884202
1747,0	0,7476854216410742
1748,0	0,7476556260282982
1749,0	0,7507842117765154
1750,0	0,7459298962780003
1751,0	0,7580759870104465
1752,0	0,770078292579476
1753,0	0,779298130774653
1754,0	0,7748028111667918
1755,0	0,767998393059306
1756,0	0,7681531806564689
1757,0	0,7556935311371933
1758,0	0,7585252256062176
1759,0	0,7679727532059323
1760,0	0,7755565224995888
1761,0	0,7739671727912872
1762,0	0,7689305633700354
1763,0	0,7682065620017577
1764,0	0,7645227535718511
1765,0	0,7673194807549093
1766,0	0,755756800437765
1767,0	0,7546482616538045
1768,0	0,7540774301070096
1769,0	0,7556439803769555
1770,0	0,7618913079024723
1771,0	0,7470190813597928
1772,0	0,7430481178415059
1773,0	0,7365382041070472
1774,0	0,7407603743232375
1775,0	0,7430841636466798
1776,0	0,735574860485338
1777,0	0,7449583300160926
1778,0	0,7408664189178454
1779,0	0,7275136530373678
1780,0	0,7384103990437542
1781,0	0,7365434690307301
1782,0	0,7394865011521603
1783,0	0,743581981677605
1784,0	0,7413575645359933
1785,0	0,7444887986707716
1786,0	0,7431777918751644
1787,0	0,7412892434241647
1788,0	0,7464316323400391
1789,0	0,7626485144537618
1790,0	0,7555797948043166
1791,0	0,757703381550759
1792,0	0,7576144631949616
1793,0	0,7519221624218391
1794,0	0,7538323739731875
1795,0	0,7461879439704399
1796,0	0,7416531390384132
1797,0	0,740327324900522
1798,0	0,7321414196026472
1799,0	0,7404555955347292
1800,0	0,7401989783674754
1801,0	0,7460256275740699
1802,0	0,74740349434751
1803,0	0,7559129893179546
1804,0	0,7570698290982193
1805,0	0,76250186692472
1806,0	0,7766427168121045
1807,0	0,7822234147014459
1808,0	0,7750073541778868
1809,0	0,7740056842678023
1810,0	0,7778711626427703
1811,0	0,7754259157615813
1812,0	0,7763095835418796
1813,0	0,7819326168106175
1814,0	0,7857032492871161
1815,0	0,7832145611789192
1816,0	0,7807889326861707
1817,0	0,7828412003731728
1818,0	0,7766992289361648
1819,0	0,7767476654902239
1820,0	0,7827043179416537
1821,0	0,7795777341050423
1822,0	0,7862453473198546
1823,0	0,7837624296752463
1824,0	0,7879118594738518
1825,0	0,785833850212765
1826,0	0,7711510102860162
1827,0	0,7661902330486308
1828,0	0,7635820502933386
1829,0	0,7539874754287496
1830,0	0,751544623512992
1831,0	0,7480703337779852
1832,0	0,7498658245264133
1833,0	0,7499681056624893
1834,0	0,7525715031825423
1835,0	0,7551998048461884
1836,0	0,7482848131164955
1837,0	0,7613493743111557
1838,0	0,7522355630395882
1839,0	0,7495885464710014
1840,0	0,7591568561898118
1841,0	0,7452913412692748
1842,0	0,7471338386824894
1843,0	0,7628099374620573
1844,0	0,7612260245883946
1845,0	0,7579046696207653
1846,0	0,7608660247512892
1847,0	0,7593225758338072
1848,0	0,763498189837271
1849,0	0,7661566271594693
1850,0	0,7664078700572272
1851,0	0,7654156674666484
1852,0	0,7683134193407063
1853,0	0,7657226495510224
1854,0	0,7716907863801842
1855,0	0,7718451500904916
1856,0	0,7740723916422576
1857,0	0,7802908008892602
1858,0	0,7733387034169704
1859,0	0,7762791453872593
1860,0	0,7835481193710793
1861,0	0,7860777038135299
1862,0	0,7899522298796559
1863,0	0,781439348885045
1864,0	0,7863250102183852
1865,0	0,7992757063333598
1866,0	0,8014580205330181
1867,0	0,8036739000860941
1868,0	0,8033899882635601
1869,0	0,8047994282836937
1870,0	0,8022537675495676
1871,0	0,8053299485457796
1872,0	0,7949152723208658
1873,0	0,7912822882432536
1874,0	0,7897506534238554
1875,0	0,7872159081369466
1876,0	0,7879445131248057
1877,0	0,7922880889658416
1878,0	0,7956663342668322
1879,0	0,7951486316818039
1880,0	0,7901167668448248
1881,0	0,7925601347974313
1882,0	0,790799719163425
1883,0	0,7924399094460242
1884,0	0,7946518800395568
1885,0	0,8029139013039913
1886,0	0,7945431224266379
1887,0	0,7933160433082674
1888,0	0,7994811020943589
1889,0	0,790900134682032
1890,0	0,7863040093692691
1891,0	0,7847159862303305
1892,0	0,7811497393263215
1893,0	0,7771991040821283
1894,0	0,7737693204982227
1895,0	0,7781537123951603
1896,0	0,7793236895836485
1897,0	0,7754779516825764
1898,0	0,7754002143573042
1899,0	0,7763397754049274
1900,0	0,7853546200471891
1901,0	0,7828114363154436
1902,0	0,7912536058255268
1903,0	0,7879377283560975
1904,0	0,7993313316901703
1905,0	0,8073513134301192
1906,0	0,8132755889470447
1907,0	0,8128613006776245
1908,0	0,8165739403845284
1909,0	0,8233416048167285
1910,0	0,8139626819473084
1911,0	0,8204273995779149
1912,0	0,8209086885571237
1913,0	0,8174326648502929
1914,0	0,8221722878419675
1915,0	0,8188665516235838
1916,0	0,8173162772078293
1917,0	0,8194816680630149
1918,0	0,8173231948655758
1919,0	0,814102324019489
1920,0	0,812276088615007
1921,0	0,8085187771745801
1922,0	0,8100978656009835
1923,0	0,8093700376800552
1924,0	0,8100778384113374
1925,0	0,803155559604519
1926,0	0,8082261993317201
1927,0	0,8049121872310241
1928,0	0,8111303288837022
1929,0	0,8098974017834837
1930,0	0,8025032090559883
1931,0	0,8036378369679906
1932,0	0,8098458186236576
1933,0	0,8044253144744753
1934,0	0,8131123488913655
1935,0	0,8078772181256674
1936,0	0,8153923249677621
1937,0	0,8077762543856011
1938,0	0,8062896248499468
1939,0	0,8075004987482953
1940,0	0,8031881676504342
1941,0	0,8023311311168817
1942,0	0,7971334634982781
1943,0	0,789517087986872
1944,0	0,7936341085639042
1945,0	0,7942795430561027
1946,0	0,7906591849991359
1947,0	0,7885323716403889
1948,0	0,7784781784387224
1949,0	0,7755545193767178
1950,0	0,7796448192177788
1951,0	0,7819586966742663
1952,0	0,7885115640577145
1953,0	0,7817441862398841
1954,0	0,7825379881730116
1955,0	0,7842757934984464
1956,0	0,7808644678292833
1957,0	0,7767255216468023
1958,0	0,7878164181329722
1959,0	0,7844544616186749
1960,0	0,7928945366736369
1961,0	0,7882121829169706
1962,0	0,7855290025926418
1963,0	0,7958015605029868
1964,0	0,7849891977640735
1965,0	0,7705985536034166
1966,0	0,7781436005827874
1967,0	0,7825339969443184
1968,0	0,7755218412428846
1969,0	0,7769027189779095
1970,0	0,7708413310391922
1971,0	0,774040887069857
1972,0	0,7676766194970454
1973,0	0,7650442460589826
1974,0	0,7629302263204826
1975,0	0,7545500374834986
1976,0	0,7510541872530536
1977,0	0,7539666657160602
1978,0	0,7624806270906341
1979,0	0,7656154847415964
1980,0	0,7532247226422544
1981,0	0,7562686843925922
1982,0	0,759198135948651
1983,0	0,7586222243368214
1984,0	0,7556622614377715
1985,0	0,7453055047948551
1986,0	0,743641408865389
1987,0	0,7423506033425913
1988,0	0,7396332158649616
1989,0	0,7367803950395492
1990,0	0,7349752575204708
1991,0	0,7226355643195601
1992,0	0,7282178529765888
1993,0	0,7279493309629574
1994,0	0,7268320114437852
1995,0	0,7295659541111909
1996,0	0,7280713150208616
1997,0	0,7360317003521041
1998,0	0,741433451389589
1999,0	0,7321662745461186
2000,0	0,7328327448022516
