N: 300.0	L: 25.0	Density:0.48	Noise: 0.1
Time	 Va	
0.0	0.034332331215650005
1.0	0.07520545936051044
2.0	0.06716379169548262
3.0	0.06914264259921661
4.0	0.07865481700061243
5.0	0.07142284804298324
6.0	0.05816138766696493
7.0	0.05439662618956959
8.0	0.033205084722181935
9.0	0.02434013731295368
10.0	0.02003960672783168
11.0	0.009492196067455988
12.0	0.014106914859718721
13.0	0.015385132101908247
14.0	0.02598494750518768
15.0	0.03548488506145615
16.0	0.04559584908678729
17.0	0.05516730910294351
18.0	0.04988747414356277
19.0	0.05451553774835337
20.0	0.06134189467549153
21.0	0.09664672572822164
22.0	0.10256637384434547
23.0	0.11315905868454043
24.0	0.12148173651103825
25.0	0.12090464740011254
26.0	0.12158099763954873
27.0	0.1161371820426796
28.0	0.10568226865009404
29.0	0.0956266086476408
30.0	0.09034585573914283
31.0	0.11482451542899766
32.0	0.13736413801144856
33.0	0.14568718957949198
34.0	0.15123230956374156
35.0	0.15386411306171868
36.0	0.16420627870932503
37.0	0.18344307846935012
38.0	0.20289652392650398
39.0	0.2185585256783081
40.0	0.2277691513404174
41.0	0.2336153309543188
42.0	0.23478848109735473
43.0	0.240801712874351
44.0	0.24910937192055696
45.0	0.2598190793796559
46.0	0.27305951112634386
47.0	0.28028248827424806
48.0	0.2856308620629291
49.0	0.28892365680309123
50.0	0.2873884840065406
51.0	0.2899777971460038
52.0	0.2999935874659804
53.0	0.30962259800793085
54.0	0.32142654360155876
55.0	0.33186395291413656
56.0	0.33949516429504667
57.0	0.3431526291178886
58.0	0.3428865569966143
59.0	0.3437159474543524
60.0	0.3415731067438718
61.0	0.34160973456180854
62.0	0.34388319846814036
63.0	0.34756931223360515
64.0	0.35088047086252194
65.0	0.35192551374325354
66.0	0.3455087662281777
67.0	0.3506072522558755
68.0	0.35649202136348024
69.0	0.3584172964583078
70.0	0.3565249026519023
71.0	0.3548950359518658
72.0	0.3565064948106704
73.0	0.35998430224700784
74.0	0.3615286454892718
75.0	0.3676870020957962
76.0	0.3839728316912868
77.0	0.4027667450255605
78.0	0.41724392337859
79.0	0.42420767597278425
80.0	0.4288444581157364
81.0	0.4307516489919535
82.0	0.435065097593287
83.0	0.4378982248420386
84.0	0.4385453526428366
85.0	0.4392066432285029
86.0	0.4368952622402653
87.0	0.43631496546957904
88.0	0.43471824321535607
89.0	0.4406075429245374
90.0	0.44356526346722974
91.0	0.44503021075891375
92.0	0.4501167148385827
93.0	0.4535592894163991
94.0	0.45408934220762276
95.0	0.45265307503549523
96.0	0.450170453390904
97.0	0.4480479762154772
98.0	0.44924813504588534
99.0	0.44821869428921735
100.0	0.44836945684515295
101.0	0.4485228828883819
102.0	0.45152533386006655
103.0	0.44536785006477797
104.0	0.44348884388426957
105.0	0.4416850414244976
106.0	0.4422787865320972
107.0	0.43668304100282973
108.0	0.4356851712651293
109.0	0.43640639782752283
110.0	0.43578955545593473
111.0	0.4331398886699704
112.0	0.4326515886784544
113.0	0.4291771345340372
114.0	0.43228982376223274
115.0	0.43165222050740715
116.0	0.4319281293088764
117.0	0.43221396680958174
118.0	0.43510555282120167
119.0	0.43555356392564687
120.0	0.4360018703284618
121.0	0.43416474117368187
122.0	0.4343337200767425
123.0	0.43736255455533996
124.0	0.43876105107566254
125.0	0.43806163486080285
126.0	0.43410559963674106
127.0	0.435613052852403
128.0	0.43375256464256345
129.0	0.43548335731931076
130.0	0.4361024877580519
131.0	0.4355249879153596
132.0	0.43604243326354497
133.0	0.4363068267445238
134.0	0.43597218422060535
135.0	0.44103533012502105
136.0	0.4444498909346809
137.0	0.4421515078696648
138.0	0.44186509186104517
139.0	0.4402904555626143
140.0	0.4407467502844196
141.0	0.4389385128544968
142.0	0.43351951802368394
143.0	0.43014126812495035
144.0	0.42202812588193755
145.0	0.4156150570557925
146.0	0.416424615625668
147.0	0.41946676143017686
148.0	0.4198430020613224
149.0	0.4221598445571829
150.0	0.4210780949593801
151.0	0.4180169382436236
152.0	0.42183933726230094
153.0	0.42472087267555625
154.0	0.4248263022224442
155.0	0.41953701869383125
156.0	0.4181757597822443
157.0	0.4197085465739748
158.0	0.4221591057276296
159.0	0.42742657494417174
160.0	0.43252006171439406
161.0	0.4331947065353949
162.0	0.43801744009185617
163.0	0.43822798383930933
164.0	0.4381166623584418
165.0	0.4388502997021131
166.0	0.4406279603585905
167.0	0.44554752756111
168.0	0.4482360543365376
169.0	0.45158897334385106
170.0	0.45097620953191325
171.0	0.44805581119310645
172.0	0.4450099920030778
173.0	0.4419450319497946
174.0	0.4414598319992096
175.0	0.4386424455056795
176.0	0.43638896958564255
177.0	0.44025176798248955
178.0	0.43741749260978957
179.0	0.44259284609797145
180.0	0.4445278525305286
181.0	0.4473085335195597
182.0	0.4491961862589239
183.0	0.4483519009125461
184.0	0.443408656788248
185.0	0.4440707307197009
186.0	0.44497217117132176
187.0	0.44348608776662474
188.0	0.4455330995276114
189.0	0.4446835848048314
190.0	0.44446202391627493
191.0	0.4444033937471126
192.0	0.4438918718986771
193.0	0.44727620438977783
194.0	0.44861532095935275
195.0	0.45275285582839536
196.0	0.45067801956353254
197.0	0.4479634148611071
198.0	0.4464120350754932
199.0	0.44640546228143196
200.0	0.44874855931801216
201.0	0.4503614990114346
202.0	0.45135709926615847
203.0	0.45530047926663664
204.0	0.4584693512868033
205.0	0.4571444040809383
206.0	0.4588338321068558
207.0	0.4585866452650679
208.0	0.4554003261263619
209.0	0.4519529112679231
210.0	0.4543575963771781
211.0	0.4564368963642885
212.0	0.4589732293581801
213.0	0.4616722617734239
214.0	0.4601557757946576
215.0	0.46281858422852246
216.0	0.4613709737057076
217.0	0.46091790695591256
218.0	0.4646832823703503
219.0	0.4632466151431717
220.0	0.46219762063823155
221.0	0.46246405360851034
222.0	0.4569282087026135
223.0	0.45477157064935686
224.0	0.45440886183692647
225.0	0.4561246080073151
226.0	0.4562382292704206
227.0	0.45626572084474315
228.0	0.4582031811734483
229.0	0.45874185402689915
230.0	0.4539727006972178
231.0	0.4544220324230365
232.0	0.4530978448089033
233.0	0.4500152272211112
234.0	0.44683055411772954
235.0	0.44897445342700515
236.0	0.45024899326825013
237.0	0.45170782000950915
238.0	0.45377283481573555
239.0	0.4522609032312675
240.0	0.4488306818902075
241.0	0.44571791474331574
242.0	0.4445549086161476
243.0	0.4442015646802745
244.0	0.4450889410617603
245.0	0.4501321787272552
246.0	0.4472305726525007
247.0	0.4471676603815421
248.0	0.44717307993665656
249.0	0.44642851949839363
250.0	0.4419605710862409
251.0	0.4486058975479165
252.0	0.44924537589305596
253.0	0.45025731676913794
254.0	0.452414183466919
255.0	0.45114854344846567
256.0	0.45150596237532326
257.0	0.4537097908336177
258.0	0.4534864457500084
259.0	0.4574383871598065
260.0	0.456317102256952
261.0	0.4592589405051736
262.0	0.45906643122852
263.0	0.4597484190388958
264.0	0.4625942153918809
265.0	0.46271826197480537
266.0	0.4614583602765897
267.0	0.4612516883518763
268.0	0.4584048313100642
269.0	0.45490411733921704
270.0	0.45851045927173933
271.0	0.46194643094062043
272.0	0.4647913132440768
273.0	0.4608585425257823
274.0	0.4613837787432128
275.0	0.46336969768884334
276.0	0.464389595786816
277.0	0.45892053665997223
278.0	0.459076981363529
279.0	0.4566967896063957
280.0	0.45734920129477924
281.0	0.4567633476170338
282.0	0.46035759590061676
283.0	0.4611857794299038
284.0	0.46088770078189667
285.0	0.45698617386221957
286.0	0.4590625662895135
287.0	0.4574171687420371
288.0	0.45322725080178766
289.0	0.45279414754724906
290.0	0.45033752178867703
291.0	0.4531003029538092
292.0	0.4562469414134705
293.0	0.4599795129764838
294.0	0.4645015945046901
295.0	0.4638262900014984
296.0	0.4659938958639041
297.0	0.4661039913034437
298.0	0.4681471759414634
299.0	0.46992143416260124
300.0	0.47226385749701677
301.0	0.4727520071025594
302.0	0.4709175601915829
303.0	0.469128164313847
304.0	0.46919752119833213
305.0	0.4687480596434911
306.0	0.46796257205708525
307.0	0.46630901963646326
308.0	0.4663306007052151
309.0	0.4672155432425948
310.0	0.46829816494971904
311.0	0.46927862050145935
312.0	0.4726998085991563
313.0	0.4734679866471498
314.0	0.472846515739548
315.0	0.47471815978749393
316.0	0.4730663379126862
317.0	0.4730521089951347
318.0	0.47772900678944213
319.0	0.48184858052898044
320.0	0.483935796086601
321.0	0.484923189039662
322.0	0.48089268730326357
323.0	0.48567254950741373
324.0	0.4949722024339406
325.0	0.5138805880943548
326.0	0.5305854509127879
327.0	0.5561785923480832
328.0	0.5828784112264419
329.0	0.6068793768454918
330.0	0.6314349283956291
331.0	0.6538994606530674
332.0	0.6767289143311448
333.0	0.69736423005645
334.0	0.7195355897283497
335.0	0.7340521491104551
336.0	0.7461118881533837
337.0	0.7582558969087745
338.0	0.7720744512906373
339.0	0.777862897632435
340.0	0.7826238762875998
341.0	0.787470669699662
342.0	0.7904641960502506
343.0	0.7948275603816917
344.0	0.7956704828057133
345.0	0.7977408589466704
346.0	0.8037084746811254
347.0	0.810499742611179
348.0	0.8118566337058889
349.0	0.8159603721872545
350.0	0.8169597002838278
351.0	0.8227154909250997
352.0	0.8230920269697596
353.0	0.8241291211575303
354.0	0.8254964425252619
355.0	0.8270070367528267
356.0	0.8284392273222654
357.0	0.8292711256311427
358.0	0.8305802356483503
359.0	0.8314021251299235
360.0	0.8322700793724687
361.0	0.832207003022619
362.0	0.8304489250983608
363.0	0.8320214134578643
364.0	0.8308581270673373
365.0	0.8318914252342552
366.0	0.8303975944426439
367.0	0.8303315648476051
368.0	0.8294357021414033
369.0	0.8293293384293713
370.0	0.8283737401151157
371.0	0.8267700409868222
372.0	0.8232944086090146
373.0	0.8232555001147688
374.0	0.826973440068389
375.0	0.8245076880110599
376.0	0.8232328586253368
377.0	0.8253635457721067
378.0	0.8229875206510128
379.0	0.8213163844524972
380.0	0.8191315042616555
381.0	0.8217464325684755
382.0	0.819612235766342
383.0	0.8215798790569281
384.0	0.8222394344222957
385.0	0.8230578344249965
386.0	0.8253150749925909
387.0	0.8263936400791345
388.0	0.8278252739741732
389.0	0.8280164706230224
390.0	0.8305069591609328
391.0	0.8299031857278416
392.0	0.8307372837672798
393.0	0.8335423308667351
394.0	0.8308290698354794
395.0	0.8287727957934177
396.0	0.8278113870154178
397.0	0.8283370787172645
398.0	0.8308885508190389
399.0	0.8271032825132261
400.0	0.8274415485915197
401.0	0.8280718814502153
402.0	0.8289340357541717
403.0	0.8323136924507182
404.0	0.8333079928367642
405.0	0.8323602717287505
406.0	0.8332007240780017
407.0	0.8325559961250832
408.0	0.8329774162917635
409.0	0.8342700276376891
410.0	0.832018267342153
411.0	0.8306189545522695
412.0	0.8288397706396774
413.0	0.8287569670329161
414.0	0.8284971291346461
415.0	0.8264819783845486
416.0	0.8261067301831744
417.0	0.8268290830328191
418.0	0.8277155206081042
419.0	0.8282353983040635
420.0	0.8274347922078601
421.0	0.827150553432445
422.0	0.8270624677805595
423.0	0.8269831897759771
424.0	0.8258508916420818
425.0	0.8247761185372156
426.0	0.8233589842948299
427.0	0.8210552718446807
428.0	0.8208379184241031
429.0	0.8212626652237017
430.0	0.8204114259223617
431.0	0.8199677727662102
432.0	0.8180956400116726
433.0	0.8162988306524602
434.0	0.8177630931403401
435.0	0.8184340306816891
436.0	0.8158249642142426
437.0	0.8186998258826386
438.0	0.8165943018555879
439.0	0.8164844443568028
440.0	0.8162315025434647
441.0	0.8172742162571778
442.0	0.8174214430434925
443.0	0.8167869235866413
444.0	0.8191275103779598
445.0	0.8198554250783886
446.0	0.821785395867033
447.0	0.8252700558685107
448.0	0.8243302430289401
449.0	0.8229538926442771
450.0	0.821238963597162
451.0	0.8177149693232928
452.0	0.8185152688941157
453.0	0.816884981310769
454.0	0.8152681998435993
455.0	0.816728712481977
456.0	0.8163848038984295
457.0	0.8160699334459587
458.0	0.8165558076861081
459.0	0.8182364844739413
460.0	0.8205159386621875
461.0	0.8229419076630529
462.0	0.8235753031355643
463.0	0.8260802729136589
464.0	0.826290314479058
465.0	0.8259666175614847
466.0	0.8265192911348882
467.0	0.8263865888052404
468.0	0.8263500032759097
469.0	0.8243153874650168
470.0	0.8221122892479937
471.0	0.821540877117224
472.0	0.8227843496238786
473.0	0.8256233484322575
474.0	0.829454382941008
475.0	0.8320953535992113
476.0	0.8351173467773086
477.0	0.8381644707474416
478.0	0.842427538292459
479.0	0.8450779080259138
480.0	0.8504208192688028
481.0	0.8528872240168771
482.0	0.856797479608989
483.0	0.8613970221265316
484.0	0.8672318703379845
485.0	0.8695111402784822
486.0	0.8720249183530283
487.0	0.8750518949628274
488.0	0.8788025435665839
489.0	0.8790912305522199
490.0	0.8794989526886223
491.0	0.8806922068397094
492.0	0.8830585261808395
493.0	0.8868837551862594
494.0	0.885596881189377
495.0	0.8894970390276485
496.0	0.8895981009410493
497.0	0.8905381340749309
498.0	0.8890068713384736
499.0	0.8887090988384996
500.0	0.8887934470885728
501.0	0.8871186674656769
502.0	0.8868663642089152
503.0	0.888526754409937
504.0	0.8886823317660916
505.0	0.8909294433224569
506.0	0.8889443249342319
507.0	0.8916610061645834
508.0	0.8947167187700722
509.0	0.8985391193627797
510.0	0.9052239008145329
511.0	0.911706079266825
512.0	0.9178135632984177
513.0	0.9247122951669341
514.0	0.9331597603658304
515.0	0.9416075456783327
516.0	0.947217305593007
517.0	0.9548794307859492
518.0	0.9606653731031891
519.0	0.9650620506101545
520.0	0.9687282157769858
521.0	0.9704026896744093
522.0	0.9727383355717234
523.0	0.9740058831125894
524.0	0.9752448277442345
525.0	0.9759505975374869
526.0	0.9759648473466894
527.0	0.9767541165825863
528.0	0.9772945942998899
529.0	0.977559007814909
530.0	0.9777077690091575
531.0	0.9782286393343096
532.0	0.9791171269941968
533.0	0.9786598342334004
534.0	0.9785297974378946
535.0	0.9796427032450219
536.0	0.9791935104727246
537.0	0.979207447933552
538.0	0.9790278521374827
539.0	0.9789650429130352
540.0	0.980024141694336
541.0	0.9798763510224188
542.0	0.9798625431700493
543.0	0.9802097502986089
544.0	0.9791849383587878
545.0	0.9794020908994987
546.0	0.9804184641788156
547.0	0.9800226466401956
548.0	0.979714587167151
549.0	0.9787790910623227
550.0	0.9775886584383418
551.0	0.9777725569315247
552.0	0.9777215315744188
553.0	0.9772094021127272
554.0	0.9760910050129905
555.0	0.9764923328879351
556.0	0.9766977168217551
557.0	0.976373782847469
558.0	0.9755081784672431
559.0	0.9741565250598476
560.0	0.9733517808134753
561.0	0.9719233889207669
562.0	0.9711964322283075
563.0	0.9721206660528303
564.0	0.9719650216242802
565.0	0.9706715353813153
566.0	0.9703612571557556
567.0	0.970577196710469
568.0	0.9708315765308458
569.0	0.9706843497385944
570.0	0.9700428798675986
571.0	0.9696692100136047
572.0	0.9702069798630657
573.0	0.9701303836348145
574.0	0.9695320874101343
575.0	0.9695718443288357
576.0	0.9683833298975736
577.0	0.9686418497489944
578.0	0.9682783145509096
579.0	0.9683471895046891
580.0	0.9688649559915538
581.0	0.9693687886362016
582.0	0.967682059937121
583.0	0.9684824192631561
584.0	0.9672861531752229
585.0	0.9671845885444144
586.0	0.9665898784462057
587.0	0.965919086884835
588.0	0.9647888368233951
589.0	0.9638180516432938
590.0	0.9629693598953553
591.0	0.9628416613489995
592.0	0.9631688522716826
593.0	0.9625609425865667
594.0	0.9649191363765103
595.0	0.9648169708941012
596.0	0.964556086429938
597.0	0.9646516347937681
598.0	0.9647130873559184
599.0	0.9648274299078091
600.0	0.9655702989341598
601.0	0.9651621268029478
602.0	0.9653587367783473
603.0	0.965240432331174
604.0	0.9667866670096852
605.0	0.9677969790409389
606.0	0.968859000615418
607.0	0.9699689967816855
608.0	0.9704069178267253
609.0	0.9716171223081138
610.0	0.971230240901519
611.0	0.972724680584706
612.0	0.9744897316539615
613.0	0.9754410308847545
614.0	0.9773116001836157
615.0	0.9785305805231368
616.0	0.9794399263883627
617.0	0.9795828246357571
618.0	0.9784929452800426
619.0	0.9788386736848932
620.0	0.9796018402941817
621.0	0.9805909099110766
622.0	0.9812754451580952
623.0	0.9818450699732566
624.0	0.981910284810155
625.0	0.9825027440318871
626.0	0.9827762981653275
627.0	0.9823186780417098
628.0	0.9816215792159636
629.0	0.9807746493685585
630.0	0.9802974887759215
631.0	0.9794980564236544
632.0	0.9795678020332098
633.0	0.9790676921958084
634.0	0.9778611596008701
635.0	0.9776735023244513
636.0	0.9783873790998356
637.0	0.9786198322953363
638.0	0.9779500463340447
639.0	0.977696020449176
640.0	0.9780032434278212
641.0	0.9779424540011458
642.0	0.9771100301605391
643.0	0.9763165568996043
644.0	0.9770835987267874
645.0	0.9764374470603037
646.0	0.9762449057631716
647.0	0.9770101020499277
648.0	0.9768352042861953
649.0	0.9765930863214204
650.0	0.9768225395664021
651.0	0.976206597053273
652.0	0.9761899076744923
653.0	0.9764194643818005
654.0	0.9766420673772555
655.0	0.9763493479661226
656.0	0.9770504957139035
657.0	0.9778009840073513
658.0	0.9770984765237185
659.0	0.9774892674304837
660.0	0.9765204162450224
661.0	0.9762380199040632
662.0	0.9743346895501159
663.0	0.9742095714653991
664.0	0.9740967123832189
665.0	0.9746399017488743
666.0	0.9746880740607269
667.0	0.9748320015000682
668.0	0.9744584601276146
669.0	0.9747603699752562
670.0	0.9750821407341272
671.0	0.9748187729533504
672.0	0.9753874124879716
673.0	0.9754616105199188
674.0	0.9760083862931408
675.0	0.9764120826635485
676.0	0.9762230721200199
677.0	0.9767028142841272
678.0	0.9774569564239042
679.0	0.9776544335237267
680.0	0.9780222015922058
681.0	0.978713127134714
682.0	0.9781468497569126
683.0	0.9781698594640673
684.0	0.9775265230572396
685.0	0.9769381718171531
686.0	0.9772624697931148
687.0	0.9771600792955163
688.0	0.9771940820504686
689.0	0.9776937947480222
690.0	0.9773546571480668
691.0	0.9777263800210224
692.0	0.9771234347243268
693.0	0.9769333021159696
694.0	0.9769862470262014
695.0	0.9786938108945121
696.0	0.9788621823915966
697.0	0.9804105719168695
698.0	0.9809508755258236
699.0	0.9805811972131265
700.0	0.979985414535334
701.0	0.9801880554331971
702.0	0.9807900457337916
703.0	0.9809589147505834
704.0	0.9807120284919969
705.0	0.9823007485887921
706.0	0.9837575091164679
707.0	0.9835047767549407
708.0	0.9837161788963813
709.0	0.9839432690051001
710.0	0.9840741359667957
711.0	0.9844501355734617
712.0	0.9839983093859934
713.0	0.9844978442946228
714.0	0.9845063455701
715.0	0.9856714213650907
716.0	0.9865936888275223
717.0	0.9864466532405809
718.0	0.9866306370745448
719.0	0.9865536405927786
720.0	0.9870414170967482
721.0	0.9876032507165675
722.0	0.9864706807933964
723.0	0.9871422988567188
724.0	0.9868948309108149
725.0	0.9874625833400196
726.0	0.9875643061871742
727.0	0.9875768218925433
728.0	0.9872480149407036
729.0	0.9872201624159203
730.0	0.9878325731049341
731.0	0.9882130032848505
732.0	0.9879933896862182
733.0	0.9877825110666619
734.0	0.9879834197472421
735.0	0.9872271465548077
736.0	0.9872253358914138
737.0	0.9872848824250116
738.0	0.9874321690255243
739.0	0.9871356459487457
740.0	0.9875083977820333
741.0	0.9869653193335097
742.0	0.9871986204274134
743.0	0.9868308202306351
744.0	0.9871181593420597
745.0	0.9869489120399223
746.0	0.9864749238870606
747.0	0.9866393070545878
748.0	0.9868097360416148
749.0	0.9874852688774166
750.0	0.9881185209153971
751.0	0.9881692589684555
752.0	0.987450465317137
753.0	0.9856625848675316
754.0	0.9859742627102599
755.0	0.9856140062281177
756.0	0.9853982456357738
757.0	0.9841950587196044
758.0	0.9835540392771617
759.0	0.9836059763799766
760.0	0.98378662782108
761.0	0.9841902724226639
762.0	0.982885740646822
763.0	0.983018228814995
764.0	0.9826504023173317
765.0	0.9832219705917985
766.0	0.983118240802737
767.0	0.983146720877005
768.0	0.9826354662874808
769.0	0.9826037695239342
770.0	0.9829006390266131
771.0	0.9838355800810551
772.0	0.9833680028499486
773.0	0.9842357427310233
774.0	0.9839277786199399
775.0	0.9836829064284753
776.0	0.9834830867860425
777.0	0.9841517981179866
778.0	0.9842420324905835
779.0	0.9839843258015379
780.0	0.9843677406475777
781.0	0.9847453640279994
782.0	0.9833784115078983
783.0	0.9835155821041041
784.0	0.9818216839987592
785.0	0.9822186416689509
786.0	0.9828769132305458
787.0	0.9830668414876508
788.0	0.9830770263361703
789.0	0.9836098428943665
790.0	0.984203106598328
791.0	0.9841484831156562
792.0	0.983737231008284
793.0	0.9839199417605035
794.0	0.9841347144087493
795.0	0.9848473631393263
796.0	0.9846793741787585
797.0	0.9852890772073585
798.0	0.985015370314505
799.0	0.984705906332983
800.0	0.9845940245672382
801.0	0.9839675214300657
802.0	0.9828696759213241
803.0	0.982418681509795
804.0	0.9829717953309354
805.0	0.9834319613964051
806.0	0.98394465601119
807.0	0.9833373700946747
808.0	0.984100345812699
809.0	0.9846542303602512
810.0	0.9845920080504477
811.0	0.9839713183175093
812.0	0.9839364478271732
813.0	0.9837256025498612
814.0	0.984014682762739
815.0	0.984571619588932
816.0	0.9835826568473256
817.0	0.9833752893551412
818.0	0.9834234302925381
819.0	0.9837352510154284
820.0	0.9836207784476293
821.0	0.9831391799327032
822.0	0.9830759763265936
823.0	0.9840394358626108
824.0	0.9838954284303744
825.0	0.9842626293244373
826.0	0.9850997985158197
827.0	0.985467655148938
828.0	0.9846689600575638
829.0	0.9855754432962555
830.0	0.9857993008798765
831.0	0.9858007555649048
832.0	0.9861910763462153
833.0	0.9867572049283714
834.0	0.9862367348251582
835.0	0.9866785062147563
836.0	0.9858888045629107
837.0	0.986574128039951
838.0	0.9874997297542029
839.0	0.9879936881179898
840.0	0.9878390688962715
841.0	0.9875952501724671
842.0	0.9872350086100085
843.0	0.9874748753877948
844.0	0.9869526676680808
845.0	0.9864966382753797
846.0	0.9871582123254018
847.0	0.9868188785338229
848.0	0.9872651549713709
849.0	0.9864872042445402
850.0	0.9872247964687367
851.0	0.9875344528486214
852.0	0.9873814632182472
853.0	0.9873152637122646
854.0	0.9872704650208927
855.0	0.9874338912066603
856.0	0.9873700558612941
857.0	0.9870197922145884
858.0	0.9871119674338372
859.0	0.9878394676212405
860.0	0.9880870492513099
861.0	0.9887397526242349
862.0	0.9891377360193243
863.0	0.9897041724981849
864.0	0.9892554214464825
865.0	0.9890806378695953
866.0	0.9893177086991524
867.0	0.9893289075058068
868.0	0.9886191691275624
869.0	0.9885424814882503
870.0	0.9896607527772404
871.0	0.9900267851526426
872.0	0.9903814357469516
873.0	0.9898432816376601
874.0	0.989658830820308
875.0	0.989872935599559
876.0	0.9899778080096235
877.0	0.9903611718723911
878.0	0.9896138840279401
879.0	0.9891273025286708
880.0	0.9890279403945551
881.0	0.9884524198776764
882.0	0.9879965656452473
883.0	0.9880711188841099
884.0	0.9886097143577697
885.0	0.9885482824577561
886.0	0.9884356899887747
887.0	0.9884849498297638
888.0	0.9888485592627935
889.0	0.9883922774132692
890.0	0.9882688358394006
891.0	0.9879855053837112
892.0	0.9873155172492315
893.0	0.9874966548786339
894.0	0.9879823291004871
895.0	0.9872577752276226
896.0	0.9874785676822415
897.0	0.9875830959595773
898.0	0.9872352239157206
899.0	0.9864999858244703
900.0	0.9861467410619811
901.0	0.9857825525721041
902.0	0.9856952166840205
903.0	0.9858317997165906
904.0	0.9858287562574752
905.0	0.9857088550360176
906.0	0.9857605858632393
907.0	0.9867339152592502
908.0	0.9862086878302075
909.0	0.9863223257675331
910.0	0.9861409309869731
911.0	0.9866090116575639
912.0	0.9862443071176066
913.0	0.9857240371898328
914.0	0.9854856067731034
915.0	0.9852950745108191
916.0	0.9855811866328973
917.0	0.9850000798118485
918.0	0.9849637226432963
919.0	0.9859461661576675
920.0	0.9862824903488057
921.0	0.9860306185890069
922.0	0.9852205712296691
923.0	0.9847851080180003
924.0	0.9851357530794587
925.0	0.9851567730768298
926.0	0.9848875580101936
927.0	0.9858320241780203
928.0	0.9854950197635958
929.0	0.9840862841084674
930.0	0.984370190963171
931.0	0.9846346771950752
932.0	0.9844511497005713
933.0	0.9844267484088416
934.0	0.9843591823792479
935.0	0.9841369057487017
936.0	0.9843139271035793
937.0	0.9827372305958367
938.0	0.9829553506297574
939.0	0.9832135272491362
940.0	0.982257362164747
941.0	0.9822293254187501
942.0	0.9825859503301704
943.0	0.982674618282585
944.0	0.9828166186872407
945.0	0.9831877253636779
946.0	0.9840201770848742
947.0	0.9841897411639398
948.0	0.9842276780389109
949.0	0.9844573822047291
950.0	0.9842367751486932
951.0	0.9841201484326563
952.0	0.9840964266924044
953.0	0.9842478467363784
954.0	0.9839342393441726
955.0	0.984113579629513
956.0	0.9843515270138462
957.0	0.9843576418503857
958.0	0.9842861853530576
959.0	0.9855886178883373
960.0	0.9856006743515422
961.0	0.9847626885097603
962.0	0.9839769307153184
963.0	0.9834679465006297
964.0	0.9829521213906651
965.0	0.9837564023786326
966.0	0.9848037168920164
967.0	0.9849456198718645
968.0	0.9846534888554216
969.0	0.9845774270435975
970.0	0.98536897324433
971.0	0.9853827148362879
972.0	0.9859622230658778
973.0	0.9857788863701785
974.0	0.9855852106964614
975.0	0.9863278653240509
976.0	0.9875017952706192
977.0	0.9872306055256638
978.0	0.987339350990292
979.0	0.9868158536767988
980.0	0.9874902718949231
981.0	0.9875344832198972
982.0	0.9878590306407276
983.0	0.9879789349868228
984.0	0.9883035034186766
985.0	0.9893583609226433
986.0	0.9903281600246155
987.0	0.990703664689566
988.0	0.9902732410390229
989.0	0.9907749021358346
990.0	0.9911290435113522
991.0	0.9914301150179314
992.0	0.9919611509430093
993.0	0.992054491521681
994.0	0.9925002447336972
995.0	0.9922769149601476
996.0	0.9918539051554112
997.0	0.9918194168897434
998.0	0.9916734225718724
999.0	0.9919919543403501
1000.0	0.992214102293347
1001.0	0.9918057895270102
1002.0	0.9919242416328585
1003.0	0.9913331709808503
1004.0	0.9915375838057678
1005.0	0.9923547965180093
1006.0	0.9928932884412325
1007.0	0.993477968651341
1008.0	0.9935598996763569
1009.0	0.9940099352525489
1010.0	0.994293569086005
1011.0	0.9938660225846305
1012.0	0.9934097690220873
1013.0	0.9933713663377565
1014.0	0.9936514385018125
1015.0	0.9931006713018967
1016.0	0.9929121263814461
1017.0	0.9929477981202934
1018.0	0.9928594931300604
1019.0	0.9925676150510063
1020.0	0.9923301488227976
1021.0	0.992313417208941
1022.0	0.9916831920311615
1023.0	0.9916882485306421
1024.0	0.991703192140069
1025.0	0.991521991186749
1026.0	0.9906314369477869
1027.0	0.9906602988753008
1028.0	0.9909349958907143
1029.0	0.990826676612068
1030.0	0.9903932348983571
1031.0	0.9905823095310904
1032.0	0.9906524384863372
1033.0	0.9902199730672987
1034.0	0.9901821230926234
1035.0	0.9896561245559264
1036.0	0.9896237732000496
1037.0	0.9894213235899559
1038.0	0.9889132988438921
1039.0	0.9889666673494001
1040.0	0.9890354364074958
1041.0	0.9886744409613273
1042.0	0.9884275826256235
1043.0	0.9880600436736717
1044.0	0.9878985742832247
1045.0	0.9879083115066982
1046.0	0.9875601326612781
1047.0	0.9870162267326638
1048.0	0.9870638411084405
1049.0	0.9870640109007034
1050.0	0.9861217428824418
1051.0	0.9864556683312451
1052.0	0.9856395655516702
1053.0	0.9845026020994955
1054.0	0.9840815549009656
1055.0	0.9846917067168482
1056.0	0.9848866611259826
1057.0	0.9838587873806257
1058.0	0.983774144925079
1059.0	0.9832695359096887
1060.0	0.9824612554993155
1061.0	0.982765086686076
1062.0	0.983110113513704
1063.0	0.9835891083657696
1064.0	0.9843087624472088
1065.0	0.9829363678018748
1066.0	0.9824800297850339
1067.0	0.9823282074626083
1068.0	0.9822190394805593
1069.0	0.9816091509376779
1070.0	0.9808149978873288
1071.0	0.9817614969741277
1072.0	0.982778891773521
1073.0	0.9831398222720277
1074.0	0.9832264781326756
1075.0	0.9832944386201358
1076.0	0.9839522076788274
1077.0	0.9852647620619678
1078.0	0.985889671979535
1079.0	0.9855522134828576
1080.0	0.9852466807843907
1081.0	0.9857762529484568
1082.0	0.9863858491932909
1083.0	0.986586594039337
1084.0	0.9870649884927774
1085.0	0.9867286642493107
1086.0	0.9872965525077986
1087.0	0.9868978234464663
1088.0	0.9873818985016561
1089.0	0.9881641980633934
1090.0	0.9883052079110968
1091.0	0.9885279996752896
1092.0	0.9884696176099435
1093.0	0.9885379284462771
1094.0	0.9880101772207225
1095.0	0.987378784992916
1096.0	0.9877756031904213
1097.0	0.9884136673517476
1098.0	0.9882970935184254
1099.0	0.9880708593389946
1100.0	0.9882898025878694
1101.0	0.9876025609545522
1102.0	0.9871813865216017
1103.0	0.9869859469548471
1104.0	0.9865094653294866
1105.0	0.9871916221285474
1106.0	0.9870343830809819
1107.0	0.9867191862297586
1108.0	0.9858003955250649
1109.0	0.9855959578008574
1110.0	0.9861026166789142
1111.0	0.9858544380511584
1112.0	0.9856979927613703
1113.0	0.9861888325064905
1114.0	0.985724701827234
1115.0	0.9846677967697934
1116.0	0.9855301065556091
1117.0	0.9854356068222436
1118.0	0.985657250208296
1119.0	0.9857063269350481
1120.0	0.9856900877797933
1121.0	0.9860044424205526
1122.0	0.9862220434516529
1123.0	0.9865998227568757
1124.0	0.9859124954059942
1125.0	0.9858343242750496
1126.0	0.9854235892993585
1127.0	0.9854450594679255
1128.0	0.9848582401692964
1129.0	0.9855971465171537
1130.0	0.9854836243889483
1131.0	0.9861471728263516
1132.0	0.9865324621303112
1133.0	0.9878014014853483
1134.0	0.9872137307088129
1135.0	0.9876108618074113
1136.0	0.9869275039946542
1137.0	0.986977484292117
1138.0	0.9871396439204105
1139.0	0.9872415016046309
1140.0	0.9867478403811154
1141.0	0.9874323089653245
1142.0	0.9872324649818978
1143.0	0.9872379391943518
1144.0	0.987567735966256
1145.0	0.9875689334385119
1146.0	0.9878894141914512
1147.0	0.9878981085288048
1148.0	0.987264630214812
1149.0	0.9869252147137695
1150.0	0.987700760650368
1151.0	0.9881043516259529
1152.0	0.9886617752451596
1153.0	0.9876165451941054
1154.0	0.9880933967431049
1155.0	0.9880347541374793
1156.0	0.9873467544328632
1157.0	0.987233555041095
1158.0	0.9870663174078045
1159.0	0.9860510508094776
1160.0	0.9847200967143389
1161.0	0.9842652510979669
1162.0	0.9844586632727549
1163.0	0.983975788114025
1164.0	0.9832034179226234
1165.0	0.9834208643882497
1166.0	0.9827832104307619
1167.0	0.9827017087247779
1168.0	0.9832774111020397
1169.0	0.9832250561179816
1170.0	0.9818735916205356
1171.0	0.9821857824470018
1172.0	0.9816282969288155
1173.0	0.9819936375999287
1174.0	0.9818203623424181
1175.0	0.9814803237440076
1176.0	0.9819798381558243
1177.0	0.9818535768214655
1178.0	0.982170997599015
1179.0	0.9822281201854566
1180.0	0.9813744644884963
1181.0	0.9806867758676547
1182.0	0.9802772579476243
1183.0	0.9796900428220893
1184.0	0.9804779782833992
1185.0	0.9801251205921058
1186.0	0.98046167426307
1187.0	0.9811059103017468
1188.0	0.9817943925538921
1189.0	0.9810264392281013
1190.0	0.9809684599628753
1191.0	0.9813962267075454
1192.0	0.9811877195326072
1193.0	0.9825985130158579
1194.0	0.983016913797145
1195.0	0.982312124310364
1196.0	0.981777405200273
1197.0	0.9813634770884403
1198.0	0.9805876767110832
1199.0	0.9798050149148778
1200.0	0.9799839724920364
1201.0	0.9798154779154845
1202.0	0.9798882595639089
1203.0	0.9804802118683225
1204.0	0.9801711401780079
1205.0	0.9805425888751469
1206.0	0.979423304726655
1207.0	0.9790444043284515
1208.0	0.9794374055447987
1209.0	0.9789374184660558
1210.0	0.9789835504732713
1211.0	0.9783591838898279
1212.0	0.9789889122959199
1213.0	0.9791501658355303
1214.0	0.9791166489876126
1215.0	0.9791460432753774
1216.0	0.9796729231568657
1217.0	0.9797630471881108
1218.0	0.9806013307374577
1219.0	0.9812069570295862
1220.0	0.980873484811875
1221.0	0.9804474552372023
1222.0	0.9803260449096466
1223.0	0.9806615796405709
1224.0	0.9812672256073545
1225.0	0.9813992134586076
1226.0	0.9805052462383835
1227.0	0.9808876437078834
1228.0	0.9808438141630248
1229.0	0.9805938239037592
1230.0	0.9806407572919865
1231.0	0.9796370981974838
1232.0	0.9804617353161823
1233.0	0.9811649856713176
1234.0	0.980696619921219
1235.0	0.9805498713798166
1236.0	0.9804874301064049
1237.0	0.9810547523279499
1238.0	0.9811802443733436
1239.0	0.9816065067632161
1240.0	0.9814137688490837
1241.0	0.9813371193823139
1242.0	0.980025261047702
1243.0	0.9801094559943541
1244.0	0.9799650191706007
1245.0	0.97906339666527
1246.0	0.9788529589137497
1247.0	0.9786982096724667
1248.0	0.9782068572325195
1249.0	0.9778023351577564
1250.0	0.9773898487662077
1251.0	0.9762277543779406
1252.0	0.9761994235939034
1253.0	0.9747906382117664
1254.0	0.9751199150338931
1255.0	0.9753651415227595
1256.0	0.9751658844259777
1257.0	0.9747033576114124
1258.0	0.9738550960975556
1259.0	0.9726671925181233
1260.0	0.9724968782744331
1261.0	0.9722240478640957
1262.0	0.9714143238056603
1263.0	0.9704585697609005
1264.0	0.9697717534634518
1265.0	0.9702316361964394
1266.0	0.9696743052741863
1267.0	0.96970642914735
1268.0	0.9698890572664686
1269.0	0.970200286421822
1270.0	0.9710291794921703
1271.0	0.9691458658337009
1272.0	0.9680199816643936
1273.0	0.9679678191331301
1274.0	0.9680452756162107
1275.0	0.9675155960054868
1276.0	0.9678718077764772
1277.0	0.9671091010696005
1278.0	0.9669468449573313
1279.0	0.9667009989861652
1280.0	0.9668292867290847
1281.0	0.9666181931377145
1282.0	0.966933395895613
1283.0	0.9677004670549909
1284.0	0.9680447612975316
1285.0	0.9685784439789619
1286.0	0.9691243166172888
1287.0	0.9693430445110067
1288.0	0.9689325373986524
1289.0	0.9698614110879534
1290.0	0.9703336361094281
1291.0	0.9703795987218413
1292.0	0.9706885833848731
1293.0	0.9700416470164187
1294.0	0.9701524092572307
1295.0	0.968950525359843
1296.0	0.9690225818331164
1297.0	0.9681666909601842
1298.0	0.9677975342844748
1299.0	0.9675631788691629
1300.0	0.9680619665732016
1301.0	0.9695775119574015
1302.0	0.9706774216865582
1303.0	0.9710458409250838
1304.0	0.9710801817559155
1305.0	0.9692545111612169
1306.0	0.969196302466132
1307.0	0.9691437313366781
1308.0	0.9675616095783174
1309.0	0.966641897847869
1310.0	0.9662230701209261
1311.0	0.9658715331688594
1312.0	0.965494004170869
1313.0	0.9644856721114952
1314.0	0.9636189272965754
1315.0	0.9640581737344905
1316.0	0.963608778905847
1317.0	0.9649310120301636
1318.0	0.9647159440030363
1319.0	0.9642717292160735
1320.0	0.9634215512070194
1321.0	0.9641962392449351
1322.0	0.9639134053366951
1323.0	0.963321767986161
1324.0	0.9635755530677748
1325.0	0.9649074951430483
1326.0	0.9648726548894373
1327.0	0.9649782952785071
1328.0	0.9644684934528254
1329.0	0.9653716169408191
1330.0	0.9662687715834101
1331.0	0.9658697004532844
1332.0	0.9667674955986124
1333.0	0.9676704896543386
1334.0	0.9664002586205503
1335.0	0.9667951182221092
1336.0	0.9661306026406263
1337.0	0.9675518358834324
1338.0	0.9672230520407087
1339.0	0.9675787109236487
1340.0	0.9678885493426826
1341.0	0.9685169002691514
1342.0	0.968778576098294
1343.0	0.9687384985808561
1344.0	0.9687768893041023
1345.0	0.9691371104077706
1346.0	0.9679895169689909
1347.0	0.9686007351933867
1348.0	0.9670166056110779
1349.0	0.9677102005900476
1350.0	0.9670036946428646
1351.0	0.968144172145309
1352.0	0.9667863977971911
1353.0	0.9656447905333349
1354.0	0.9658118303576508
1355.0	0.9651324622266629
1356.0	0.9655387628408764
1357.0	0.9651353017467519
1358.0	0.9649251687434411
1359.0	0.9644054594438152
1360.0	0.9629912073038324
1361.0	0.9626964389980546
1362.0	0.9631314712320667
1363.0	0.9633039954843757
1364.0	0.9629674993756623
1365.0	0.9637687920967277
1366.0	0.9635771935729968
1367.0	0.9636002030183632
1368.0	0.9627661486300723
1369.0	0.9620376146428724
1370.0	0.9632227665348285
1371.0	0.9633288750451312
1372.0	0.9645497203278347
1373.0	0.964316992239431
1374.0	0.9650479617290212
1375.0	0.9628861293191053
1376.0	0.9618927149985362
1377.0	0.9614399245914609
1378.0	0.9608711675094298
1379.0	0.9607353341772349
1380.0	0.9621110196331696
1381.0	0.9630993159570415
1382.0	0.9625241420650883
1383.0	0.9619177557581599
1384.0	0.961756581270909
1385.0	0.9612610566415577
1386.0	0.9608215597328448
1387.0	0.9614129820925256
1388.0	0.9607658027247838
1389.0	0.9620442167820188
1390.0	0.9628330075100232
1391.0	0.9618976247897582
1392.0	0.9625919759719271
1393.0	0.9630091740711695
1394.0	0.9623319145144518
1395.0	0.9631238530023146
1396.0	0.9613400707986837
1397.0	0.9608676856064449
1398.0	0.9608108233350899
1399.0	0.9600280068735223
1400.0	0.959086149512439
1401.0	0.9586671049914945
1402.0	0.9576996237197035
1403.0	0.9578695172719377
1404.0	0.9571908287726368
1405.0	0.9584954132022432
1406.0	0.959758032912458
1407.0	0.9595745187252626
1408.0	0.9596458981034707
1409.0	0.9608677454936033
1410.0	0.9618354400268629
1411.0	0.9615276122629488
1412.0	0.9629365011665822
1413.0	0.9624171973372654
1414.0	0.9629229802108131
1415.0	0.9617101864126862
1416.0	0.9620313382081618
1417.0	0.963880542615957
1418.0	0.9626708209313075
1419.0	0.9624248917307091
1420.0	0.9639186784636978
1421.0	0.9654961433231753
1422.0	0.9653906479567465
1423.0	0.9655916397002465
1424.0	0.9659876147891922
1425.0	0.9661136952942283
1426.0	0.966513489468322
1427.0	0.9652746039173089
1428.0	0.9651868912141811
1429.0	0.9639240415818163
1430.0	0.9655248781107446
1431.0	0.965362785272019
1432.0	0.9642818662669825
1433.0	0.9645942400847409
1434.0	0.9634672633410539
1435.0	0.9634690109252844
1436.0	0.9637138334860539
1437.0	0.9638756484089173
1438.0	0.9654753282720672
1439.0	0.9672407068213892
1440.0	0.9667398353652974
1441.0	0.9654904220675713
1442.0	0.9665086121391313
1443.0	0.9666915854902361
1444.0	0.9658286795054919
1445.0	0.966017188535335
1446.0	0.9652468259851033
1447.0	0.9673414665697811
1448.0	0.9671041982605989
1449.0	0.9673032842442463
1450.0	0.966198252094792
1451.0	0.9668908035526416
1452.0	0.9676393043793652
1453.0	0.9672819606475902
1454.0	0.9671354064724538
1455.0	0.9670392377421635
1456.0	0.9674096198003118
1457.0	0.9686288203315677
1458.0	0.9707505758174433
1459.0	0.9708883596078334
1460.0	0.971711486716912
1461.0	0.9730890236506559
1462.0	0.9734480987109199
1463.0	0.9741865543414344
1464.0	0.9749537945116831
1465.0	0.9753995722993014
1466.0	0.975790031685315
1467.0	0.9769310094671831
1468.0	0.9780101716122888
1469.0	0.9770734814551307
1470.0	0.9770987075332288
1471.0	0.9776998237054659
1472.0	0.9785307890665326
1473.0	0.9796857920922885
1474.0	0.9795694923950475
1475.0	0.9803573645579657
1476.0	0.9804903774268725
1477.0	0.9816613248377503
1478.0	0.9822824660789362
1479.0	0.9835292046096911
1480.0	0.9838625513420803
1481.0	0.9839544376138193
1482.0	0.9839195905536748
1483.0	0.98317235065154
1484.0	0.9825212025531125
1485.0	0.982932311589921
1486.0	0.9826645198560146
1487.0	0.9835903463326049
1488.0	0.9834369842498565
1489.0	0.9831849122576067
1490.0	0.9825155762408484
1491.0	0.9826044725046378
1492.0	0.9825104874960948
1493.0	0.9831501509753309
1494.0	0.9825917753360333
1495.0	0.9816854756093197
1496.0	0.9815202924257334
1497.0	0.9822442155284377
1498.0	0.9827323927939822
1499.0	0.9823773607049032
1500.0	0.9824208808793993
1501.0	0.9815259875765557
1502.0	0.9812138949071306
1503.0	0.9804046030886275
1504.0	0.9800536316060027
1505.0	0.9796738308083979
1506.0	0.9793136454330669
1507.0	0.9786658189983329
1508.0	0.9784026570031533
1509.0	0.9787761068052613
1510.0	0.9787153574896957
1511.0	0.9782485859463721
1512.0	0.9781118913648067
1513.0	0.9780268114206709
1514.0	0.9783606221845826
1515.0	0.9791912247973023
1516.0	0.980151514849474
1517.0	0.9801609284545999
1518.0	0.9803966851048477
1519.0	0.9806860923698945
1520.0	0.9801079884101189
1521.0	0.98051439400447
1522.0	0.9803137351325747
1523.0	0.9798256267495405
1524.0	0.9792644711498124
1525.0	0.9786154802428905
1526.0	0.9795870987501881
1527.0	0.9798344757592232
1528.0	0.9789069574233827
1529.0	0.9787777925115838
1530.0	0.9788165324554556
1531.0	0.9781253293548229
1532.0	0.9780972003159737
1533.0	0.9777744214226692
1534.0	0.9794384923140635
1535.0	0.9801234278409876
1536.0	0.9796345566653443
1537.0	0.9781056152107809
1538.0	0.9781102610004214
1539.0	0.9773750395892751
1540.0	0.9756127022713071
1541.0	0.9758395008781439
1542.0	0.9760606345418688
1543.0	0.9760883403582407
1544.0	0.9754900785227265
1545.0	0.9750045318985769
1546.0	0.9750675796887451
1547.0	0.9734032368048194
1548.0	0.972865561296025
1549.0	0.9721844689685821
1550.0	0.9721446398595978
1551.0	0.9715393611662146
1552.0	0.9713058683253831
1553.0	0.9713131866248848
1554.0	0.971670551221744
1555.0	0.9724403015250735
1556.0	0.9734089156994745
1557.0	0.974055644805732
1558.0	0.9737156437606427
1559.0	0.9741636846124038
1560.0	0.9726389270595416
1561.0	0.9720762386847542
1562.0	0.9713955939708347
1563.0	0.971612823908836
1564.0	0.9714062113700604
1565.0	0.9718576901669953
1566.0	0.9722107158070423
1567.0	0.9716192289697839
1568.0	0.9711990646667907
1569.0	0.9709195342426623
1570.0	0.9703712939033251
1571.0	0.9705887593059884
1572.0	0.9707986884028007
1573.0	0.9710616196241529
1574.0	0.9710410735054814
1575.0	0.9707505512825786
1576.0	0.9716923416929929
1577.0	0.971508872935654
1578.0	0.9703996521478179
1579.0	0.9689550424607764
1580.0	0.9693749905455452
1581.0	0.9694678754312238
1582.0	0.9705846295041383
1583.0	0.9707938942176558
1584.0	0.9720790253597543
1585.0	0.9732053075351765
1586.0	0.9734165675764527
1587.0	0.9738410738422884
1588.0	0.9739517627348634
1589.0	0.9740875661312592
1590.0	0.9733740592976049
1591.0	0.9725252621650152
1592.0	0.973104331479507
1593.0	0.9718721786339259
1594.0	0.9721810286764916
1595.0	0.9720895959182608
1596.0	0.972694528891951
1597.0	0.9727097336803396
1598.0	0.9724672136703976
1599.0	0.97285737206434
1600.0	0.9728205603231205
1601.0	0.9725416860985138
1602.0	0.972527599045193
1603.0	0.9725809604883652
1604.0	0.972935506055176
1605.0	0.9734446385257706
1606.0	0.9729063322445555
1607.0	0.9751976618223785
1608.0	0.9774645833890898
1609.0	0.9795898347076362
1610.0	0.9820956255846034
1611.0	0.9838226636678464
1612.0	0.9867670557768627
1613.0	0.9893743572123513
1614.0	0.9914324498003027
1615.0	0.9931511184878767
1616.0	0.9943006935611893
1617.0	0.9953465888123662
1618.0	0.996663967399358
1619.0	0.9975576278439159
1620.0	0.9979792133917712
1621.0	0.9980489479483646
1622.0	0.9984115360760668
1623.0	0.9987842997436538
1624.0	0.9988607577315308
1625.0	0.9989085960016175
1626.0	0.9989161445188933
1627.0	0.9991406061226618
1628.0	0.999189318685039
1629.0	0.9993061480670924
1630.0	0.9994052578944665
1631.0	0.9995106081086553
1632.0	0.9995259116593006
1633.0	0.9995256056374073
1634.0	0.999550139905259
1635.0	0.9995393600312632
1636.0	0.999505205693653
1637.0	0.9994498995915695
1638.0	0.999500783736684
1639.0	0.9994531316056491
1640.0	0.9995234823848398
1641.0	0.9995455247712891
1642.0	0.9995433026860665
1643.0	0.9995352072582779
1644.0	0.9995843108653972
1645.0	0.9995420442972515
1646.0	0.9994938754857546
1647.0	0.999495343013318
1648.0	0.9994848071917388
1649.0	0.9994891426215429
1650.0	0.999503383741297
1651.0	0.9995575492059241
1652.0	0.9995307486924199
1653.0	0.9994108362321935
1654.0	0.9994305525856575
1655.0	0.9994979723751826
1656.0	0.999475493490346
1657.0	0.9994754340780592
1658.0	0.9995189010946405
1659.0	0.9995292035575599
1660.0	0.9994661945761862
1661.0	0.9995093750760806
1662.0	0.9994999746412334
1663.0	0.9994633872544018
1664.0	0.9994993778134613
1665.0	0.9995384727488447
1666.0	0.9995924275805774
1667.0	0.999535179552906
1668.0	0.999634541250131
1669.0	0.999546598979009
1670.0	0.9995370024245596
1671.0	0.9994908299689521
1672.0	0.9995230591046381
1673.0	0.9995455861828965
1674.0	0.9995723820229389
1675.0	0.9995278662231026
1676.0	0.999542599132252
1677.0	0.999574332351048
1678.0	0.999605111099627
1679.0	0.9995655793684749
1680.0	0.9995723339387891
1681.0	0.9995056479134623
1682.0	0.9995074019257058
1683.0	0.9995434062421036
1684.0	0.9995452430585765
1685.0	0.9995184250479373
1686.0	0.9995608407292953
1687.0	0.9995623996970853
1688.0	0.9995589897777796
1689.0	0.9995813554609209
1690.0	0.9995332679438248
1691.0	0.999536450567189
1692.0	0.9995176427276589
1693.0	0.9995663695274921
1694.0	0.9995264108578846
1695.0	0.9995672184414569
1696.0	0.9995199513142806
1697.0	0.9995411083938698
1698.0	0.9995242651190667
1699.0	0.9995489478724804
1700.0	0.9994893399885076
1701.0	0.9995485727376017
1702.0	0.9995227056855026
1703.0	0.9995191662533597
1704.0	0.9995136867470709
1705.0	0.9995258069056159
1706.0	0.9995519633060401
1707.0	0.9995468119810785
1708.0	0.9995816273837174
1709.0	0.9995980102178345
1710.0	0.9995508915162362
1711.0	0.9996046111249934
1712.0	0.99957073350562
1713.0	0.9995688456683309
1714.0	0.9995391327745611
1715.0	0.9995859915352796
1716.0	0.9995625813569783
1717.0	0.9994938580636868
1718.0	0.9994680542997633
1719.0	0.9994515496500507
1720.0	0.9994360235178504
1721.0	0.9995282499895423
1722.0	0.9995513852801798
1723.0	0.9995563073778854
1724.0	0.9995746111655321
1725.0	0.9995798182479222
1726.0	0.9995827920499882
1727.0	0.9995511335544219
1728.0	0.9995175875662554
1729.0	0.9995703875531767
1730.0	0.9995272095715572
1731.0	0.9995406382285565
1732.0	0.9995155454345431
1733.0	0.9996105004701243
1734.0	0.9995281519723952
1735.0	0.9995904430842292
1736.0	0.999561510667414
1737.0	0.9995235399145004
1738.0	0.9995317977045245
1739.0	0.999557774693222
1740.0	0.9995453951512587
1741.0	0.9995675857966771
1742.0	0.9995192765814751
1743.0	0.9995087038714576
1744.0	0.9994687208263869
1745.0	0.9995277301915135
1746.0	0.9995476474088535
1747.0	0.999534074361156
1748.0	0.9995122306878366
1749.0	0.9994842508342756
1750.0	0.9994944731164939
1751.0	0.9994973028164408
1752.0	0.9995256838013902
1753.0	0.9995769644848633
1754.0	0.9995637597068784
1755.0	0.9995187167478323
1756.0	0.9995177047828507
1757.0	0.9995041497905386
1758.0	0.9994500284551917
1759.0	0.9995505055184877
1760.0	0.9995367585486463
1761.0	0.9995329497145488
1762.0	0.9995826946473451
1763.0	0.999544426136344
1764.0	0.999575328211349
1765.0	0.9995895560527966
1766.0	0.9995052229818837
1767.0	0.9995529104497753
1768.0	0.9995741707840505
1769.0	0.9995091461188079
1770.0	0.9995517806595217
1771.0	0.9995589342461816
1772.0	0.9995808404505943
1773.0	0.9995156719088223
1774.0	0.9995580421559097
1775.0	0.9995180530577
1776.0	0.9994327871324123
1777.0	0.9994890636977927
1778.0	0.9994970875340662
1779.0	0.9995175017982817
1780.0	0.9994875497813761
1781.0	0.9995801688386128
1782.0	0.9995273756810251
1783.0	0.9995977521932804
1784.0	0.9995419646022381
1785.0	0.9995655387277087
1786.0	0.9995462019954988
1787.0	0.999508187066986
1788.0	0.9995700275430408
1789.0	0.99955274368542
1790.0	0.9995289872061298
1791.0	0.999546449040861
1792.0	0.9995799500032986
1793.0	0.9995377381216718
1794.0	0.9995665455776863
1795.0	0.9995699317531246
1796.0	0.9995276902245103
1797.0	0.9995329914875849
1798.0	0.9994707247084379
1799.0	0.9995159654586429
1800.0	0.9994850668461518
1801.0	0.9994437742461045
1802.0	0.9995048998122501
1803.0	0.999518102523698
1804.0	0.9995601878913196
1805.0	0.9995344047236093
1806.0	0.9995399638407627
1807.0	0.9995226653403111
1808.0	0.9995698318384693
1809.0	0.9995829669569842
1810.0	0.9995385986257467
1811.0	0.9994921316359417
1812.0	0.9994360852737784
1813.0	0.9994641701819024
1814.0	0.9994860378637728
1815.0	0.9995951881262997
1816.0	0.9995486601346264
1817.0	0.9995542107333242
1818.0	0.999570796612484
1819.0	0.9995936145841662
1820.0	0.9995309807609322
1821.0	0.9994937200825073
1822.0	0.9995286665604943
1823.0	0.9995309506282813
1824.0	0.9994936834755527
1825.0	0.9995268569663711
1826.0	0.999390658496847
1827.0	0.9994697407864754
1828.0	0.9995063657930413
1829.0	0.9994992548302469
1830.0	0.999454157480732
1831.0	0.9995131932948084
1832.0	0.9995763292101586
1833.0	0.9995714537421577
1834.0	0.9995861111567282
1835.0	0.9995551584216105
1836.0	0.9995340705222862
1837.0	0.9995023923966708
1838.0	0.9994972625378613
1839.0	0.9995853163879279
1840.0	0.9995804123479903
1841.0	0.9995273200881
1842.0	0.9995688171567961
1843.0	0.9995802462578697
1844.0	0.9995604520278639
1845.0	0.9995326676430218
1846.0	0.9995107834796662
1847.0	0.9995149873331657
1848.0	0.9995191336605143
1849.0	0.9995585389988065
1850.0	0.9995298015950507
1851.0	0.9995456550920898
1852.0	0.9995921610664471
1853.0	0.9995505798670365
1854.0	0.9995130200223544
1855.0	0.9994929843882168
1856.0	0.9994568089635907
1857.0	0.999469589701208
1858.0	0.9995465010961223
1859.0	0.9995095965415787
1860.0	0.9995213334996292
1861.0	0.9994944092315319
1862.0	0.9995698354373993
1863.0	0.9995298903781545
1864.0	0.9995150323977131
1865.0	0.9995306021906916
1866.0	0.9995517244558658
1867.0	0.9994639719893932
1868.0	0.9994906974748705
1869.0	0.9994804625335936
1870.0	0.9995460331018154
1871.0	0.999564774934274
1872.0	0.999523653161696
1873.0	0.9995681002580641
1874.0	0.9996130749890594
1875.0	0.9995894441790915
1876.0	0.9995920442688874
1877.0	0.9995932993958349
1878.0	0.9995426047602286
1879.0	0.9995304755499578
1880.0	0.9995278935517453
1881.0	0.9995344375853104
1882.0	0.9995390936246843
1883.0	0.999503576938048
1884.0	0.9994840616117731
1885.0	0.9994594115278662
1886.0	0.9994133039112384
1887.0	0.9994698346008651
1888.0	0.9994581252714464
1889.0	0.9994420456104229
1890.0	0.9994742404277674
1891.0	0.9995047319745419
1892.0	0.9994896586252539
1893.0	0.9995298174673853
1894.0	0.9995042624907724
1895.0	0.999431405159869
1896.0	0.999529571154743
1897.0	0.999483022820833
1898.0	0.9994794949291109
1899.0	0.9994476587773019
1900.0	0.999461561719473
1901.0	0.9995121216675203
1902.0	0.9995496763063619
1903.0	0.9995473915592485
1904.0	0.9995556202463793
1905.0	0.9995300267617044
1906.0	0.9994855636522695
1907.0	0.9994248162853177
1908.0	0.9993662942725904
1909.0	0.9993727183773516
1910.0	0.9994604598033254
1911.0	0.999528181418323
1912.0	0.9994870157432372
1913.0	0.9995157619544954
1914.0	0.9995422285838589
1915.0	0.9995251940976875
1916.0	0.9995206537013307
1917.0	0.9995325460415554
1918.0	0.9996042887573878
1919.0	0.999567317902948
1920.0	0.9994895133072969
1921.0	0.9994849937174812
1922.0	0.999438495394227
1923.0	0.9993958939853368
1924.0	0.9994608520420953
1925.0	0.9994187356213244
1926.0	0.9994378588307337
1927.0	0.9994591150304425
1928.0	0.9995183971204813
1929.0	0.9995048862078205
1930.0	0.9995839555635216
1931.0	0.9995973325116599
1932.0	0.999593971620523
1933.0	0.9995551683876962
1934.0	0.9995967437847758
1935.0	0.9995219687118381
1936.0	0.9994816471929986
1937.0	0.9995268500425792
1938.0	0.9995722030026196
1939.0	0.9995693854479794
1940.0	0.9995119241828304
1941.0	0.999498486448023
1942.0	0.999443516193174
1943.0	0.9995152955492099
1944.0	0.999524842398495
1945.0	0.9995400237478204
1946.0	0.9995361662186786
1947.0	0.9995451268714372
1948.0	0.9995316703514899
1949.0	0.9995693366145861
1950.0	0.999562238583034
1951.0	0.9994871439549113
1952.0	0.999463076706005
1953.0	0.9995023908629375
1954.0	0.9994375264917726
1955.0	0.999520438230249
1956.0	0.9995795772680401
1957.0	0.9995168345161398
1958.0	0.9995033646507352
1959.0	0.9995416327121847
1960.0	0.9995634123854894
1961.0	0.9995250928813334
1962.0	0.9995349925790344
1963.0	0.9996080585884519
1964.0	0.9995848209302882
1965.0	0.9995810294899861
1966.0	0.9995545425873268
1967.0	0.9995431028724402
1968.0	0.9995009675176479
1969.0	0.9995264953791326
1970.0	0.99954543743077
1971.0	0.9995587654007115
1972.0	0.9995416119859393
1973.0	0.9995515091491337
1974.0	0.9995961619648855
1975.0	0.999545386220361
1976.0	0.9995588402209196
1977.0	0.9995179251790505
1978.0	0.9995415044448328
1979.0	0.9995600368973734
1980.0	0.9995717186903549
1981.0	0.9995299262723468
1982.0	0.9995464679360315
1983.0	0.9994709863214888
1984.0	0.9993766635677355
1985.0	0.9994635590270345
1986.0	0.9993985549833633
1987.0	0.9994800917668377
1988.0	0.9994905100031761
1989.0	0.9994755031751956
1990.0	0.9995440446837969
1991.0	0.9995014017017025
1992.0	0.9994770475575961
1993.0	0.9994586182414662
1994.0	0.9995124280074207
1995.0	0.9995519172773164
1996.0	0.999596096963124
1997.0	0.9995667559391874
1998.0	0.999550108179138
1999.0	0.9994678531759056
2000.0	0.9994264702661885
