N: 300.0	L: 7.0	Density:6.122448979591836	Noise: 0.1
Time	 Va	
0.0	0.07123786336891907
1.0	0.36974331694408485
2.0	0.47186372328241727
3.0	0.5129247636897358
4.0	0.5536878828127892
5.0	0.6446262040172387
6.0	0.7478209631849759
7.0	0.8216222366255638
8.0	0.8733919417688202
9.0	0.9125475815810005
10.0	0.9397240613938472
11.0	0.9608094710365608
12.0	0.97571864273476
13.0	0.9863157733824438
14.0	0.992744857786971
15.0	0.9960759247982354
16.0	0.9974288860022514
17.0	0.9981203053559418
18.0	0.9982626033843961
19.0	0.9986990756049237
20.0	0.9990434419993401
21.0	0.9991659041043007
22.0	0.9994139221156491
23.0	0.999440535573744
24.0	0.9995385240384232
25.0	0.9995507688978291
26.0	0.9995827542681925
27.0	0.9995614076667922
28.0	0.9995348698230351
29.0	0.9994720203858037
30.0	0.99945815702157
31.0	0.9994279926115104
32.0	0.9994638197402174
33.0	0.9993937185780325
34.0	0.9994599356227185
35.0	0.9994410341414054
36.0	0.9993568032746039
37.0	0.999393064431834
38.0	0.9994227942739337
39.0	0.9994359099111725
40.0	0.9994278741673731
41.0	0.9995261632772696
42.0	0.9995127219188344
43.0	0.9995174362898469
44.0	0.9995725991794407
45.0	0.9995530417241787
46.0	0.9995324386658977
47.0	0.9995568532243938
48.0	0.9995529420083764
49.0	0.9995216919324119
50.0	0.9995275005356609
51.0	0.9995230441189968
52.0	0.9995846347934231
53.0	0.9995723149187806
54.0	0.9995220586158605
55.0	0.999503959072658
56.0	0.9995596638524368
57.0	0.9995797666689612
58.0	0.9995465409904635
59.0	0.9995964512933093
60.0	0.9995454796348887
61.0	0.9995752796514137
62.0	0.9995018379660555
63.0	0.9995563400994137
64.0	0.9995640465105363
65.0	0.9995380016947959
66.0	0.9995577209566489
67.0	0.9994751865778985
68.0	0.9994770153617816
69.0	0.9994855059153832
70.0	0.9995275721464533
71.0	0.9995258027953499
72.0	0.9995541365826475
73.0	0.9995229906218118
74.0	0.9994945266355916
75.0	0.9994839669854189
76.0	0.9995374633040258
77.0	0.9995700960529433
78.0	0.99956461400169
79.0	0.9995215528996821
80.0	0.9994746468895059
81.0	0.9994983699853445
82.0	0.9995307559946492
83.0	0.9994421082309463
84.0	0.9994620723247054
85.0	0.999526389752529
86.0	0.999509815626501
87.0	0.9995286235793769
88.0	0.9995862595922568
89.0	0.9995158356845898
90.0	0.9994591742076803
91.0	0.9995267212274148
92.0	0.9995885133375192
93.0	0.9994914003863502
94.0	0.9995012007251075
95.0	0.9995182325298302
96.0	0.9995314204738209
97.0	0.9994646296598546
98.0	0.9994676408727762
99.0	0.9994473860038947
100.0	0.9995038784779517
101.0	0.999487919486636
102.0	0.9994507984490566
103.0	0.9995046212757259
104.0	0.9995775954305758
105.0	0.9995316470772165
106.0	0.9994837608693437
107.0	0.999459838782419
108.0	0.9995270653147795
109.0	0.9995242775884906
110.0	0.9995456309749567
111.0	0.9995641451869887
112.0	0.9995311518038341
113.0	0.9995632575809675
114.0	0.9995394862809273
115.0	0.9995751289234606
116.0	0.9995505024420501
117.0	0.999572806796399
118.0	0.9995213392258647
119.0	0.9995959518769807
120.0	0.9995631900220961
121.0	0.9995179428602228
122.0	0.9995309358067545
123.0	0.9995200019423499
124.0	0.99956799913033
125.0	0.9995435089003806
126.0	0.9995849266701642
127.0	0.9995520214574943
128.0	0.9995594801624363
129.0	0.999549939353716
130.0	0.9995112215566682
131.0	0.9995411957849617
132.0	0.9995364627104473
133.0	0.9994860899176045
134.0	0.9994714134013225
135.0	0.999458056713572
136.0	0.9994386886146968
137.0	0.9994932026980513
138.0	0.9995678775279518
139.0	0.999539451535914
140.0	0.9995852511012987
141.0	0.9995733357822881
142.0	0.9995361703161064
143.0	0.999466339147983
144.0	0.9994814476157341
145.0	0.9995910435388778
146.0	0.9995710186334676
147.0	0.999544184778486
148.0	0.9994922047142127
149.0	0.9995390731934203
150.0	0.9995048322182203
151.0	0.9995492217073866
152.0	0.999570765281069
153.0	0.9995654881052016
154.0	0.9995746536730192
155.0	0.9995528476775684
156.0	0.9995178552972596
157.0	0.9995222956690191
158.0	0.9995962376392844
159.0	0.9995105930253211
160.0	0.9995109104202364
161.0	0.9995557151509278
162.0	0.9995213236104367
163.0	0.9995126513339015
164.0	0.9995222059850193
165.0	0.9995151367817842
166.0	0.9995205352528199
167.0	0.9995078621575287
168.0	0.9995246950958443
169.0	0.9995529877736772
170.0	0.9995555606901584
171.0	0.9995485221371385
172.0	0.9995639571553874
173.0	0.9995653435440204
174.0	0.9995459798315723
175.0	0.9995365682829697
176.0	0.9995370628577638
177.0	0.9995443148231309
178.0	0.9995150931363148
179.0	0.9995492451227346
180.0	0.9995885119727361
181.0	0.9996078053735415
182.0	0.9994948500019792
183.0	0.9995821575525414
184.0	0.9995505236178919
185.0	0.9995127572043663
186.0	0.9995015814622396
187.0	0.9994086149416216
188.0	0.9994311394043608
189.0	0.9995600766330353
190.0	0.9995968541256274
191.0	0.9995451703513445
192.0	0.9995434223219454
193.0	0.9996024460168274
194.0	0.9995801461374895
195.0	0.9994588547658395
196.0	0.9995358802232711
197.0	0.9995734496131653
198.0	0.9995691038354334
199.0	0.9995274355789797
200.0	0.9995080952193764
201.0	0.9995438503919252
202.0	0.9995619434636343
203.0	0.999569572674028
204.0	0.9995668734590494
205.0	0.9995224584557973
206.0	0.9995572054048806
207.0	0.9995856747904481
208.0	0.9995343455905967
209.0	0.9995708407703278
210.0	0.9995417739694545
211.0	0.9995665281594532
212.0	0.9995577304551454
213.0	0.9995010624489021
214.0	0.9994191740518434
215.0	0.999464314850799
216.0	0.9995053521126707
217.0	0.999484813448833
218.0	0.9994689302864049
219.0	0.9994665334404357
220.0	0.9995034002741728
221.0	0.9994437474828995
222.0	0.9994290144063691
223.0	0.9994679780921195
224.0	0.9995477679332418
225.0	0.9995597552987541
226.0	0.9995598182410417
227.0	0.999519109308806
228.0	0.9994955603365016
229.0	0.9995060322267308
230.0	0.9995135420039563
231.0	0.9994901712594657
232.0	0.9994915689571067
233.0	0.9995261079686452
234.0	0.9995134880768679
235.0	0.9995440694518175
236.0	0.9995326393275109
237.0	0.9994986596013697
238.0	0.9994513869469211
239.0	0.9995536941924696
240.0	0.9995554607182053
241.0	0.9995243173620808
242.0	0.9995672605786913
243.0	0.9995389033891482
244.0	0.9995504729638106
245.0	0.9996305731358346
246.0	0.9995592818410245
247.0	0.9994699345341104
248.0	0.9994821549310234
249.0	0.9995065222058964
250.0	0.9994671861364383
251.0	0.9994696503207083
252.0	0.9994680078359119
253.0	0.9994846024782652
254.0	0.9995185733301384
255.0	0.9995765653437289
256.0	0.9995840466146804
257.0	0.9995519326109604
258.0	0.9995581238231742
259.0	0.9995274057051255
260.0	0.999608844388088
261.0	0.999549469770272
262.0	0.9995448533313402
263.0	0.9995383803862323
264.0	0.9995538871650533
265.0	0.9994794860488898
266.0	0.999503316409802
267.0	0.9995774051286896
268.0	0.9996015333609437
269.0	0.999538574224442
270.0	0.9996100105278954
271.0	0.9995169001799351
272.0	0.9995800159079129
273.0	0.9995572129050091
274.0	0.9995374078543372
275.0	0.9994972391251016
276.0	0.9995014781583833
277.0	0.9995416044709955
278.0	0.9995628005153855
279.0	0.9995881671259444
280.0	0.9995572158845385
281.0	0.999567088438204
282.0	0.9995659354242804
283.0	0.9995397307850752
284.0	0.9995426523404746
285.0	0.9995464573333425
286.0	0.9995959293266093
287.0	0.999595939783319
288.0	0.9994592030561441
289.0	0.9995928349572394
290.0	0.9995427498762194
291.0	0.9995471464462055
292.0	0.9995987515297691
293.0	0.9995616203528965
294.0	0.9995891737913686
295.0	0.9995675920579221
296.0	0.9995648440387795
297.0	0.9995103890788203
298.0	0.999493290230759
299.0	0.9994966119686473
300.0	0.9994517790581153
301.0	0.9995083584882142
302.0	0.9994191434958715
303.0	0.9994993941758681
304.0	0.9994153048536101
305.0	0.9994625200322119
306.0	0.9994488590907156
307.0	0.9995371890398742
308.0	0.9995619604527775
309.0	0.9995353314721216
310.0	0.9995483676355943
311.0	0.999459035421538
312.0	0.9995067365466085
313.0	0.9995508129446364
314.0	0.9995474097405973
315.0	0.9995890602968797
316.0	0.9995631647061741
317.0	0.99952539742051
318.0	0.9995537040712574
319.0	0.9994930032227897
320.0	0.9995352966534079
321.0	0.9995667751923899
322.0	0.9995760425766532
323.0	0.9995261033530153
324.0	0.9995580930461841
325.0	0.9995636618232381
326.0	0.999545609770737
327.0	0.9995466374519343
328.0	0.9995562724750414
329.0	0.9995774350254211
330.0	0.999541027402619
331.0	0.9995465674603098
332.0	0.9995949245923134
333.0	0.9996086435261131
334.0	0.9995949279143864
335.0	0.9995558786515785
336.0	0.9995757442801142
337.0	0.999602399886337
338.0	0.9995571551153912
339.0	0.9995882492420102
340.0	0.999610430547118
341.0	0.9995521938215101
342.0	0.999542601893639
343.0	0.9995477766027617
344.0	0.9994880945930638
345.0	0.9995247208057636
346.0	0.999552774047814
347.0	0.9996025110772508
348.0	0.9995900034119306
349.0	0.9995847191166296
350.0	0.999537366396369
351.0	0.9995805290613031
352.0	0.9995729366085254
353.0	0.9995913510776094
354.0	0.9995992190356081
355.0	0.99958630801209
356.0	0.9995535058679433
357.0	0.9995833534127313
358.0	0.9995742735626403
359.0	0.9995262702352554
360.0	0.9995821580510419
361.0	0.9995751926463582
362.0	0.9995068077981345
363.0	0.9995308711411308
364.0	0.9995320320667536
365.0	0.9995103954267938
366.0	0.9995357258001124
367.0	0.9995526797974844
368.0	0.9995526766723779
369.0	0.9995794696615472
370.0	0.9995057555708576
371.0	0.9995224851796292
372.0	0.9994736871675424
373.0	0.9994833670508296
374.0	0.9995330564228311
375.0	0.9995439339945927
376.0	0.9996041231098713
377.0	0.9995523831458369
378.0	0.9995560226967841
379.0	0.9995474093839927
380.0	0.9995434629826186
381.0	0.9995451188445463
382.0	0.9995955674429094
383.0	0.999553766095574
384.0	0.9995496396241953
385.0	0.999553486389921
386.0	0.999502018382989
387.0	0.9995284225760059
388.0	0.999570898526184
389.0	0.9995615339190337
390.0	0.9995277933141234
391.0	0.9995570271187112
392.0	0.9995723588670061
393.0	0.9995863075311181
394.0	0.9995305860111867
395.0	0.9994929661953414
396.0	0.9995165516926723
397.0	0.999532278199716
398.0	0.9995975378879248
399.0	0.999499572752882
400.0	0.9995303687637728
401.0	0.9995354014619292
402.0	0.9995201106960822
403.0	0.9995170316539147
404.0	0.9995070795296439
405.0	0.9995465802398902
406.0	0.9995245392813616
407.0	0.9995654273118024
408.0	0.9995629950622381
409.0	0.9995547876405376
410.0	0.9994903503657655
411.0	0.9995539516598173
412.0	0.9995447420551729
413.0	0.9995136931827449
414.0	0.9995295599988869
415.0	0.9995556905312469
416.0	0.9995201412723266
417.0	0.999519964161045
418.0	0.999472391389826
419.0	0.9995268078083702
420.0	0.9995182376778764
421.0	0.9994802370313864
422.0	0.999524161973793
423.0	0.9995049639696915
424.0	0.9995158286573101
425.0	0.9994530280682639
426.0	0.9995204653485331
427.0	0.9995487651504019
428.0	0.9996100549955051
429.0	0.9995597280229285
430.0	0.9995468809194266
431.0	0.9995712903542958
432.0	0.9995898287377278
433.0	0.9995545840012491
434.0	0.9995743866272885
435.0	0.9995483086877257
436.0	0.9995512281551443
437.0	0.999483341726999
438.0	0.9994321023934423
439.0	0.9994735137637321
440.0	0.9995651291092025
441.0	0.9995500298014897
442.0	0.9995254455226411
443.0	0.9995660617723764
444.0	0.9995729883268909
445.0	0.9995666678080237
446.0	0.9995380170777092
447.0	0.9995823690177973
448.0	0.9995665622668375
449.0	0.9995420289300857
450.0	0.9995201367092157
451.0	0.9995107022626911
452.0	0.9995215303702658
453.0	0.9995066171021694
454.0	0.999493236754546
455.0	0.9995160345939368
456.0	0.9995539459742938
457.0	0.999544785073434
458.0	0.9995266072967373
459.0	0.9995626438496752
460.0	0.9995676492452593
461.0	0.9995503866078703
462.0	0.9995690105547935
463.0	0.9995391232687562
464.0	0.9995291887906391
465.0	0.9995368382297586
466.0	0.9995326558442574
467.0	0.999480775742151
468.0	0.999469446760828
469.0	0.9994602549771795
470.0	0.9994728087199579
471.0	0.9995234498708735
472.0	0.9994927782344234
473.0	0.999448173618333
474.0	0.999469643337363
475.0	0.9995166665493727
476.0	0.9994380971706579
477.0	0.9993678671994758
478.0	0.9993463379891807
479.0	0.999355940495759
480.0	0.9993632374766288
481.0	0.9994891655739787
482.0	0.9994693236430098
483.0	0.9995421270159816
484.0	0.9995794163815366
485.0	0.999511329931202
486.0	0.9995439319142106
487.0	0.9995264863102074
488.0	0.9995097553067893
489.0	0.9993848039326811
490.0	0.9994264564659698
491.0	0.9995117714020043
492.0	0.9995478574975936
493.0	0.9995364041618194
494.0	0.9995138361462041
495.0	0.9995404533822608
496.0	0.9995713815334168
497.0	0.9995819736147676
498.0	0.9995356561031365
499.0	0.9995524051669777
500.0	0.9995508588102352
501.0	0.9995145836538859
502.0	0.9995176374238325
503.0	0.9995418109463271
504.0	0.9995693672921084
505.0	0.9995469731627935
506.0	0.9995411613425895
507.0	0.9995700849542969
508.0	0.9995558664926403
509.0	0.99952692127085
510.0	0.9995551898512989
511.0	0.9995674218312766
512.0	0.9995564072355806
513.0	0.9995559502790169
514.0	0.9995321233360744
515.0	0.999581545982942
516.0	0.9995820306287797
517.0	0.999527397304874
518.0	0.999560301649212
519.0	0.9995343851198344
520.0	0.9995065463691925
521.0	0.9995022234476914
522.0	0.9995421517801263
523.0	0.9995284186726704
524.0	0.9995179871635974
525.0	0.9994983425578366
526.0	0.9994616993174597
527.0	0.9994664042664254
528.0	0.9995301571082938
529.0	0.9995432618904938
530.0	0.9995782898723604
531.0	0.9995873287325256
532.0	0.9996071378957632
533.0	0.9995731716344076
534.0	0.9995426924957733
535.0	0.9995555079577989
536.0	0.9995902587699568
537.0	0.999555894401003
538.0	0.9995701238562412
539.0	0.9995903067445114
540.0	0.9995501794762817
541.0	0.9995525424032133
542.0	0.9995495481585083
543.0	0.9995467164658008
544.0	0.9995180854047713
545.0	0.999499314160141
546.0	0.9995584801501949
547.0	0.9996053514986117
548.0	0.9995636141969123
549.0	0.9995501798089644
550.0	0.9995390055211785
551.0	0.9995687785760234
552.0	0.9995936745797135
553.0	0.9995688457805494
554.0	0.9995736420061749
555.0	0.9994941804333188
556.0	0.999514033714962
557.0	0.9995090395021926
558.0	0.9994922215009916
559.0	0.999461762466476
560.0	0.9994173410105669
561.0	0.9995272745443546
562.0	0.9995208941092677
563.0	0.9995639376797444
564.0	0.9994889080421416
565.0	0.9994516555284901
566.0	0.9994618179929525
567.0	0.9995077252928739
568.0	0.9995312651830062
569.0	0.999534805519989
570.0	0.9995149234580099
571.0	0.999529841457869
572.0	0.9994846842469031
573.0	0.9994425693070546
574.0	0.999476243345167
575.0	0.999508850625994
576.0	0.9995270032654174
577.0	0.9995197808423532
578.0	0.9995307586689072
579.0	0.9995425010789617
580.0	0.9995918101372764
581.0	0.9995724004584825
582.0	0.9995814412739747
583.0	0.9995229630234557
584.0	0.9995262490347747
585.0	0.9994714920950312
586.0	0.9995711857935073
587.0	0.9995415259216897
588.0	0.9995238607278364
589.0	0.9995707286534633
590.0	0.9995586958790811
591.0	0.999571878062009
592.0	0.9995292851230572
593.0	0.9995704658850662
594.0	0.9995905327964283
595.0	0.9995872411708623
596.0	0.9995508197659114
597.0	0.9995504122959157
598.0	0.9995330883306113
599.0	0.999546872155703
600.0	0.9995300925055555
601.0	0.9995847964209149
602.0	0.999528354695693
603.0	0.9994939520989282
604.0	0.999568240304782
605.0	0.9995909734478212
606.0	0.9995415147289219
607.0	0.9995801319457213
608.0	0.9994889971525395
609.0	0.9995214606961684
610.0	0.9994650501958151
611.0	0.9995082869246928
612.0	0.9994899549602201
613.0	0.9995110431288649
614.0	0.999483367347399
615.0	0.9994572980066663
616.0	0.9994662877523056
617.0	0.9995038730233503
618.0	0.9995544712786751
619.0	0.9995434261666274
620.0	0.999493701014672
621.0	0.9994627094892239
622.0	0.9994950391366179
623.0	0.9994608296130121
624.0	0.99946908256087
625.0	0.9994741139766344
626.0	0.9994989466680221
627.0	0.9995331371496188
628.0	0.9995215564626057
629.0	0.9995743543969702
630.0	0.9995618988585101
631.0	0.9995127078124534
632.0	0.999504470813592
633.0	0.9995756551007567
634.0	0.9995312344797984
635.0	0.9995476603016596
636.0	0.9995536037284368
637.0	0.9995594290096248
638.0	0.9995699942798828
639.0	0.9994997283522363
640.0	0.9995270130102527
641.0	0.9995256398338117
642.0	0.9994837562109825
643.0	0.9994886518698974
644.0	0.9995376711229813
645.0	0.9995153376797957
646.0	0.9995315733493766
647.0	0.9995373574752806
648.0	0.9995539551504412
649.0	0.9995587295720855
650.0	0.9995086933354514
651.0	0.9995086242676939
652.0	0.9995707799683097
653.0	0.9995716193595574
654.0	0.9995913479043621
655.0	0.99948212128378
656.0	0.9994650254857572
657.0	0.9994397462008643
658.0	0.9994934203983886
659.0	0.9995216816644774
660.0	0.9995385591932603
661.0	0.9995115103296105
662.0	0.9995315216955712
663.0	0.9995271880381794
664.0	0.9995232303220948
665.0	0.9995351448677111
666.0	0.999536922578794
667.0	0.9995352135689455
668.0	0.9995150569765099
669.0	0.9995452800884543
670.0	0.9995681369979867
671.0	0.9994795676202938
672.0	0.9994314545799327
673.0	0.9995008470452191
674.0	0.9995551645388632
675.0	0.9995068922610866
676.0	0.9995074236125606
677.0	0.9995155008484308
678.0	0.9995007305124723
679.0	0.999537332030598
680.0	0.9995571649001876
681.0	0.9995317123646967
682.0	0.9995978029379297
683.0	0.999552396258357
684.0	0.9995386872817349
685.0	0.9995221758831243
686.0	0.9995730904487737
687.0	0.9995653112300832
688.0	0.9995789311449491
689.0	0.9995658525077528
690.0	0.9995555737396744
691.0	0.9995907610369612
692.0	0.9995332516014795
693.0	0.9995189122468645
694.0	0.9995796465437864
695.0	0.9995505521975458
696.0	0.9995762657894862
697.0	0.9995259032528698
698.0	0.9995554326465923
699.0	0.9995394037420352
700.0	0.9995739810496607
701.0	0.999578438763656
702.0	0.9995252454039031
703.0	0.9995549422032215
704.0	0.9995738981494622
705.0	0.9995832490182254
706.0	0.9995655423932132
707.0	0.9995178225485202
708.0	0.9995795514258877
709.0	0.9995892740971021
710.0	0.999574076664605
711.0	0.9995523078610514
712.0	0.9995318541453195
713.0	0.9995212612163772
714.0	0.9994940668534564
715.0	0.9994447371502623
716.0	0.9994914919933581
717.0	0.9995354379801975
718.0	0.9995667870833478
719.0	0.9995352479983497
720.0	0.999528039357094
721.0	0.9994802898062872
722.0	0.9995302959179265
723.0	0.9995700660488107
724.0	0.9995209795825077
725.0	0.9995916093021617
726.0	0.9995452282576003
727.0	0.9995696648344462
728.0	0.9994976170577211
729.0	0.9995439800417472
730.0	0.9995245912188954
731.0	0.9995056687638055
732.0	0.9995788270007282
733.0	0.9995319580637508
734.0	0.9995554761776397
735.0	0.9995867574607394
736.0	0.9995440979690253
737.0	0.9995660107481316
738.0	0.9994987291347409
739.0	0.9995618325415039
740.0	0.9995125465173075
741.0	0.9995517481583452
742.0	0.9995193237049519
743.0	0.9995014803940243
744.0	0.9995869981663653
745.0	0.9995321490643123
746.0	0.9995471325819177
747.0	0.9995748452852876
748.0	0.9995567410607229
749.0	0.999538160426813
750.0	0.9995446046409586
751.0	0.9995453093365994
752.0	0.9995788723226481
753.0	0.9995353201803882
754.0	0.9995269390095142
755.0	0.999571417048631
756.0	0.9995146697503293
757.0	0.9995134176321094
758.0	0.9995221412567281
759.0	0.9993368974678511
760.0	0.9994889414905139
761.0	0.9994668839169675
762.0	0.9995244692224114
763.0	0.9995651236947097
764.0	0.9995064515633458
765.0	0.9995317103120922
766.0	0.9995167300977233
767.0	0.9995169409621127
768.0	0.9995382641843983
769.0	0.999499768392409
770.0	0.9994368433660222
771.0	0.9994965064544292
772.0	0.9995619807012049
773.0	0.9995764109882118
774.0	0.9994977681251576
775.0	0.9994702661598077
776.0	0.9994742719664609
777.0	0.9993515263949034
778.0	0.9993981316824351
779.0	0.9993632922565063
780.0	0.9994555156746202
781.0	0.9994239180474644
782.0	0.9994966068341621
783.0	0.9994782508607468
784.0	0.9994065540652367
785.0	0.9994995637786795
786.0	0.999474224139291
787.0	0.999474143903512
788.0	0.999504940585658
789.0	0.9995103890326662
790.0	0.9994838132642299
791.0	0.9995308951869658
792.0	0.9995149278603908
793.0	0.9994524400792948
794.0	0.9994964559980174
795.0	0.9994861427695352
796.0	0.999467492604963
797.0	0.9994991249228532
798.0	0.9995225533306914
799.0	0.9995550327861402
800.0	0.9995072883489398
801.0	0.9994868881934945
802.0	0.9995308713446656
803.0	0.9994970096600505
804.0	0.9994782730431804
805.0	0.9995286379212048
806.0	0.9995118661452581
807.0	0.9995008066845473
808.0	0.9994846563627321
809.0	0.9994654446220678
810.0	0.9995342798899843
811.0	0.9995562295701004
812.0	0.9995549756875092
813.0	0.9996015996026846
814.0	0.9995361367502081
815.0	0.9995775100732733
816.0	0.9995353148277833
817.0	0.9994935033996895
818.0	0.9994458481301517
819.0	0.9994621087403242
820.0	0.9995051570071306
821.0	0.9995195986884376
822.0	0.9995196671316189
823.0	0.9994921027969021
824.0	0.9995074333430676
825.0	0.9995863209198886
826.0	0.999539610941427
827.0	0.9995742636345571
828.0	0.9995767639485464
829.0	0.9995742026892256
830.0	0.999560628847214
831.0	0.9995708998443184
832.0	0.9995622437086082
833.0	0.9995084546104265
834.0	0.9995044897484211
835.0	0.9996013891316121
836.0	0.9995620390745376
837.0	0.9995777117772946
838.0	0.9995669630275988
839.0	0.9995609876829484
840.0	0.9995454741023285
841.0	0.9996013957727924
842.0	0.9995476362770003
843.0	0.999588279860246
844.0	0.9995499033405622
845.0	0.9995360365101553
846.0	0.9995373575121784
847.0	0.9994851667693191
848.0	0.9995048144685789
849.0	0.9995474979104176
850.0	0.9995453814585882
851.0	0.999499008090631
852.0	0.9995047805517298
853.0	0.9995211175249226
854.0	0.9994908016230926
855.0	0.9995356613347031
856.0	0.9994485709024981
857.0	0.999511032079012
858.0	0.9994806739029373
859.0	0.9995337045443536
860.0	0.9995008838810425
861.0	0.9995475873242502
862.0	0.999515930681297
863.0	0.9995806954440701
864.0	0.9995687165310458
865.0	0.9995639676553253
866.0	0.9995512814127818
867.0	0.9995143660404335
868.0	0.9995719866187128
869.0	0.9995511584245992
870.0	0.9994836466229183
871.0	0.9994319049100159
872.0	0.9995425428667174
873.0	0.9995159147762
874.0	0.9996003850348469
875.0	0.9995938291886277
876.0	0.9995558662169746
877.0	0.9995457263328412
878.0	0.9995420418743537
879.0	0.9995644724745718
880.0	0.9995497844946434
881.0	0.9995193222158683
882.0	0.9995191590712681
883.0	0.9995128812577971
884.0	0.9995066475897046
885.0	0.999486900005515
886.0	0.9995463633844852
887.0	0.9995824979083164
888.0	0.9994709535418668
889.0	0.9995606035708106
890.0	0.999568406177441
891.0	0.9995545285580506
892.0	0.9995348186255432
893.0	0.9995840031101011
894.0	0.9995874697418372
895.0	0.9995336317409447
896.0	0.9994674626333897
897.0	0.999488121326627
898.0	0.9994926047458298
899.0	0.9994275436004741
900.0	0.9994549471950324
901.0	0.999490768174761
902.0	0.9994537254066163
903.0	0.9995059754712036
904.0	0.9995370929326776
905.0	0.999568505653879
906.0	0.9995219704827907
907.0	0.9994799939505468
908.0	0.9995460942056259
909.0	0.9995502402800377
910.0	0.9994688992360993
911.0	0.9995095139852568
912.0	0.9995491092644103
913.0	0.9995366816195385
914.0	0.9994884650712649
915.0	0.9995459667049319
916.0	0.9995329842131664
917.0	0.9994777586716213
918.0	0.9995194624531096
919.0	0.9994975217715931
920.0	0.9995242772330581
921.0	0.9995477971341666
922.0	0.9994798625465264
923.0	0.9994975980398305
924.0	0.999425633477796
925.0	0.999509482203777
926.0	0.9994588542515997
927.0	0.999464152319285
928.0	0.999442824554755
929.0	0.9995092210867451
930.0	0.9995542888891293
931.0	0.9995618419196808
932.0	0.9995362113672233
933.0	0.999549816608593
934.0	0.9995363805257569
935.0	0.999551403660803
936.0	0.9995527417108089
937.0	0.9995530935452166
938.0	0.9995217669408011
939.0	0.9995945548722259
940.0	0.9995928030548747
941.0	0.9995287759039112
942.0	0.9995168774468431
943.0	0.9995049424943624
944.0	0.9995120549921995
945.0	0.9995515028186119
946.0	0.9995589264496358
947.0	0.9995181583470523
948.0	0.9995558438725568
949.0	0.9994959463291997
950.0	0.9995578545499255
951.0	0.9995157033714185
952.0	0.9995481963354974
953.0	0.9995952068817828
954.0	0.9995689050918807
955.0	0.9995058140402339
956.0	0.9994665821102205
957.0	0.9994791114621466
958.0	0.9994541885669184
959.0	0.9994613838651863
960.0	0.999418741618964
961.0	0.9992928391488168
962.0	0.9994171823687782
963.0	0.9993380500113839
964.0	0.9994110542330477
965.0	0.9995479752260252
966.0	0.9995035806033974
967.0	0.999491622792686
968.0	0.9994663562775992
969.0	0.9994124780529559
970.0	0.9994158923649034
971.0	0.9994040972262346
972.0	0.9993555293071503
973.0	0.999421636769784
974.0	0.9994545200123301
975.0	0.9994650728492768
976.0	0.9995606328208348
977.0	0.9995891015495195
978.0	0.9995377500705038
979.0	0.9995732482205898
980.0	0.9995682508238215
981.0	0.9995664798175756
982.0	0.999529373573589
983.0	0.9995010406375636
984.0	0.999505722620485
985.0	0.9994930033324045
986.0	0.9995097568940319
987.0	0.9995049564748921
988.0	0.9995488106289121
989.0	0.9995411331078932
990.0	0.9995474624565086
991.0	0.9995208959543409
992.0	0.9995386586285269
993.0	0.9995307275531361
994.0	0.9995623531654415
995.0	0.9995124587341515
996.0	0.9995324402703616
997.0	0.9996172896003068
998.0	0.9995919806151351
999.0	0.9995207685752717
1000.0	0.9995530422577281
1001.0	0.9996035623246342
1002.0	0.9995729854506143
1003.0	0.9995709479604235
1004.0	0.9995602720238834
1005.0	0.999536538685459
1006.0	0.9995576423066743
1007.0	0.999573231425963
1008.0	0.9995811798769354
1009.0	0.9995378054165805
1010.0	0.9995367500591125
1011.0	0.999541541686789
1012.0	0.9995891756920291
1013.0	0.9995719071598009
1014.0	0.9995567851683317
1015.0	0.9995399986139061
1016.0	0.9995263397613176
1017.0	0.999586298790855
1018.0	0.9995577830929538
1019.0	0.9995257977788204
1020.0	0.9995002441274552
1021.0	0.9995637099627082
1022.0	0.9995825359648778
1023.0	0.9995961284345046
1024.0	0.9995764067566095
1025.0	0.9995318332896871
1026.0	0.9995123092603475
1027.0	0.9995474394086207
1028.0	0.9995337869659905
1029.0	0.9995554326686314
1030.0	0.999480109229671
1031.0	0.999474076322282
1032.0	0.9995243220189599
1033.0	0.9994990283498225
1034.0	0.9995222087750487
1035.0	0.9995460901237627
1036.0	0.9995973925549977
1037.0	0.9995825370076015
1038.0	0.9995677076422843
1039.0	0.9995141644129301
1040.0	0.9995225954449792
1041.0	0.9995662293751901
1042.0	0.9996226690090577
1043.0	0.9995634258400208
1044.0	0.999547032350018
1045.0	0.9995210588480492
1046.0	0.99953326606292
1047.0	0.9996061556478943
1048.0	0.9995521622148631
1049.0	0.9995378597938971
1050.0	0.9995130563116433
1051.0	0.9995509251222695
1052.0	0.9996099104141473
1053.0	0.9995651082640952
1054.0	0.9995428249566701
1055.0	0.9995905559100717
1056.0	0.9996024206331692
1057.0	0.9995235001874127
1058.0	0.9995272519325938
1059.0	0.9995794423127251
1060.0	0.9995354908717181
1061.0	0.9995544530734817
1062.0	0.9994286776563066
1063.0	0.999544572455209
1064.0	0.9994675452378625
1065.0	0.9994956071040011
1066.0	0.9995470433687801
1067.0	0.9995022867766218
1068.0	0.9995059121481711
1069.0	0.9995390746246354
1070.0	0.9995117456375363
1071.0	0.9995522433303634
1072.0	0.9996041280301622
1073.0	0.9995749407161919
1074.0	0.9995514659651074
1075.0	0.9995816387436472
1076.0	0.9995431336972033
1077.0	0.9995550082276382
1078.0	0.9995956494151659
1079.0	0.9995767747033728
1080.0	0.999426125989122
1081.0	0.9994907372270133
1082.0	0.9995179253762237
1083.0	0.9995895075612508
1084.0	0.9995327347246162
1085.0	0.999539707489801
1086.0	0.9995698651754803
1087.0	0.9995497081926581
1088.0	0.999590118075857
1089.0	0.9995614958097241
1090.0	0.9995800017940323
1091.0	0.9995082311009521
1092.0	0.9995535837821793
1093.0	0.999560368610292
1094.0	0.9995417048894096
1095.0	0.9996090489997774
1096.0	0.9995761254628496
1097.0	0.999555351539786
1098.0	0.9995589254598307
1099.0	0.9995868752780611
1100.0	0.9995350521244583
1101.0	0.9995849257329951
1102.0	0.9995824857728809
1103.0	0.9995292031268851
1104.0	0.9994978828494682
1105.0	0.9995402274894066
1106.0	0.9995568684714798
1107.0	0.9995036233953997
1108.0	0.9995547292813015
1109.0	0.9995325280294642
1110.0	0.9995398475437227
1111.0	0.9994765557540469
1112.0	0.9994637804758191
1113.0	0.9994802334006188
1114.0	0.9995593976783695
1115.0	0.999535604160096
1116.0	0.9995564550149556
1117.0	0.9995927940804881
1118.0	0.999557634612857
1119.0	0.9995539272751068
1120.0	0.9995018841447635
1121.0	0.9995167496297436
1122.0	0.9996139941887562
1123.0	0.999551071048902
1124.0	0.9995319907280656
1125.0	0.9995874125783194
1126.0	0.9996286755801025
1127.0	0.9995904120243706
1128.0	0.9995942702457677
1129.0	0.9995688478743912
1130.0	0.9995602373758383
1131.0	0.9995439993234984
1132.0	0.999545973861691
1133.0	0.9995234773504106
1134.0	0.9995189715463794
1135.0	0.999600461179764
1136.0	0.9995627541331079
1137.0	0.9995209530857134
1138.0	0.9995562820667566
1139.0	0.9995783125138061
1140.0	0.9995876024928397
1141.0	0.9995531953848996
1142.0	0.9994848262435936
1143.0	0.9994881701421494
1144.0	0.9994817717872005
1145.0	0.9994502192387039
1146.0	0.9994979186950723
1147.0	0.9995259793378993
1148.0	0.9995251628698602
1149.0	0.9995799969351952
1150.0	0.9995582453757851
1151.0	0.9995726953522478
1152.0	0.9995737307611127
1153.0	0.9995734452390934
1154.0	0.9995967571705981
1155.0	0.9995323331684306
1156.0	0.9995386972163696
1157.0	0.9995591619544345
1158.0	0.9995465001850251
1159.0	0.9995646378409252
1160.0	0.9995123795741626
1161.0	0.9994499623247001
1162.0	0.9994846460356993
1163.0	0.9994787505454552
1164.0	0.9995222749304153
1165.0	0.9995610016040939
1166.0	0.9995682981739407
1167.0	0.9995411851377249
1168.0	0.9996049709076688
1169.0	0.9995417646216034
1170.0	0.9996205888018549
1171.0	0.9995733759298815
1172.0	0.9995054923522448
1173.0	0.9995472873752691
1174.0	0.9995818865069445
1175.0	0.9995264658768369
1176.0	0.9995080121895509
1177.0	0.9994863684072081
1178.0	0.9994973500051352
1179.0	0.9995592741370081
1180.0	0.9994789260468511
1181.0	0.9994802616313591
1182.0	0.9994933185480751
1183.0	0.9994669711933826
1184.0	0.9993415589321563
1185.0	0.9993569226760252
1186.0	0.9994123168544141
1187.0	0.9994604678724
1188.0	0.9994895216131459
1189.0	0.9994927764511274
1190.0	0.9995708113611461
1191.0	0.9995694896575273
1192.0	0.9995709919168806
1193.0	0.9995594633992321
1194.0	0.999520755082293
1195.0	0.9995356592854593
1196.0	0.999539084368392
1197.0	0.9995038417612784
1198.0	0.9995149004856363
1199.0	0.9995187393690388
1200.0	0.99948240606157
1201.0	0.9995165300427332
1202.0	0.9994286899034599
1203.0	0.9995013914787527
1204.0	0.999494564818104
1205.0	0.9995281836502781
1206.0	0.9995243337121036
1207.0	0.9995561389021353
1208.0	0.9995107407506462
1209.0	0.9995379677946505
1210.0	0.9995087996258736
1211.0	0.9995024092412831
1212.0	0.9994959913853532
1213.0	0.9995295555778467
1214.0	0.9995679768464809
1215.0	0.9995574274116505
1216.0	0.9995551718880589
1217.0	0.9995698503514098
1218.0	0.9995796512618667
1219.0	0.9995444177655455
1220.0	0.9995880728709248
1221.0	0.9995306573467889
1222.0	0.999500950611779
1223.0	0.9994582862557428
1224.0	0.9995049880831329
1225.0	0.999517488819933
1226.0	0.9994943505891247
1227.0	0.9995333449297252
1228.0	0.9995227936354407
1229.0	0.999536517642731
1230.0	0.9995585851951331
1231.0	0.9995811371381967
1232.0	0.9995657244942644
1233.0	0.9995702395025428
1234.0	0.9995408500746219
1235.0	0.9995697308473704
1236.0	0.9995703849449384
1237.0	0.9995696105563152
1238.0	0.9995538026581413
1239.0	0.9995853357192725
1240.0	0.9995548152765167
1241.0	0.999544811952575
1242.0	0.9995836601445474
1243.0	0.9995809646031737
1244.0	0.9995765866329381
1245.0	0.9995348569419739
1246.0	0.9994908784428718
1247.0	0.9995516399998376
1248.0	0.999582376293747
1249.0	0.9995575290831504
1250.0	0.9995385703724629
1251.0	0.9995372021408787
1252.0	0.9995815529673078
1253.0	0.9995746180755458
1254.0	0.9996074413940996
1255.0	0.9995910315417843
1256.0	0.999538992801982
1257.0	0.9995876965667612
1258.0	0.9995588345684916
1259.0	0.9995184352247296
1260.0	0.9995483504809025
1261.0	0.9995685398931321
1262.0	0.9996088999396565
1263.0	0.9995267193801652
1264.0	0.9995483834909643
1265.0	0.9995308407645532
1266.0	0.999553188199804
1267.0	0.9995377437614815
1268.0	0.9994982055059068
1269.0	0.9994986310017547
1270.0	0.9995948611471165
1271.0	0.999550584587771
1272.0	0.9995725175085235
1273.0	0.9995485503710938
1274.0	0.9996306887032096
1275.0	0.9995431341608978
1276.0	0.9995071878587687
1277.0	0.9995417852526848
1278.0	0.9995939354423274
1279.0	0.9995429728399862
1280.0	0.999569617380187
1281.0	0.999597047728465
1282.0	0.9995766040432446
1283.0	0.999530008299852
1284.0	0.9995945370017282
1285.0	0.9995606031351708
1286.0	0.999570438852588
1287.0	0.999579847341917
1288.0	0.9995598970817373
1289.0	0.9995022046383124
1290.0	0.9994556833842264
1291.0	0.9994553276633786
1292.0	0.9995030378331606
1293.0	0.9994680396263318
1294.0	0.9995187194424882
1295.0	0.9995367833811394
1296.0	0.9995222986502788
1297.0	0.9995460595189443
1298.0	0.999601134919211
1299.0	0.9995744674592454
1300.0	0.9995809340181215
1301.0	0.9995469815556917
1302.0	0.9995576335151425
1303.0	0.9996188906481724
1304.0	0.9996010477295477
1305.0	0.9995670299329378
1306.0	0.9996001946053698
1307.0	0.9995186648429161
1308.0	0.9994914162272006
1309.0	0.9995108592615466
1310.0	0.9995092539721195
1311.0	0.9995502554674351
1312.0	0.9995495098720304
1313.0	0.999489124694603
1314.0	0.9995103143810344
1315.0	0.9995636911986797
1316.0	0.9995275108886219
1317.0	0.9994864343942603
1318.0	0.999610490921881
1319.0	0.9995805775711951
1320.0	0.9995812963779299
1321.0	0.9994600159602993
1322.0	0.999530902263622
1323.0	0.9994833869684345
1324.0	0.9995412781015273
1325.0	0.9995601935055229
1326.0	0.9995202780625158
1327.0	0.9995432255872253
1328.0	0.999571879342428
1329.0	0.9995546105821174
1330.0	0.9995425768592914
1331.0	0.9995364573798481
1332.0	0.9995535694657753
1333.0	0.999614553505461
1334.0	0.9995575662925933
1335.0	0.999553437084118
1336.0	0.9994977259484851
1337.0	0.9995316980095114
1338.0	0.9995341207756268
1339.0	0.999546723215205
1340.0	0.9995994062174074
1341.0	0.999524004713387
1342.0	0.9994590575338438
1343.0	0.9994448243130876
1344.0	0.999436300898275
1345.0	0.9994353331914501
1346.0	0.9994978861363001
1347.0	0.9994348509151632
1348.0	0.9995243496548412
1349.0	0.999446297752037
1350.0	0.9995111301851989
1351.0	0.9994597816499565
1352.0	0.9994460374603572
1353.0	0.9994920899321561
1354.0	0.9995425824072535
1355.0	0.9995725782350368
1356.0	0.9995266593485796
1357.0	0.999567957479224
1358.0	0.999577252913583
1359.0	0.9995538871180352
1360.0	0.9995542678287671
1361.0	0.9995847679320169
1362.0	0.999479070659592
1363.0	0.9994262419543057
1364.0	0.9995419145584604
1365.0	0.9995302064428156
1366.0	0.9995673691952165
1367.0	0.9995744353343522
1368.0	0.9996150118184207
1369.0	0.9995526495620093
1370.0	0.9995472471243342
1371.0	0.9995597424855085
1372.0	0.9994973304033437
1373.0	0.9995760572971855
1374.0	0.9995465805021164
1375.0	0.9995377824853834
1376.0	0.999524556550783
1377.0	0.9995782961156904
1378.0	0.9995592537819615
1379.0	0.9995189123222417
1380.0	0.9995360199524931
1381.0	0.9994961982769569
1382.0	0.9995513028176825
1383.0	0.9995826664359353
1384.0	0.99955974691893
1385.0	0.999557499686049
1386.0	0.999603122305403
1387.0	0.999577877372412
1388.0	0.9995299173969328
1389.0	0.9995649473310515
1390.0	0.9995477839816181
1391.0	0.9995852389144676
1392.0	0.9995409107387927
1393.0	0.9995668307830191
1394.0	0.9995367075046505
1395.0	0.9995542592475369
1396.0	0.9995467103149595
1397.0	0.9995585344221921
1398.0	0.9995609223576319
1399.0	0.9995809041171242
1400.0	0.999568764765202
1401.0	0.9995394000979089
1402.0	0.9994984788414968
1403.0	0.9995481505314832
1404.0	0.999550695405784
1405.0	0.999587542797934
1406.0	0.9995958974511506
1407.0	0.9995652871980574
1408.0	0.9995553694572601
1409.0	0.9995700680838004
1410.0	0.9995679283776233
1411.0	0.999523075994492
1412.0	0.9995334732413247
1413.0	0.9995636948564675
1414.0	0.9995372776709185
1415.0	0.9995314143014066
1416.0	0.9994862440323184
1417.0	0.9995034319085504
1418.0	0.9994737047131712
1419.0	0.999532249733772
1420.0	0.99959279878774
1421.0	0.9995347503568297
1422.0	0.999548255072017
1423.0	0.9995068898055472
1424.0	0.9994997823753514
1425.0	0.9995095863653701
1426.0	0.9995515554165731
1427.0	0.9996044508034885
1428.0	0.9995280982380156
1429.0	0.999564278506092
1430.0	0.9995830398667052
1431.0	0.9995751262621534
1432.0	0.9995534625309946
1433.0	0.9995246326239007
1434.0	0.9995989860373306
1435.0	0.9995854610857308
1436.0	0.9995847907846692
1437.0	0.9995813160353307
1438.0	0.9995764215992379
1439.0	0.9995683314182259
1440.0	0.9995687578986154
1441.0	0.9995625173086826
1442.0	0.9995465064084383
1443.0	0.99960051300737
1444.0	0.9995732911116371
1445.0	0.9995788176775845
1446.0	0.9995718614330871
1447.0	0.9995558793751076
1448.0	0.9995624117553519
1449.0	0.9995528105795226
1450.0	0.9995681926070525
1451.0	0.9995580211447508
1452.0	0.9995245770570431
1453.0	0.9994877303467393
1454.0	0.9994969390571482
1455.0	0.9994899536054119
1456.0	0.9995146293810508
1457.0	0.9995088778088812
1458.0	0.9995172474340237
1459.0	0.9994775752940623
1460.0	0.999449425950041
1461.0	0.9994639850118584
1462.0	0.9995333264171746
1463.0	0.9995007139478564
1464.0	0.9995498757015546
1465.0	0.9995796854785877
1466.0	0.9995516386631246
1467.0	0.9995333527647952
1468.0	0.9995246346360656
1469.0	0.9995418774015521
1470.0	0.9994953767309707
1471.0	0.9995395644069472
1472.0	0.999523290520903
1473.0	0.9995343553820473
1474.0	0.999590928954215
1475.0	0.9995262034925698
1476.0	0.9995479077509477
1477.0	0.9994642108446387
1478.0	0.999534029759285
1479.0	0.999604795391475
1480.0	0.9995236080350708
1481.0	0.9994905031034403
1482.0	0.9994694615945385
1483.0	0.9995494645860816
1484.0	0.9996196317523927
1485.0	0.9995920320627587
1486.0	0.9995618891742378
1487.0	0.999492967770814
1488.0	0.9995008890886383
1489.0	0.9995414535032439
1490.0	0.9994762942082488
1491.0	0.9994554376905346
1492.0	0.9995178985648057
1493.0	0.999556941146796
1494.0	0.9995114699567226
1495.0	0.9995682014926482
1496.0	0.9995798206639301
1497.0	0.9994840855189469
1498.0	0.9995674276268633
1499.0	0.9995173672589814
1500.0	0.9994957454200111
1501.0	0.9995661298715391
1502.0	0.9995007772177432
1503.0	0.9995054444634391
1504.0	0.9995155495440758
1505.0	0.9995430370776067
1506.0	0.999485736680289
1507.0	0.9995273500264056
1508.0	0.9995332775890287
1509.0	0.9995243382846427
1510.0	0.9994827798741908
1511.0	0.9994391040464984
1512.0	0.999445763323594
1513.0	0.9994674305385878
1514.0	0.9994938530235621
1515.0	0.9995596667647462
1516.0	0.9995346115572883
1517.0	0.9995403485817058
1518.0	0.9995628547301777
1519.0	0.9995140643774745
1520.0	0.999532787985267
1521.0	0.9995422473101703
1522.0	0.9995413197194294
1523.0	0.9995961062734171
1524.0	0.9994639291969813
1525.0	0.9994750719441474
1526.0	0.9995394849461248
1527.0	0.9995338615998554
1528.0	0.9995519235912576
1529.0	0.9996116859308081
1530.0	0.9995506687114776
1531.0	0.9995563564546585
1532.0	0.9995645267746003
1533.0	0.9995756242979196
1534.0	0.999554794465644
1535.0	0.9995881614658298
1536.0	0.999591764385398
1537.0	0.9995334427712974
1538.0	0.9995385230894418
1539.0	0.9995180850842713
1540.0	0.9995150163415721
1541.0	0.9995083990612758
1542.0	0.9995718314727865
1543.0	0.9995330747135679
1544.0	0.9995896840089421
1545.0	0.9995336018829003
1546.0	0.9995274597372259
1547.0	0.9994966464578791
1548.0	0.9995715921122316
1549.0	0.9994792187361367
1550.0	0.9995248657386988
1551.0	0.9995543033539452
1552.0	0.9995937666547345
1553.0	0.9995740361546952
1554.0	0.9995699284121006
1555.0	0.9995264358049603
1556.0	0.9995918507513378
1557.0	0.9995030219048965
1558.0	0.9995299007582901
1559.0	0.9995931946426454
1560.0	0.9995616705889382
1561.0	0.9995196432878776
1562.0	0.9995182625140109
1563.0	0.9995849372200402
1564.0	0.9995426838810878
1565.0	0.9995126379276338
1566.0	0.9994931208439128
1567.0	0.9995563654158592
1568.0	0.9995613270201015
1569.0	0.999565381284434
1570.0	0.9995373688896848
1571.0	0.9995413237408145
1572.0	0.999555760280859
1573.0	0.9995937995751973
1574.0	0.9995366117130121
1575.0	0.9995994533256511
1576.0	0.9995970957758407
1577.0	0.9995145737206308
1578.0	0.9994809047615012
1579.0	0.9995673679524251
1580.0	0.9995888936367732
1581.0	0.999557230966675
1582.0	0.9995904212020322
1583.0	0.9995692392100721
1584.0	0.9995407329815814
1585.0	0.9995526980345659
1586.0	0.9995641117951343
1587.0	0.9995722205425182
1588.0	0.99955245148693
1589.0	0.9995948547256843
1590.0	0.9995953196652945
1591.0	0.9995009444500463
1592.0	0.9995682150925798
1593.0	0.999585306451764
1594.0	0.9995318928435991
1595.0	0.9995359087176721
1596.0	0.999575647497114
1597.0	0.9995610581748902
1598.0	0.9994966797348295
1599.0	0.9995615729428926
1600.0	0.9995991169071541
1601.0	0.9995335223693451
1602.0	0.9995197260901738
1603.0	0.9995476746051426
1604.0	0.9995841166054928
1605.0	0.9995764926329094
1606.0	0.9995527025282319
1607.0	0.9995562204286844
1608.0	0.9995053151708773
1609.0	0.9995286379769933
1610.0	0.9995468568561803
1611.0	0.9995366278956364
1612.0	0.9995589830002707
1613.0	0.9995294165212391
1614.0	0.9994895607992267
1615.0	0.9995391464712385
1616.0	0.9995748307960058
1617.0	0.9995752601813039
1618.0	0.999563520804987
1619.0	0.9995956141770896
1620.0	0.9995757076811428
1621.0	0.9995673896771117
1622.0	0.999600768858184
1623.0	0.9995448608298779
1624.0	0.9995029641341631
1625.0	0.9994994616559846
1626.0	0.9995547031321459
1627.0	0.9995110849469331
1628.0	0.9995271341570076
1629.0	0.9995356468099165
1630.0	0.9995165819238689
1631.0	0.9995965760441236
1632.0	0.9995581634936319
1633.0	0.9995461802611019
1634.0	0.9995478619586968
1635.0	0.9994992492227741
1636.0	0.999553807885215
1637.0	0.9995627456151956
1638.0	0.9995998802988902
1639.0	0.9995959354874072
1640.0	0.9995868148942431
1641.0	0.9995697681481454
1642.0	0.9995668730961479
1643.0	0.9995720836978813
1644.0	0.9995412234339447
1645.0	0.9995647171051203
1646.0	0.9995456737502632
1647.0	0.9995413678133787
1648.0	0.9995026528474275
1649.0	0.9995596565054334
1650.0	0.9995362142123001
1651.0	0.9995365101926835
1652.0	0.9995307017337468
1653.0	0.9994960398882973
1654.0	0.9995430672876321
1655.0	0.9995455224680989
1656.0	0.9995543009755158
1657.0	0.9995229049376293
1658.0	0.9995888572947607
1659.0	0.9995302987468526
1660.0	0.9995077248006738
1661.0	0.9995354432497829
1662.0	0.9995605873264561
1663.0	0.99953866196415
1664.0	0.9995689991447706
1665.0	0.9995344362134566
1666.0	0.9995445390309898
1667.0	0.9995007936321708
1668.0	0.9995364707579516
1669.0	0.9995701558739498
1670.0	0.9995262047996639
1671.0	0.9995530276230616
1672.0	0.9995220121280441
1673.0	0.9995547846125259
1674.0	0.9995381247325218
1675.0	0.9995318035968785
1676.0	0.999539582233174
1677.0	0.9995352236072519
1678.0	0.9995725148854834
1679.0	0.9994631188519831
1680.0	0.9995950389076095
1681.0	0.9995774874749372
1682.0	0.999525964732358
1683.0	0.9995498797803768
1684.0	0.9995691453932029
1685.0	0.9995704124144847
1686.0	0.9996058306656548
1687.0	0.9995841842648964
1688.0	0.999537826394368
1689.0	0.9995584219867508
1690.0	0.9995627920206658
1691.0	0.9995389113560385
1692.0	0.9994915104442127
1693.0	0.999578897406426
1694.0	0.9996021978662918
1695.0	0.9995904913557587
1696.0	0.9995529501023017
1697.0	0.9995877712179974
1698.0	0.9995175007768204
1699.0	0.9995025816598055
1700.0	0.9995516313529264
1701.0	0.9995545678107327
1702.0	0.9995724137356483
1703.0	0.9995681485745596
1704.0	0.9995820228248257
1705.0	0.9995741202581128
1706.0	0.9995925010803889
1707.0	0.9995779552990616
1708.0	0.9995253935907867
1709.0	0.999513403379534
1710.0	0.9994589832404128
1711.0	0.99936347325534
1712.0	0.9993520115646245
1713.0	0.9993054415782323
1714.0	0.9993236825588713
1715.0	0.9992810007845219
1716.0	0.9993208339491136
1717.0	0.9994308959379512
1718.0	0.9994759566922985
1719.0	0.9994922919405765
1720.0	0.9995243173944223
1721.0	0.9995475671776339
1722.0	0.9995954335950386
1723.0	0.9995669833412947
1724.0	0.9995770107709063
1725.0	0.999576166723696
1726.0	0.9995909273115624
1727.0	0.9995946221149496
1728.0	0.9995679463840228
1729.0	0.9995420999662119
1730.0	0.9995331012046875
1731.0	0.9995240155501981
1732.0	0.9995814801775089
1733.0	0.9995459406823293
1734.0	0.9995287555381763
1735.0	0.9994853711760793
1736.0	0.9995382770160989
1737.0	0.9995557512432452
1738.0	0.9995293167743584
1739.0	0.9995472649886015
1740.0	0.9995644937812901
1741.0	0.9995340870067292
1742.0	0.999561656091532
1743.0	0.9994637453583595
1744.0	0.9995381151128075
1745.0	0.999535052819563
1746.0	0.9995669078822882
1747.0	0.9995068925840307
1748.0	0.9995413638593403
1749.0	0.9995313209052537
1750.0	0.9994440427012062
1751.0	0.9994728214905426
1752.0	0.9994074284103812
1753.0	0.9993733392363505
1754.0	0.999401167772568
1755.0	0.9995153206275603
1756.0	0.9995282627700752
1757.0	0.9995701079572933
1758.0	0.9995349692496515
1759.0	0.99958451792519
1760.0	0.9995140311768043
1761.0	0.9995349424678648
1762.0	0.9995010577789938
1763.0	0.9995314438165975
1764.0	0.9995002249633446
1765.0	0.9994769255871402
1766.0	0.9995442189046203
1767.0	0.9995475659437726
1768.0	0.9995012840922322
1769.0	0.9995822687636209
1770.0	0.9995724703817422
1771.0	0.9995972486042185
1772.0	0.9995601615876617
1773.0	0.9995654939217247
1774.0	0.9995940549336105
1775.0	0.9995724852640342
1776.0	0.9995692456304015
1777.0	0.9995742765336549
1778.0	0.9995534008149248
1779.0	0.9995125971703426
1780.0	0.999531856627028
1781.0	0.9995980376763084
1782.0	0.9995590651541956
1783.0	0.9995767305081883
1784.0	0.9995906772408402
1785.0	0.9995404962453528
1786.0	0.9995654816257015
1787.0	0.9995393706286042
1788.0	0.9995910894927824
1789.0	0.9995654426859724
1790.0	0.9995094608693466
1791.0	0.9994991587068659
1792.0	0.9994577991917875
1793.0	0.9995361680480894
1794.0	0.9994805575085147
1795.0	0.9994620983509654
1796.0	0.9994501737751398
1797.0	0.9994533796712718
1798.0	0.9995517220212147
1799.0	0.9995042842117701
1800.0	0.9995015599399832
1801.0	0.9995382673548049
1802.0	0.999476254080656
1803.0	0.9994986549354284
1804.0	0.9995092013619326
1805.0	0.9995019800928958
1806.0	0.9994820774746701
1807.0	0.9994322726884739
1808.0	0.9994308486633315
1809.0	0.9994523627961139
1810.0	0.9995081908693
1811.0	0.9995000831589788
1812.0	0.9995109146156642
1813.0	0.9995068211996313
1814.0	0.9995829030459022
1815.0	0.9995234346251922
1816.0	0.9995070717055247
1817.0	0.9995068839797991
1818.0	0.9994577753642679
1819.0	0.9994727204135381
1820.0	0.9994344356697052
1821.0	0.9994762174980291
1822.0	0.9994324056475632
1823.0	0.9995045730979998
1824.0	0.9995322903381745
1825.0	0.9994955891644158
1826.0	0.9995517557273766
1827.0	0.9995576365009149
1828.0	0.9995306117788494
1829.0	0.9995255205156064
1830.0	0.9995553068916025
1831.0	0.999511646293922
1832.0	0.9994892344745178
1833.0	0.999464957640399
1834.0	0.9994839555194294
1835.0	0.9995464163345196
1836.0	0.9995595527876753
1837.0	0.9995238437887265
1838.0	0.9994898518055142
1839.0	0.9995908789324767
1840.0	0.9995526792931992
1841.0	0.9995075532655231
1842.0	0.9995673675807255
1843.0	0.9995693291514777
1844.0	0.9995545565430569
1845.0	0.999566247937339
1846.0	0.9995495577451273
1847.0	0.9995513729170243
1848.0	0.9996044325473704
1849.0	0.9995850316776671
1850.0	0.9996153040277398
1851.0	0.9995152380170579
1852.0	0.999443298295255
1853.0	0.999506664367192
1854.0	0.9995089544260005
1855.0	0.9995254665517967
1856.0	0.9995106837875998
1857.0	0.9995311708510638
1858.0	0.999572190687036
1859.0	0.9995808594523767
1860.0	0.9995379860498315
1861.0	0.9995729892683436
1862.0	0.9995562436556181
1863.0	0.9995679829018599
1864.0	0.9995031597127046
1865.0	0.9994994294988933
1866.0	0.9994722638988585
1867.0	0.9993993955521034
1868.0	0.9993547792559586
1869.0	0.9993756894160829
1870.0	0.9992939007576241
1871.0	0.9993613261278702
1872.0	0.9993605375517144
1873.0	0.9993518030810496
1874.0	0.999358938900923
1875.0	0.999381221356757
1876.0	0.9995036615304561
1877.0	0.9994769337436292
1878.0	0.9994764370005018
1879.0	0.9994156004154745
1880.0	0.9993464149706921
1881.0	0.9992505610982252
1882.0	0.9992735674244642
1883.0	0.9993282898041139
1884.0	0.999410698359116
1885.0	0.9992821236635295
1886.0	0.9992623702760274
1887.0	0.9993525090209431
1888.0	0.999370486725985
1889.0	0.9992661069049961
1890.0	0.9993446097357707
1891.0	0.9994042173891033
1892.0	0.9994437926042712
1893.0	0.9994385100998536
1894.0	0.9994458794134533
1895.0	0.9994005264573862
1896.0	0.9994265108926665
1897.0	0.9994601704898634
1898.0	0.9995029330612597
1899.0	0.9994941378299236
1900.0	0.999393862645805
1901.0	0.9993766681211835
1902.0	0.9994346947944663
1903.0	0.999355189785423
1904.0	0.9994785364873885
1905.0	0.9995251957605928
1906.0	0.9994790671480156
1907.0	0.9994858446438492
1908.0	0.9993992590397558
1909.0	0.9993348642860866
1910.0	0.9994129426154572
1911.0	0.9992962835494643
1912.0	0.9993703387330872
1913.0	0.9993774546603296
1914.0	0.9995284393584518
1915.0	0.9994941915882832
1916.0	0.9995065315900618
1917.0	0.9994699161883613
1918.0	0.9995017779394288
1919.0	0.9995018123972765
1920.0	0.9995101209971395
1921.0	0.9995456646270356
1922.0	0.9995338140892962
1923.0	0.9995679018428343
1924.0	0.9995043803535648
1925.0	0.9994889236378056
1926.0	0.9995058284712585
1927.0	0.9994574694966716
1928.0	0.9995354544866775
1929.0	0.9995366099705287
1930.0	0.999614229191885
1931.0	0.9995338854411058
1932.0	0.9995112414385919
1933.0	0.9995915320143189
1934.0	0.9995139890816885
1935.0	0.9995071085244521
1936.0	0.9995382923416601
1937.0	0.9995140752191322
1938.0	0.999525689347056
1939.0	0.9994630205900936
1940.0	0.999495739016669
1941.0	0.9994861166562057
1942.0	0.9995609582942233
1943.0	0.9995601599502161
1944.0	0.9995926682872719
1945.0	0.9995343982141743
1946.0	0.999518617998145
1947.0	0.9995334318087848
1948.0	0.9994969913713478
1949.0	0.9994384974463386
1950.0	0.9995222797552447
1951.0	0.9995503864566208
1952.0	0.9994979392512723
1953.0	0.9995184749694328
1954.0	0.9995387039652878
1955.0	0.999597401249096
1956.0	0.9994516648827018
1957.0	0.9995142627838907
1958.0	0.999456835930698
1959.0	0.999482981477793
1960.0	0.9994344471346545
1961.0	0.9994465628815712
1962.0	0.9995089622311584
1963.0	0.9995927554206964
1964.0	0.9995451147670502
1965.0	0.9995164073670518
1966.0	0.9994403255622463
1967.0	0.9994343323999486
1968.0	0.9995023782506666
1969.0	0.9995212151598186
1970.0	0.9995459530316526
1971.0	0.9995262780421246
1972.0	0.9995301484489414
1973.0	0.9994275505439756
1974.0	0.9993844179183513
1975.0	0.999322838080043
1976.0	0.9993817943111825
1977.0	0.9994271554328877
1978.0	0.9995854213912649
1979.0	0.9995276382950606
1980.0	0.9995241620141653
1981.0	0.9995413142970766
1982.0	0.9994742664223171
1983.0	0.9995337975901909
1984.0	0.9995535235634154
1985.0	0.9995190171536533
1986.0	0.9994640053603863
1987.0	0.9994678270418013
1988.0	0.9994842508101047
1989.0	0.9994101930205144
1990.0	0.9994572260103762
1991.0	0.9994702899720369
1992.0	0.9995091175812963
1993.0	0.999508686304453
1994.0	0.9994347742709615
1995.0	0.9993421322101866
1996.0	0.9994074634572091
1997.0	0.9995171201435874
1998.0	0.9995477345887758
1999.0	0.9995490141405906
2000.0	0.9994687371994341
