N: 100,0	L: 	Density:0,16	Noise: 1,1
Time	 Va	
0,0	0,12636195655239296
1,0	0,138134458371642
2,0	0,1424784727653325
3,0	0,1374382238530507
4,0	0,16829236740496112
5,0	0,1741394494805773
6,0	0,22939346614907316
7,0	0,23321135409934915
8,0	0,23259857772051798
9,0	0,22007418848257249
10,0	0,23677335048517736
11,0	0,29054843465620395
12,0	0,26379570954758036
13,0	0,2886432989336696
14,0	0,25897594589589923
15,0	0,24947495942953804
16,0	0,22050375683088166
17,0	0,24849278094238683
18,0	0,23743135613302055
19,0	0,19340108350806756
20,0	0,21072089124472307
21,0	0,3048936259660502
22,0	0,3002452931852995
23,0	0,30885577528942004
24,0	0,38195204200815913
25,0	0,4308182745924025
26,0	0,4261372580983909
27,0	0,47639362140184055
28,0	0,4472328671769638
29,0	0,4334283113120196
30,0	0,458179490736765
31,0	0,35670215058084087
32,0	0,3485629197872474
33,0	0,26510308115279113
34,0	0,2947862889298504
35,0	0,26385790320445646
36,0	0,2561570973124143
37,0	0,3253016564269043
38,0	0,2949232169482442
39,0	0,30733956084234054
40,0	0,33783493034793993
41,0	0,3095198462162675
42,0	0,3759813710992594
43,0	0,3707135648559425
44,0	0,40861728156736743
45,0	0,3781867169093852
46,0	0,4014863948014464
47,0	0,3836674087865461
48,0	0,38589438929372333
49,0	0,39181503116051414
50,0	0,37944244263862165
51,0	0,39400792578090943
52,0	0,3612476045228613
53,0	0,33980866029627066
54,0	0,26901861055715615
55,0	0,25245555143916387
56,0	0,25629336875638004
57,0	0,28862419511842713
58,0	0,28522222067617425
59,0	0,27105489138310784
60,0	0,27677437531788873
61,0	0,3212027966282717
62,0	0,3314743437916951
63,0	0,4251303049892753
64,0	0,4742322402137253
65,0	0,5058810606779074
66,0	0,5198893228635098
67,0	0,49956543660511793
68,0	0,490852338394007
69,0	0,48425367029563743
70,0	0,4086602461416381
71,0	0,411214123495055
72,0	0,4623702057862386
73,0	0,4685078276581487
74,0	0,47716408397917337
75,0	0,48849117484326715
76,0	0,5250585275370813
77,0	0,5070066216289182
78,0	0,48037788018326977
79,0	0,4544529118769404
80,0	0,41701253781482656
81,0	0,4766013523429341
82,0	0,45030441164872415
83,0	0,44519840171745495
84,0	0,4811419343636213
85,0	0,4729554643259547
86,0	0,45550021049648953
87,0	0,38749302374211986
88,0	0,3367781884303112
89,0	0,349205707385488
90,0	0,29521425299889803
91,0	0,30026275124661267
92,0	0,3169264327636593
93,0	0,2861806895346482
94,0	0,2670766890404599
95,0	0,2609297642335534
96,0	0,2844124156096673
97,0	0,286663815795189
98,0	0,27075271846783555
99,0	0,26122479419416506
100,0	0,2967750140727417
101,0	0,31255514182773386
102,0	0,29428633713141594
103,0	0,29695112089322784
104,0	0,2616522994410444
105,0	0,31354331927855367
106,0	0,34712290295920384
107,0	0,35046193930190783
108,0	0,36177485625295064
109,0	0,3681644316187143
110,0	0,476154822275966
111,0	0,44653499113108686
112,0	0,43620096317107115
113,0	0,4458258592592237
114,0	0,46897228901482635
115,0	0,47450225130257806
116,0	0,3989204974895787
117,0	0,4280400545068757
118,0	0,39321731534658877
119,0	0,34949323380811315
120,0	0,3787091345155887
121,0	0,40552517062687926
122,0	0,4277218676640064
123,0	0,3956259287268305
124,0	0,3564708162223834
125,0	0,375458242901668
126,0	0,340884824637469
127,0	0,35660821480145494
128,0	0,39910022832043074
129,0	0,3967930481848573
130,0	0,39813702974378007
131,0	0,4285782685867111
132,0	0,4087033714964348
133,0	0,41286543343175347
134,0	0,39207571918484807
135,0	0,3897886793098782
136,0	0,3947892949079717
137,0	0,415039843527847
138,0	0,38623573555962826
139,0	0,3294289329332674
140,0	0,38223089427878454
141,0	0,37492224220865994
142,0	0,3660667924183348
143,0	0,4074137477967265
144,0	0,4421732989560114
145,0	0,4742486205690163
146,0	0,48546071060707896
147,0	0,47591721488779815
148,0	0,4236521048302755
149,0	0,39943569531952766
150,0	0,37824041159951166
151,0	0,40253501309127215
152,0	0,4402115954120059
153,0	0,4712318808499198
154,0	0,46191492915087606
155,0	0,44721171182304137
156,0	0,4422472660921071
157,0	0,4609463511658452
158,0	0,4394120061631135
159,0	0,46500321203509926
160,0	0,4131195358014984
161,0	0,4886480402838624
162,0	0,5129198436961672
163,0	0,5341386639557639
164,0	0,518627475287769
165,0	0,5438287200856887
166,0	0,5302527236047512
167,0	0,5576692997627933
168,0	0,521272269420474
169,0	0,5119434022346134
170,0	0,48045646812708465
171,0	0,5001131990179821
172,0	0,4890633995089012
173,0	0,4469112732648796
174,0	0,39183573928664206
175,0	0,3498976036025762
176,0	0,3251963456237641
177,0	0,299173422411937
178,0	0,34652377969671655
179,0	0,33706247191715033
180,0	0,24901534731420633
181,0	0,23458102457716093
182,0	0,249138544768844
183,0	0,2942246583116698
184,0	0,381572423127953
185,0	0,37259906886004607
186,0	0,3926194529862004
187,0	0,4197799200398757
188,0	0,34051228181183796
189,0	0,326380709277161
190,0	0,3331470696659545
191,0	0,30499964031596927
192,0	0,23558801937247564
193,0	0,1663094592087973
194,0	0,12394042156367475
195,0	0,11261926215224309
196,0	0,05558041550061052
197,0	0,1126979293968902
198,0	0,22134989448263906
199,0	0,20832385718614255
200,0	0,21068440485468695
201,0	0,20878577097028775
202,0	0,2047567890495104
203,0	0,20399913809006562
204,0	0,23416170804751477
205,0	0,273758211513223
206,0	0,23717128971219642
207,0	0,2620786217938092
208,0	0,25460428471134383
209,0	0,2686496397443607
210,0	0,21417657924785014
211,0	0,30290902749002113
212,0	0,3022163201196623
213,0	0,29131636644087044
214,0	0,26424440409244876
215,0	0,31769492791327736
216,0	0,36791370884006025
217,0	0,36106355319807804
218,0	0,37391556801245934
219,0	0,427247505832424
220,0	0,44671020840271075
221,0	0,46004508498462143
222,0	0,4646975343329182
223,0	0,4859533862602771
224,0	0,5338273192090613
225,0	0,527293004774549
226,0	0,5410682855005958
227,0	0,5732074396923671
228,0	0,5602836467667426
229,0	0,614837181148902
230,0	0,5930147142678267
231,0	0,5977438761590819
232,0	0,6258678527303718
233,0	0,6809322828150015
234,0	0,7301880676643908
235,0	0,7095760484140036
236,0	0,7073057666399778
237,0	0,7428167551399902
238,0	0,6898590955202941
239,0	0,6800442778112229
240,0	0,6685606022341866
241,0	0,6958779564192289
242,0	0,6934086488537017
243,0	0,7045022182859383
244,0	0,6796012897050172
245,0	0,7061618976611336
246,0	0,6556512112588427
247,0	0,6299171460713062
248,0	0,6177054117629039
249,0	0,6130435184345192
250,0	0,585767256573192
251,0	0,5794380813508506
252,0	0,5782779272900989
253,0	0,5401827591421758
254,0	0,5629311227563646
255,0	0,5791957297414478
256,0	0,5218655287186723
257,0	0,5152762545184967
258,0	0,4607369230284807
259,0	0,4619393609654131
260,0	0,5229344571811301
261,0	0,5084194289797791
262,0	0,4869375441598078
263,0	0,48399816066116513
264,0	0,4521045120057883
265,0	0,38831880929903906
266,0	0,34505231837076883
267,0	0,34593269515935454
268,0	0,3342703135838656
269,0	0,3345956943222219
270,0	0,301028649799692
271,0	0,2589740065100434
272,0	0,2619776271919323
273,0	0,2613842957166442
274,0	0,23871858016826322
275,0	0,27234198269898324
276,0	0,226265441804152
277,0	0,1878093215995628
278,0	0,25225124735030774
279,0	0,33155323014115223
280,0	0,3015318393300595
281,0	0,34410136636857924
282,0	0,2929914700064426
283,0	0,2787774487263785
284,0	0,2996403413204268
285,0	0,3510759977376687
286,0	0,35025679053444864
287,0	0,36251496879784534
288,0	0,3863404351138815
289,0	0,343500497760612
290,0	0,3400496271350523
291,0	0,3029524048705157
292,0	0,3622894818356951
293,0	0,3194406875566923
294,0	0,297889358128641
295,0	0,2873341579317544
296,0	0,28058598513581684
297,0	0,2901767244125075
298,0	0,3124332397784813
299,0	0,31236112068550725
300,0	0,2492220902053871
301,0	0,29613828537987746
302,0	0,36091703581722956
303,0	0,3884276203792648
304,0	0,30910590459042114
305,0	0,3351343272240653
306,0	0,34503818277145837
307,0	0,31520861826947993
308,0	0,3157793759051236
309,0	0,28307501077152203
310,0	0,2570296080826204
311,0	0,2783330133103869
312,0	0,2326464943922343
313,0	0,19057918177635472
314,0	0,24393335422639426
315,0	0,27795205477552243
316,0	0,26329292256483305
317,0	0,24027976726729436
318,0	0,2659859125092047
319,0	0,30568912441485435
320,0	0,30762409184513256
321,0	0,3016200147720189
322,0	0,30518240030261495
323,0	0,2798879881708009
324,0	0,271311453713953
325,0	0,28778011526183706
326,0	0,3112750716806136
327,0	0,3043410561923113
328,0	0,3776533677509155
329,0	0,3338883358595009
330,0	0,40920340932297355
331,0	0,4394550181954647
332,0	0,4481172367615524
333,0	0,48023724485640723
334,0	0,447707741322299
335,0	0,4369545321139176
336,0	0,4038318799243599
337,0	0,3921699554256366
338,0	0,41431290796390946
339,0	0,41144413716087486
340,0	0,4172859277457935
341,0	0,3971395447459893
342,0	0,34565475489567843
343,0	0,38494325305798244
344,0	0,3897060960688951
345,0	0,3663076330453172
346,0	0,40499826766558755
347,0	0,38086988529174853
348,0	0,34495503751574536
349,0	0,3898878413112527
350,0	0,4667288197057362
351,0	0,5156436693142764
352,0	0,543595550048989
353,0	0,5833405845209854
354,0	0,5961947433909345
355,0	0,638768417044662
356,0	0,6473158314797574
357,0	0,6544938958717246
358,0	0,6703404696390449
359,0	0,6645768955103492
360,0	0,7117267808502
361,0	0,6279679272463734
362,0	0,6506798400367543
363,0	0,6460230162374011
364,0	0,6398415173610087
365,0	0,6133101353816988
366,0	0,5742295622243065
367,0	0,5675241428454071
368,0	0,5276086533675218
369,0	0,44526879273217546
370,0	0,4145283638004315
371,0	0,322356187450758
372,0	0,35293705805259257
373,0	0,3414207738471419
374,0	0,38672937250225825
375,0	0,3820946314340892
376,0	0,3832735757515725
377,0	0,40290105389945957
378,0	0,39344466301769404
379,0	0,4070008713020807
380,0	0,38523378541709974
381,0	0,41957759830030905
382,0	0,42735345600173374
383,0	0,39494942405617367
384,0	0,3927207509449657
385,0	0,30660728948228777
386,0	0,2995808206246198
387,0	0,2768210490510409
388,0	0,2857473408477807
389,0	0,2648405207461289
390,0	0,294544698003602
391,0	0,2636877039776216
392,0	0,30488534279162416
393,0	0,34306958212883354
394,0	0,33907951152941723
395,0	0,38731481847683863
396,0	0,37668999851858254
397,0	0,39493969234854254
398,0	0,3772633982775157
399,0	0,3583951331846427
400,0	0,3493216286283453
401,0	0,3597593125145541
402,0	0,33018504100764023
403,0	0,3557487590104047
404,0	0,37764789154364214
405,0	0,3678464018612234
406,0	0,32738315743758367
407,0	0,3041417047539849
408,0	0,2938262899488809
409,0	0,3052894099449512
410,0	0,3602589242433082
411,0	0,39262131224867286
412,0	0,35372832936809867
413,0	0,3540977183186897
414,0	0,356077688369328
415,0	0,33604747272651203
416,0	0,3662547080929456
417,0	0,37814888009513403
418,0	0,3552893484554766
419,0	0,34004572752622314
420,0	0,3435217546184855
421,0	0,3356182426468441
422,0	0,320326649730782
423,0	0,294567413871382
424,0	0,30890598636191596
425,0	0,30391702517054286
426,0	0,2955706956391386
427,0	0,28339882748112755
428,0	0,26216553887543076
429,0	0,30538851753605906
430,0	0,34702514137953683
431,0	0,4053354130893556
432,0	0,42002727392701356
433,0	0,4201170776961218
434,0	0,4341573950795111
435,0	0,4351030107741053
436,0	0,457531419094518
437,0	0,4198635944249076
438,0	0,44139550976207836
439,0	0,4486272278526377
440,0	0,4572448666568635
441,0	0,45109539928938763
442,0	0,4777827201583213
443,0	0,4684820905539065
444,0	0,44135450474529786
445,0	0,37238628257597434
446,0	0,39675122066798196
447,0	0,4003309632161137
448,0	0,3778296810693535
449,0	0,40739761127417823
450,0	0,3898648308465807
451,0	0,3817335136306045
452,0	0,3610509118210918
453,0	0,37246991660312506
454,0	0,3513181244431758
455,0	0,32421351592175535
456,0	0,28114100742407877
457,0	0,276501366426076
458,0	0,32996467742142155
459,0	0,4100560532938501
460,0	0,42666337426323775
461,0	0,43758621217074495
462,0	0,4210085002552327
463,0	0,4583605630226285
464,0	0,44121695962152413
465,0	0,43201695831905423
466,0	0,4511023156864799
467,0	0,4647842123556486
468,0	0,4544303534158533
469,0	0,4414154563234113
470,0	0,4462739016599985
471,0	0,41296177634710995
472,0	0,4247777736390165
473,0	0,4100306121665429
474,0	0,42667830092642645
475,0	0,44027789842339893
476,0	0,37689486636891706
477,0	0,38680960592069435
478,0	0,3230361208720591
479,0	0,3052029514068872
480,0	0,3191609301926023
481,0	0,3451695312151488
482,0	0,3285632379386213
483,0	0,30618894938043256
484,0	0,30020755918806424
485,0	0,26620689603214204
486,0	0,3095567339797464
487,0	0,3375299115441024
488,0	0,37301472248481
489,0	0,35200013138509345
490,0	0,42763171257260024
491,0	0,4286159465382747
492,0	0,4290495806119287
493,0	0,4301048335394945
494,0	0,43810902754641956
495,0	0,4176009618828035
496,0	0,3785463027660528
497,0	0,3846181509537176
498,0	0,43013830846618645
499,0	0,36235566610541536
500,0	0,3074934240523696
501,0	0,2720561828151115
502,0	0,22823340655343516
503,0	0,2950243688322182
504,0	0,31902557271723836
505,0	0,38810603094219365
506,0	0,377520590544454
507,0	0,37193584707639804
508,0	0,41655005463093936
509,0	0,4420380016622089
510,0	0,41959948667335417
511,0	0,38547457219352405
512,0	0,34856432404896476
513,0	0,30101280876871195
514,0	0,307560656222133
515,0	0,27938159084177305
516,0	0,2804763718211368
517,0	0,29914842543436554
518,0	0,3014345440401113
519,0	0,31629898555149255
520,0	0,2963220866785781
521,0	0,2777269940876656
522,0	0,2543895701679367
523,0	0,2651646731317145
524,0	0,24592125422122216
525,0	0,24898418230859368
526,0	0,2437392110319256
527,0	0,23600950886736355
528,0	0,2414698539293017
529,0	0,19207158329934743
530,0	0,19634186131871895
531,0	0,22279533986028074
532,0	0,24877493030423056
533,0	0,2131697524035329
534,0	0,205459305857867
535,0	0,17332231060481845
536,0	0,13842547351431972
537,0	0,1363292491682801
538,0	0,11283931865861434
539,0	0,16479816527655256
540,0	0,1606790727704756
541,0	0,17288658834209863
542,0	0,21729143769397813
543,0	0,23100154567482903
544,0	0,17957524231830316
545,0	0,1772779987771424
546,0	0,20914211773496744
547,0	0,18554668168300398
548,0	0,16010477066379286
549,0	0,14266167966684373
550,0	0,15653106006665646
551,0	0,10514079478773937
552,0	0,09056564693222557
553,0	0,04385497484597634
554,0	0,03792089425229376
555,0	0,04660591626889675
556,0	0,08819429882545207
557,0	0,10098963085965326
558,0	0,14490044756020484
559,0	0,17416939963372735
560,0	0,13592833756026723
561,0	0,2076136917714483
562,0	0,2222397842992873
563,0	0,24168303434478208
564,0	0,2388387962793944
565,0	0,2001097145781758
566,0	0,19062331701586646
567,0	0,23946862692791535
568,0	0,268719555723889
569,0	0,3831618157079239
570,0	0,46782622635228194
571,0	0,5360192167517036
572,0	0,5545833851888755
573,0	0,5915172162910451
574,0	0,631497132038868
575,0	0,6000110582200707
576,0	0,6009019424489631
577,0	0,6251338833044647
578,0	0,676242091860681
579,0	0,6712012731288637
580,0	0,6367840995874726
581,0	0,6488621571558866
582,0	0,6447109082760131
583,0	0,6754037137319181
584,0	0,6802766242007493
585,0	0,649294451257679
586,0	0,6523661107148845
587,0	0,6469749914321848
588,0	0,6732768246588463
589,0	0,6929079601563578
590,0	0,6498270143551109
591,0	0,632789201116572
592,0	0,6488207212059177
593,0	0,6305710202264111
594,0	0,6120163101789601
595,0	0,5859574245603533
596,0	0,5366405457131929
597,0	0,5651957550112897
598,0	0,6158229347600336
599,0	0,6014965166840806
600,0	0,6294247592167626
601,0	0,6801601013212655
602,0	0,6436868093726146
603,0	0,6007876057553765
604,0	0,5889799535071417
605,0	0,6183804456025019
606,0	0,634428055348211
607,0	0,6487939906628417
608,0	0,6352294601353008
609,0	0,6151859871232713
610,0	0,6073521863830191
611,0	0,630260427528031
612,0	0,6173740762724285
613,0	0,5968070350697449
614,0	0,6206835241322382
615,0	0,6006613322647362
616,0	0,5853893632967393
617,0	0,5604578628665161
618,0	0,5761442307985213
619,0	0,5860401792891242
620,0	0,6043572819496617
621,0	0,585236098260355
622,0	0,5718796778497144
623,0	0,557812156335405
624,0	0,5294426713812341
625,0	0,5219704495877061
626,0	0,49023091620838416
627,0	0,4708580162710228
628,0	0,4856398495504756
629,0	0,4749950373581407
630,0	0,46544059209294153
631,0	0,4632488522482209
632,0	0,5109550213592629
633,0	0,5672070480040723
634,0	0,5815614743045754
635,0	0,5520184461644397
636,0	0,556561014765384
637,0	0,4887617523996795
638,0	0,5033399356562297
639,0	0,527050903409178
640,0	0,5808817747131128
641,0	0,5897656562297893
642,0	0,593580618281477
643,0	0,638172372105637
644,0	0,6077926306118221
645,0	0,6167907627669272
646,0	0,5645369595152198
647,0	0,5735258145280341
648,0	0,5700975556808857
649,0	0,5684969385982472
650,0	0,6005043180858664
651,0	0,601138307180505
652,0	0,5782440132070079
653,0	0,5672401297333137
654,0	0,5687683311282091
655,0	0,5527465353091093
656,0	0,5833042047039293
657,0	0,662322111531065
658,0	0,6778150903947744
659,0	0,7516237240979748
660,0	0,7666583476814076
661,0	0,7890185440793293
662,0	0,7508110919566982
663,0	0,7555844695215913
664,0	0,7389819552428167
665,0	0,7514283769974515
666,0	0,7393838835948014
667,0	0,7384281069664489
668,0	0,7020749390245912
669,0	0,6872094518198496
670,0	0,6766846967388047
671,0	0,667557907314585
672,0	0,6510714583982211
673,0	0,6477352735577305
674,0	0,7153043098279924
675,0	0,7209629044742097
676,0	0,6901829215466443
677,0	0,6999764041015427
678,0	0,7363815820937705
679,0	0,7102244165219819
680,0	0,6900114737346114
681,0	0,6688156614435724
682,0	0,6866169354159374
683,0	0,7078899686780552
684,0	0,7249329798689262
685,0	0,7353833572879144
686,0	0,7586440744492057
687,0	0,7616158679574183
688,0	0,7966705878685676
689,0	0,8418216449531699
690,0	0,8485285863929383
691,0	0,8385595699952259
692,0	0,8418454290860087
693,0	0,8117064033243985
694,0	0,8398028027625254
695,0	0,8393041324952842
696,0	0,8340674398071257
697,0	0,8173162921482339
698,0	0,8009456596978001
699,0	0,822273538323946
700,0	0,7828094436563707
701,0	0,8014590235512582
702,0	0,7973240804107725
703,0	0,7911141522108946
704,0	0,7824967686134675
705,0	0,8096592139271263
706,0	0,8291475984936346
707,0	0,8306913997789702
708,0	0,809670548646888
709,0	0,7983699701094962
710,0	0,810539943192667
711,0	0,8137760563995023
712,0	0,8064466767824018
713,0	0,7858269437446415
714,0	0,7692946984250753
715,0	0,7672619418052252
716,0	0,7585274360226644
717,0	0,7130671388530658
718,0	0,7153139411040913
719,0	0,7567142799753067
720,0	0,7542241056487342
721,0	0,7314550481346597
722,0	0,7220946993240652
723,0	0,7243735379291388
724,0	0,7643370158696906
725,0	0,7836049390176021
726,0	0,7792895565092568
727,0	0,8094630672203768
728,0	0,8037246136777856
729,0	0,7698138675332825
730,0	0,7507693727397982
731,0	0,7838672835641562
732,0	0,7670375087374437
733,0	0,7885995936915582
734,0	0,8179182704906427
735,0	0,8073887743983701
736,0	0,8084735443778026
737,0	0,8313670852209794
738,0	0,829324698774272
739,0	0,846213054234886
740,0	0,8353732027350216
741,0	0,8209286138703358
742,0	0,7875582923163322
743,0	0,7921503866866694
744,0	0,7692812188204546
745,0	0,7871880904263192
746,0	0,8095367929020028
747,0	0,7959018230835776
748,0	0,7969372313311295
749,0	0,7962947649390961
750,0	0,7553595369797136
751,0	0,8152536333471669
752,0	0,8128589394285739
753,0	0,7949424632398273
754,0	0,8148034532558717
755,0	0,8158765835283673
756,0	0,8127420647695226
757,0	0,8343829744462112
758,0	0,8393534588267197
759,0	0,8446616058961836
760,0	0,8224305065955246
761,0	0,823953588755354
762,0	0,80643914743492
763,0	0,8317149426467626
764,0	0,816911956136071
765,0	0,7863215396935708
766,0	0,8047639297066765
767,0	0,8054563696068581
768,0	0,7891072989080128
769,0	0,7982990841238361
770,0	0,8152588418574014
771,0	0,7968297749040273
772,0	0,7907941480142373
773,0	0,8286729544304153
774,0	0,830572195943612
775,0	0,8273855421884826
776,0	0,8430786164926498
777,0	0,8644985483624356
778,0	0,8225459653450035
779,0	0,850599912850149
780,0	0,8603112960854257
781,0	0,8652335180628099
782,0	0,8422167757973271
783,0	0,8194268371306787
784,0	0,8262156181537037
785,0	0,8321972474367564
786,0	0,8290823725671296
787,0	0,8185084058741865
788,0	0,8069513087665765
789,0	0,800859000187405
790,0	0,8133455043027676
791,0	0,8274795940948501
792,0	0,8252774267736313
793,0	0,8203227778951454
794,0	0,8354356671303439
795,0	0,7893112720468202
796,0	0,8108189672893144
797,0	0,7700899994927396
798,0	0,795012657598994
799,0	0,7709069443767869
800,0	0,7322603571602527
801,0	0,7389207635932363
802,0	0,7168870652899481
803,0	0,746794575483845
804,0	0,7630130800284873
805,0	0,7422356515034007
806,0	0,7395418198509628
807,0	0,7479496781266874
808,0	0,7559984082690612
809,0	0,7498740230898974
810,0	0,7613944946397929
811,0	0,7863551808923901
812,0	0,7928787774018079
813,0	0,832571941984805
814,0	0,8022756389596288
815,0	0,7886942434091851
816,0	0,7933329372868735
817,0	0,7275765990689662
818,0	0,6803260552981405
819,0	0,6567271109152434
820,0	0,695895021848426
821,0	0,7063114499606299
822,0	0,7463291456776354
823,0	0,7106069261861154
824,0	0,7051869163670365
825,0	0,7193836100461685
826,0	0,7002990432597568
827,0	0,6209488249970744
828,0	0,588543702674201
829,0	0,636120661937656
830,0	0,635688002055906
831,0	0,5324140568724406
832,0	0,5612031979648742
833,0	0,5729005915720033
834,0	0,5611293887253728
835,0	0,543781282709212
836,0	0,5379310560638996
837,0	0,5750519717135798
838,0	0,5326307433115572
839,0	0,5889334260767031
840,0	0,5767732662976596
841,0	0,5840133702135049
842,0	0,6552775435264161
843,0	0,6478482015902929
844,0	0,6387575849844944
845,0	0,6081859313015154
846,0	0,6157484308762029
847,0	0,6608550850880958
848,0	0,687769116988573
849,0	0,7139662915580425
850,0	0,6977235088638036
851,0	0,7427513884055876
852,0	0,7720676991866553
853,0	0,7228328303135344
854,0	0,7541026040501734
855,0	0,7189699129596168
856,0	0,7165611187526157
857,0	0,6796655263345764
858,0	0,7413021110456908
859,0	0,7824112485338482
860,0	0,7958888726621557
861,0	0,7641070844307342
862,0	0,7448247531236898
863,0	0,743167575359003
864,0	0,749637496789333
865,0	0,752031984505988
866,0	0,6676015870669597
867,0	0,6718843921105857
868,0	0,6816883938907746
869,0	0,6374304853626629
870,0	0,610289134636205
871,0	0,6543124821313763
872,0	0,638453316805495
873,0	0,6346021771848119
874,0	0,6314559325183869
875,0	0,5956520028227736
876,0	0,563569778559106
877,0	0,5882197066517171
878,0	0,5960951335447617
879,0	0,650357719413428
880,0	0,6752773204341104
881,0	0,727003034102802
882,0	0,7639630317315796
883,0	0,7069983050260542
884,0	0,7321179612820614
885,0	0,7165730696629352
886,0	0,7912376135121344
887,0	0,8125055221902907
888,0	0,8207940693137747
889,0	0,8081860721024344
890,0	0,8037790427081082
891,0	0,7990577265150176
892,0	0,764907682348777
893,0	0,7496604559378625
894,0	0,7948284019442837
895,0	0,7905929774206483
896,0	0,814931561414222
897,0	0,8246739156823243
898,0	0,83228283345624
899,0	0,8270267360130324
900,0	0,8248867868555336
901,0	0,813489346756565
902,0	0,7892843394419679
903,0	0,7959148749558097
904,0	0,7326645990826859
905,0	0,7211268656759943
906,0	0,7340417681195017
907,0	0,6646644999987729
908,0	0,6463430587848251
909,0	0,7094028724567635
910,0	0,7010687371369515
911,0	0,7158006798780885
912,0	0,7306364007159346
913,0	0,7240605392927475
914,0	0,7364801458832558
915,0	0,6850732056336202
916,0	0,6843838505642175
917,0	0,6923594510670212
918,0	0,733171368458051
919,0	0,7365084133780346
920,0	0,7369430518888909
921,0	0,6966506168721813
922,0	0,7468147510042967
923,0	0,7219552653659089
924,0	0,7075169737457616
925,0	0,6901843637484615
926,0	0,7038938490631702
927,0	0,6739805914127545
928,0	0,6688292816825605
929,0	0,6805738962612595
930,0	0,7159931331369133
931,0	0,7020846176941276
932,0	0,6734327726839414
933,0	0,6438666779142236
934,0	0,6022632146696385
935,0	0,6062577762421297
936,0	0,5786667750469836
937,0	0,6090839688725611
938,0	0,6157751999937655
939,0	0,6301595540351309
940,0	0,6131440797939532
941,0	0,6312064568569665
942,0	0,6577651226924758
943,0	0,685176406034497
944,0	0,64665568700618
945,0	0,6509342106548673
946,0	0,6494594570784478
947,0	0,6236512526147028
948,0	0,5997736708519333
949,0	0,5914359018207226
950,0	0,6331959010533593
951,0	0,6872489272278686
952,0	0,7776242603944892
953,0	0,8047282637902323
954,0	0,8695573309798899
955,0	0,9053782500246842
956,0	0,9134643025749501
957,0	0,9033383266135548
958,0	0,8911584985846781
959,0	0,8609361197495543
960,0	0,8986924259735577
961,0	0,8869716769360839
962,0	0,8713944206341726
963,0	0,8761956137274447
964,0	0,8685808337295833
965,0	0,84481509645803
966,0	0,8367026934420604
967,0	0,8386098753937581
968,0	0,8103059328121989
969,0	0,829555822210518
970,0	0,8199457688425564
971,0	0,8372368897977647
972,0	0,8324760614324515
973,0	0,7833735410804972
974,0	0,7770271655237238
975,0	0,7579788162358226
976,0	0,7263611141378767
977,0	0,7261599608986561
978,0	0,7067631309580772
979,0	0,7190586948534333
980,0	0,7232795900714828
981,0	0,7117164844409853
982,0	0,7375315612137399
983,0	0,7468914419374546
984,0	0,715310837878349
985,0	0,7025315732382158
986,0	0,6793205259436663
987,0	0,6462968665874335
988,0	0,6648817917929004
989,0	0,6936551920724686
990,0	0,742242801021735
991,0	0,7466754359852353
992,0	0,7327406626644166
993,0	0,7237792151739285
994,0	0,7056362264828754
995,0	0,7060567772478363
996,0	0,7171719107955933
997,0	0,7356203755943489
998,0	0,7473328425266607
999,0	0,7485577186525785
1000,0	0,7366317365087601
1001,0	0,6842749977561537
1002,0	0,6518468930447461
1003,0	0,6363187005542433
1004,0	0,6289209174568567
1005,0	0,6371875770752777
1006,0	0,6754426034379708
1007,0	0,6678234408191962
1008,0	0,6659908054642794
1009,0	0,6619247843653319
1010,0	0,6726920734700348
1011,0	0,6171349127594783
1012,0	0,7139072174529819
1013,0	0,7188854662319194
1014,0	0,7583210209135652
1015,0	0,7480079778093273
1016,0	0,7375228998282279
1017,0	0,6972350658944275
1018,0	0,717317588442127
1019,0	0,7331742328392779
1020,0	0,7247237568545376
1021,0	0,717450510946403
1022,0	0,7286486402832527
1023,0	0,7224758426723954
1024,0	0,6852294916812467
1025,0	0,6946498488148619
1026,0	0,6886293717667038
1027,0	0,6884708591933025
1028,0	0,6919488769954285
1029,0	0,7110530191603102
1030,0	0,7180427988273083
1031,0	0,723871802625965
1032,0	0,7287062290189936
1033,0	0,7241940627511935
1034,0	0,745343691701595
1035,0	0,7044606476320566
1036,0	0,7243934959193012
1037,0	0,6940744004233818
1038,0	0,6526293318520544
1039,0	0,675114766684436
1040,0	0,674835902746161
1041,0	0,6571089291550914
1042,0	0,6543171982372643
1043,0	0,6453142426474263
1044,0	0,5925672179337865
1045,0	0,6230415171619214
1046,0	0,61354048771533
1047,0	0,5921461611127476
1048,0	0,5443918358631328
1049,0	0,5756765739088793
1050,0	0,5824186096450296
1051,0	0,5906702894143702
1052,0	0,6384352115680827
1053,0	0,6593530057058292
1054,0	0,6523635789429297
1055,0	0,6304081603317383
1056,0	0,643940030048094
1057,0	0,6385287379892455
1058,0	0,6177530064591561
1059,0	0,6101948605513855
1060,0	0,6221303343707636
1061,0	0,6426991991852539
1062,0	0,6467703191068023
1063,0	0,6839028973902318
1064,0	0,6857790266706071
1065,0	0,6288879503978554
1066,0	0,6005024801411992
1067,0	0,5789591053227104
1068,0	0,5698496441158699
1069,0	0,5978295558459771
1070,0	0,6064655215499484
1071,0	0,5880061909995774
1072,0	0,5906604984598133
1073,0	0,62727078158227
1074,0	0,6295367586556435
1075,0	0,6078213295045796
1076,0	0,6696392112098871
1077,0	0,7030184915394354
1078,0	0,7070649848142221
1079,0	0,6857978839613287
1080,0	0,6824321340775235
1081,0	0,6674455937308468
1082,0	0,6797307278729743
1083,0	0,692437112783157
1084,0	0,7033372111306343
1085,0	0,7123474073603284
1086,0	0,6699526789218403
1087,0	0,6632471025826425
1088,0	0,6488687716749294
1089,0	0,6613818125816613
1090,0	0,65860449817432
1091,0	0,7138647682315287
1092,0	0,700790937929917
1093,0	0,7539247049399589
1094,0	0,7593368177883891
1095,0	0,7440395542469249
1096,0	0,7287122683514012
1097,0	0,6890990624476504
1098,0	0,6497878816787996
1099,0	0,6648882207267991
1100,0	0,6481073554880072
1101,0	0,6399852127947266
1102,0	0,63938616549302
1103,0	0,6606665538682542
1104,0	0,6319666752572668
1105,0	0,6052233427584094
1106,0	0,5929422385475367
1107,0	0,5870735384696967
1108,0	0,5973838592012737
1109,0	0,5821166228315254
1110,0	0,5551363841645375
1111,0	0,5504834390729326
1112,0	0,5430364204038739
1113,0	0,5400613258685287
1114,0	0,5447189426687723
1115,0	0,5237655828430443
1116,0	0,5327640501984477
1117,0	0,5114733211723222
1118,0	0,5460421910046108
1119,0	0,5663580077505603
1120,0	0,4878253497759372
1121,0	0,48646338115251064
1122,0	0,44143324587266586
1123,0	0,44207002268691553
1124,0	0,4293627026455637
1125,0	0,44137193397474
1126,0	0,4286021709733996
1127,0	0,39444827760498197
1128,0	0,3884042699987776
1129,0	0,397874291068832
1130,0	0,447664830148838
1131,0	0,3894767611362607
1132,0	0,42058123986310814
1133,0	0,4128792222067314
1134,0	0,4909800780477356
1135,0	0,5024227954455529
1136,0	0,4983872533670159
1137,0	0,5032994177273906
1138,0	0,5006615513188423
1139,0	0,5084960099048254
1140,0	0,4849321396240078
1141,0	0,49114118563131365
1142,0	0,4966799412400908
1143,0	0,46024149747293014
1144,0	0,5172416733900157
1145,0	0,4367372307287676
1146,0	0,4195226755720484
1147,0	0,4196510407601028
1148,0	0,40558722968906924
1149,0	0,4300804129488413
1150,0	0,40008619385273086
1151,0	0,3626122972504522
1152,0	0,4006861993572215
1153,0	0,41913242709671794
1154,0	0,38306703483546567
1155,0	0,38514701262765133
1156,0	0,2962836815539899
1157,0	0,3053960430392815
1158,0	0,3082037739255723
1159,0	0,3448404599846542
1160,0	0,37989015772663987
1161,0	0,3327616708893716
1162,0	0,4246275942993278
1163,0	0,4111128478962705
1164,0	0,446461745842406
1165,0	0,4766808347595276
1166,0	0,520803412398752
1167,0	0,48583970324107284
1168,0	0,5247660101785591
1169,0	0,5633096244481878
1170,0	0,5609704386828612
1171,0	0,5987107423060081
1172,0	0,605937803579814
1173,0	0,6582617029225614
1174,0	0,6895034015194894
1175,0	0,6425355305588669
1176,0	0,6210473905714644
1177,0	0,5707729762302627
1178,0	0,6006913326770235
1179,0	0,5630119283909533
1180,0	0,575598549404451
1181,0	0,5781297960451166
1182,0	0,5947434784118661
1183,0	0,597240869659036
1184,0	0,5567036149825405
1185,0	0,5253385060004511
1186,0	0,5439907556357874
1187,0	0,5323139353370536
1188,0	0,536309351035398
1189,0	0,48972855029817935
1190,0	0,519736067801291
1191,0	0,5122001167097425
1192,0	0,4970610851858846
1193,0	0,49863296298404414
1194,0	0,5088202327563773
1195,0	0,5126970576214321
1196,0	0,5145863851580806
1197,0	0,5487663836352634
1198,0	0,5922008294567269
1199,0	0,6767044927940732
1200,0	0,704969174941245
1201,0	0,6974685797583209
1202,0	0,7145051940661022
1203,0	0,6794810129519276
1204,0	0,6582080559891273
1205,0	0,6299242272070802
1206,0	0,6312328528935428
1207,0	0,6122824243403592
1208,0	0,5850280971708129
1209,0	0,5888116576271967
1210,0	0,5881554152302239
1211,0	0,5289390934600101
1212,0	0,49869524055246195
1213,0	0,48065616407263234
1214,0	0,46904101440971246
1215,0	0,44861001380554116
1216,0	0,42356989362738695
1217,0	0,46605868410466883
1218,0	0,4354555443818334
1219,0	0,4346071094772482
1220,0	0,4138879640532403
1221,0	0,4584399851791402
1222,0	0,4568517336773986
1223,0	0,4732498196206276
1224,0	0,46815876844552007
1225,0	0,4980907159431618
1226,0	0,5051463432950765
1227,0	0,4893993464982213
1228,0	0,45181381931537534
1229,0	0,4440763650093627
1230,0	0,4041101255625838
1231,0	0,4205410567165056
1232,0	0,38552470934159416
1233,0	0,38993276109799047
1234,0	0,35574121117092616
1235,0	0,3347323615588408
1236,0	0,2874033265881906
1237,0	0,29189062313912206
1238,0	0,21739245691791484
1239,0	0,24016733199782173
1240,0	0,2901570818831699
1241,0	0,30672368097177816
1242,0	0,31637769280320377
1243,0	0,33552420216844897
1244,0	0,31548621050753833
1245,0	0,31915671762026426
1246,0	0,25512748373558275
1247,0	0,2925186131513599
1248,0	0,3006415803373122
1249,0	0,332532802412296
1250,0	0,317272150080889
1251,0	0,3868820651571142
1252,0	0,4224524773503157
1253,0	0,4367078318291002
1254,0	0,4984145180440234
1255,0	0,4612059329593395
1256,0	0,4869161073963405
1257,0	0,5044495099406573
1258,0	0,49982464929673853
1259,0	0,4635664272128862
1260,0	0,4664926456193094
1261,0	0,496228655450808
1262,0	0,4997424928207693
1263,0	0,47733923585223664
1264,0	0,42600789140531387
1265,0	0,3941657737288079
1266,0	0,39029677050199346
1267,0	0,38881570878297483
1268,0	0,4030404003318952
1269,0	0,4291565843671906
1270,0	0,38338495867560024
1271,0	0,4123190709679407
1272,0	0,40098590608822604
1273,0	0,39945931985131516
1274,0	0,39049542002656756
1275,0	0,33533511753544526
1276,0	0,3862973684930406
1277,0	0,3823032832654218
1278,0	0,40883774607495177
1279,0	0,3871993185271688
1280,0	0,3857305486454376
1281,0	0,3154398956278072
1282,0	0,28553058210933385
1283,0	0,25343192487427246
1284,0	0,2887016216657079
1285,0	0,24805309789841018
1286,0	0,2596901313620262
1287,0	0,25864552229333176
1288,0	0,25519869402787426
1289,0	0,24750587073305938
1290,0	0,2547526118540851
1291,0	0,2412578134374353
1292,0	0,2206183696062182
1293,0	0,17079989371165075
1294,0	0,1418155603604423
1295,0	0,058489336314615184
1296,0	0,06072251450147367
1297,0	0,04883078517035047
1298,0	0,0511376435718164
1299,0	0,039120454172201315
1300,0	0,031858299996364504
1301,0	0,08766952368923119
1302,0	0,0302073163796149
1303,0	0,00959538303422307
1304,0	0,04925592096471913
1305,0	0,03403914033065713
1306,0	0,05264780722606162
1307,0	0,0654965546161637
1308,0	0,05420024571130067
1309,0	0,06159835338575149
1310,0	0,02772956881795485
1311,0	0,025835860610069355
1312,0	0,05560416501618873
1313,0	0,05824758141744417
1314,0	0,06105185525624781
1315,0	0,07962846000716774
1316,0	0,11934494392863268
1317,0	0,18335902187289907
1318,0	0,23549380585685248
1319,0	0,24365829831374888
1320,0	0,24702738372265123
1321,0	0,283171496464995
1322,0	0,23140676102806265
1323,0	0,2007209750031341
1324,0	0,22939161543260272
1325,0	0,24816027726872486
1326,0	0,18334011428823282
1327,0	0,2313978627867507
1328,0	0,26380721981575994
1329,0	0,25903525191775567
1330,0	0,23151760777466354
1331,0	0,22392445005842593
1332,0	0,22390999328583172
1333,0	0,21973250573119488
1334,0	0,26649462785435696
1335,0	0,2948533304485183
1336,0	0,28168785540216834
1337,0	0,2798654736453078
1338,0	0,3148753146544125
1339,0	0,3311887431334453
1340,0	0,3397819937873377
1341,0	0,3775591870134979
1342,0	0,44829872083113564
1343,0	0,43946426700885455
1344,0	0,48160067942589263
1345,0	0,5306435902013474
1346,0	0,5794609923025277
1347,0	0,6247503185819316
1348,0	0,6508153636754556
1349,0	0,6503130653827601
1350,0	0,6397935689443245
1351,0	0,6166884236159219
1352,0	0,6288151926186136
1353,0	0,6253358632905063
1354,0	0,6147106443303891
1355,0	0,6062035959261465
1356,0	0,6322362970139099
1357,0	0,6417165497170155
1358,0	0,6543078331350266
1359,0	0,632555111559881
1360,0	0,574222416963453
1361,0	0,5676574772672804
1362,0	0,5754978997502442
1363,0	0,5729267110068856
1364,0	0,5569029954129796
1365,0	0,5584349939124321
1366,0	0,5817975258857895
1367,0	0,671920414568169
1368,0	0,6418347603468654
1369,0	0,5519253211322671
1370,0	0,5573093262938672
1371,0	0,5014690546151334
1372,0	0,49323156088330555
1373,0	0,5291771522627133
1374,0	0,5812073063418607
1375,0	0,5940528218403773
1376,0	0,6202884760020763
1377,0	0,6650446946012901
1378,0	0,6708739535424997
1379,0	0,654955606652122
1380,0	0,667402614289026
1381,0	0,6410230631217566
1382,0	0,6321346209865755
1383,0	0,6260308511513134
1384,0	0,6328033043357609
1385,0	0,6290063231157752
1386,0	0,6462476871049195
1387,0	0,6366812856656401
1388,0	0,5951404083226813
1389,0	0,5850970167310499
1390,0	0,5565111397867952
1391,0	0,5303664105090001
1392,0	0,4709950910393583
1393,0	0,44336838642193077
1394,0	0,4131201008365075
1395,0	0,38522136404250507
1396,0	0,3511536784687705
1397,0	0,37178509380614705
1398,0	0,3356175861288833
1399,0	0,35173200281974176
1400,0	0,34752496142216815
1401,0	0,3473255651998171
1402,0	0,3049632141537287
1403,0	0,308127432295357
1404,0	0,29986701776027047
1405,0	0,3028891105730691
1406,0	0,30816545933089096
1407,0	0,2996075321699922
1408,0	0,3081337509110739
1409,0	0,3188757706778869
1410,0	0,3380333967362186
1411,0	0,37813622669334274
1412,0	0,38482606022985894
1413,0	0,4020817153155915
1414,0	0,3869887834207791
1415,0	0,39226373944897014
1416,0	0,36464349216957626
1417,0	0,37724411155076415
1418,0	0,4126574348242624
1419,0	0,4062378845110237
1420,0	0,41210153359306595
1421,0	0,4323120677053279
1422,0	0,4481806285336739
1423,0	0,47097177745907165
1424,0	0,4523010647610428
1425,0	0,4820938842861832
1426,0	0,42274903220125953
1427,0	0,4598393478264103
1428,0	0,5012489186984318
1429,0	0,5078881050352693
1430,0	0,5114624507682539
1431,0	0,504317685417827
1432,0	0,5169118318156519
1433,0	0,4857782720016671
1434,0	0,5869888656431514
1435,0	0,5761416527190985
1436,0	0,5097680620566721
1437,0	0,505402299336192
1438,0	0,47388434179481365
1439,0	0,46426663714169397
1440,0	0,4432184889232478
1441,0	0,47081087018370493
1442,0	0,4495874904497074
1443,0	0,46884415488783726
1444,0	0,42200296849828933
1445,0	0,4311716779384652
1446,0	0,46786832610972184
1447,0	0,4853775924925794
1448,0	0,5145673844137824
1449,0	0,5654416976584424
1450,0	0,5962162701963956
1451,0	0,6147382548923447
1452,0	0,6483548836585573
1453,0	0,7275973722632797
1454,0	0,6982105497690115
1455,0	0,7047709783296495
1456,0	0,7005438540109097
1457,0	0,7334978318667736
1458,0	0,7095059867067814
1459,0	0,7419504749262268
1460,0	0,7246612979800173
1461,0	0,7384360311676893
1462,0	0,6958132151141474
1463,0	0,6742068304447216
1464,0	0,650045279293603
1465,0	0,66362437977535
1466,0	0,632602390993127
1467,0	0,6171350137732813
1468,0	0,6578542916611809
1469,0	0,6345120312473386
1470,0	0,6491629956599799
1471,0	0,5738912428678414
1472,0	0,5700849604798509
1473,0	0,6107058179294861
1474,0	0,6406503584209791
1475,0	0,6694308066422926
1476,0	0,660336060086684
1477,0	0,6446615934520904
1478,0	0,6319222251106286
1479,0	0,6763491752531122
1480,0	0,6670236543673147
1481,0	0,6297171918121267
1482,0	0,6419108909208496
1483,0	0,6073304256214925
1484,0	0,5729876169055729
1485,0	0,560720242028925
1486,0	0,5379337158013359
1487,0	0,5464466167579779
1488,0	0,5676295265123283
1489,0	0,6029506674164415
1490,0	0,5371918099376597
1491,0	0,5483197972987338
1492,0	0,5296095633770778
1493,0	0,5855761209272347
1494,0	0,602280381092921
1495,0	0,591300291268263
1496,0	0,6364586703409503
1497,0	0,6398014545434546
1498,0	0,6584433181011745
1499,0	0,6203229277049604
1500,0	0,6232072235870872
1501,0	0,6547631187546743
1502,0	0,6457649707806095
1503,0	0,6908212808232553
1504,0	0,702884189539455
1505,0	0,7216179116696817
1506,0	0,7141408137811638
1507,0	0,6523483908603981
1508,0	0,6214373779996146
1509,0	0,6542361641608475
1510,0	0,6860858181354367
1511,0	0,6398355353080606
1512,0	0,6301799793513421
1513,0	0,5887988039409839
1514,0	0,6113402862831223
1515,0	0,625432958684428
1516,0	0,584546500099392
1517,0	0,6561851340901497
1518,0	0,7098503833808911
1519,0	0,6987121335662254
1520,0	0,6783125848105822
1521,0	0,6881463286622165
1522,0	0,7032358165273743
1523,0	0,686154115189143
1524,0	0,6319023224570565
1525,0	0,6705897310255057
1526,0	0,6269285423923058
1527,0	0,5723159106771003
1528,0	0,5744195536690858
1529,0	0,5989457079760129
1530,0	0,6044731621893914
1531,0	0,6264597257474951
1532,0	0,6074039946901723
1533,0	0,6112656902717859
1534,0	0,6047245422357593
1535,0	0,6248323992470374
1536,0	0,6210701777593388
1537,0	0,5957492308215565
1538,0	0,5626590859178299
1539,0	0,6087788535742124
1540,0	0,5984728346594593
1541,0	0,5819289597135455
1542,0	0,5668675822660476
1543,0	0,616267841973926
1544,0	0,6618937822328022
1545,0	0,6688107165645888
1546,0	0,6414747555899876
1547,0	0,6533835416801599
1548,0	0,6110895206119186
1549,0	0,6014106799897142
1550,0	0,5830435518204806
1551,0	0,5537116792176899
1552,0	0,4995706489119786
1553,0	0,47759696111925365
1554,0	0,4403511081066609
1555,0	0,4295557279614714
1556,0	0,5133442220190051
1557,0	0,5769148943406114
1558,0	0,6059317758057159
1559,0	0,6237675275370711
1560,0	0,5605915943647738
1561,0	0,5821408972768012
1562,0	0,5685590947130276
1563,0	0,5704623866531553
1564,0	0,6039404108521781
1565,0	0,5917346207003811
1566,0	0,533014729878384
1567,0	0,5541487967137438
1568,0	0,5195820954985604
1569,0	0,4883336009172653
1570,0	0,4757667252971377
1571,0	0,5191946900123505
1572,0	0,5062354992366944
1573,0	0,5289159790675575
1574,0	0,5200254516149665
1575,0	0,5440156712148103
1576,0	0,5441808200969965
1577,0	0,5421584188802647
1578,0	0,49909108393863233
1579,0	0,4466116492102003
1580,0	0,48537741770326154
1581,0	0,5653166240139704
1582,0	0,5657062838985263
1583,0	0,48186282834973826
1584,0	0,5261368252843234
1585,0	0,48704728022050003
1586,0	0,4893312570080417
1587,0	0,5036697504111189
1588,0	0,551418718547866
1589,0	0,5422636733109489
1590,0	0,5541454522684705
1591,0	0,5596335954439545
1592,0	0,5573135528116134
1593,0	0,5605852672739622
1594,0	0,5124205822640419
1595,0	0,496108673740074
1596,0	0,4826982463953983
1597,0	0,4942443069415371
1598,0	0,43390859917828917
1599,0	0,4356747014938101
1600,0	0,44849292075648906
1601,0	0,44305384570086914
1602,0	0,42352422685973773
1603,0	0,4646307340094615
1604,0	0,485309219194573
1605,0	0,4645567469773325
1606,0	0,5029022473886555
1607,0	0,4640169802130213
1608,0	0,43336916560329736
1609,0	0,4198883351207222
1610,0	0,43896670045593117
1611,0	0,4591364102698675
1612,0	0,4394087385485467
1613,0	0,45307051517573843
1614,0	0,44988147503903114
1615,0	0,47476238940686133
1616,0	0,43409655013635173
1617,0	0,39709550226736734
1618,0	0,45995796249299153
1619,0	0,4951059187593231
1620,0	0,468865973036913
1621,0	0,48152350247135184
1622,0	0,4662142950363223
1623,0	0,4451130657087376
1624,0	0,4202780519656588
1625,0	0,471837684310546
1626,0	0,464513917004848
1627,0	0,40506525163999396
1628,0	0,4021002275438722
1629,0	0,38342326843013
1630,0	0,37090976936183645
1631,0	0,36306675458980836
1632,0	0,3660867556005046
1633,0	0,4322706427270744
1634,0	0,3961426413457667
1635,0	0,36306867756795136
1636,0	0,3893588690869091
1637,0	0,3659071420712618
1638,0	0,39645783826529224
1639,0	0,38498432016288475
1640,0	0,4159622406999755
1641,0	0,4369255630271629
1642,0	0,46018611421493794
1643,0	0,43348329608349984
1644,0	0,41640540459127584
1645,0	0,37656367958454384
1646,0	0,4453264746752755
1647,0	0,45668580472898224
1648,0	0,4448661171348215
1649,0	0,45219636290629456
1650,0	0,46318713036677495
1651,0	0,36894968590593763
1652,0	0,4140532055019606
1653,0	0,3686806444816987
1654,0	0,356740429656427
1655,0	0,43574046507921693
1656,0	0,419017895036417
1657,0	0,4227212258566676
1658,0	0,41631415996065463
1659,0	0,44513180557677146
1660,0	0,4587185946817299
1661,0	0,4932993129302412
1662,0	0,5050408069547999
1663,0	0,4989009064638186
1664,0	0,4531816744888372
1665,0	0,48257540667593185
1666,0	0,4495219044840113
1667,0	0,3879650974790796
1668,0	0,34670873579296096
1669,0	0,3128085406753829
1670,0	0,3462124849245555
1671,0	0,3386534154318513
1672,0	0,3318282603766964
1673,0	0,33715903203877706
1674,0	0,26788030951347347
1675,0	0,229963395583295
1676,0	0,2039440154137123
1677,0	0,2597021500622675
1678,0	0,3059541831821788
1679,0	0,2285235258989012
1680,0	0,22365661566436434
1681,0	0,22686136485305589
1682,0	0,2642878549206263
1683,0	0,23959308061832074
1684,0	0,22365771811341542
1685,0	0,14134973715249918
1686,0	0,11100459657285053
1687,0	0,10927718935568084
1688,0	0,1870682526998453
1689,0	0,1792125428027602
1690,0	0,18780590732197336
1691,0	0,202547803549547
1692,0	0,201192207593644
1693,0	0,21055145933443595
1694,0	0,2351015444908588
1695,0	0,27978468385484717
1696,0	0,26820481865669243
1697,0	0,31190851624369614
1698,0	0,3063420932180484
1699,0	0,3147764728993653
1700,0	0,316165165753084
1701,0	0,32209056884956033
1702,0	0,3906463962195552
1703,0	0,39996867068743075
1704,0	0,3467011424170796
1705,0	0,30520380328965396
1706,0	0,30380524990096397
1707,0	0,22016411862761276
1708,0	0,18406067490451894
1709,0	0,20515612351989884
1710,0	0,2362143238764153
1711,0	0,2257871414590218
1712,0	0,259774777066306
1713,0	0,23385867804433516
1714,0	0,2814962601736101
1715,0	0,26647275796341713
1716,0	0,24008051740686925
1717,0	0,2527387376053733
1718,0	0,2699672083126583
1719,0	0,34736138617478823
1720,0	0,33204313292695997
1721,0	0,35774225094373485
1722,0	0,3412773718003686
1723,0	0,32685504402193516
1724,0	0,32754672459227524
1725,0	0,3079499684438253
1726,0	0,3073315493317064
1727,0	0,24860380106775717
1728,0	0,343113936705912
1729,0	0,4078579495614092
1730,0	0,39782739017350954
1731,0	0,40627920844702825
1732,0	0,40459283184405004
1733,0	0,3987955828901067
1734,0	0,4582255983298918
1735,0	0,41765357586319535
1736,0	0,3755870545060962
1737,0	0,37056315619597696
1738,0	0,3251907253562939
1739,0	0,3565334228119976
1740,0	0,3672054792850043
1741,0	0,3612605155371093
1742,0	0,38769505909639873
1743,0	0,41426928393282153
1744,0	0,4096942528564285
1745,0	0,44819417912199205
1746,0	0,4514871051615453
1747,0	0,4249573754834064
1748,0	0,44420294857136
1749,0	0,4477827002679299
1750,0	0,43217067748373206
1751,0	0,43550839978825734
1752,0	0,4274617067235059
1753,0	0,4347409908517356
1754,0	0,4006632104075448
1755,0	0,3741201022513532
1756,0	0,3685768740199989
1757,0	0,35262177293011276
1758,0	0,4710775765296938
1759,0	0,4490470985137092
1760,0	0,4160576907548784
1761,0	0,4394648351635689
1762,0	0,5030798696937551
1763,0	0,5293923288781767
1764,0	0,581080115665669
1765,0	0,5561146314883136
1766,0	0,5677753379979948
1767,0	0,559642028976069
1768,0	0,5686518075967497
1769,0	0,5764740921549605
1770,0	0,5807755878886777
1771,0	0,6046265295660808
1772,0	0,6076671120146958
1773,0	0,6185445491926214
1774,0	0,6022644895677579
1775,0	0,5727522985638257
1776,0	0,5854348473141416
1777,0	0,6261330159629082
1778,0	0,5872839423293998
1779,0	0,6053898648633312
1780,0	0,6542689694087345
1781,0	0,7090495309453203
1782,0	0,7131810801504622
1783,0	0,7029880109166029
1784,0	0,7103153891791351
1785,0	0,7254272167227618
1786,0	0,6921155374801554
1787,0	0,7433947373649288
1788,0	0,7268918926404769
1789,0	0,694482904709785
1790,0	0,6560152305540254
1791,0	0,6834258844695267
1792,0	0,6802686999984218
1793,0	0,695117901876989
1794,0	0,7206056407374751
1795,0	0,7471280914598216
1796,0	0,7576192077795407
1797,0	0,759178401266435
1798,0	0,7655379571008045
1799,0	0,7798397961436802
1800,0	0,778774054194685
1801,0	0,7547740744410601
1802,0	0,7520578982095695
1803,0	0,7795459712442709
1804,0	0,8074334279421326
1805,0	0,7595482479893612
1806,0	0,7456767655619142
1807,0	0,7875053235241553
1808,0	0,7719194439441516
1809,0	0,7679094078020274
1810,0	0,7830150605426626
1811,0	0,7523416879292468
1812,0	0,7519266059022179
1813,0	0,7530370068778801
1814,0	0,7402179990022402
1815,0	0,7274444873556615
1816,0	0,7191517795696684
1817,0	0,728304196487614
1818,0	0,7012059512663146
1819,0	0,6970103086055718
1820,0	0,706312271849929
1821,0	0,7044511146921355
1822,0	0,7157607977085991
1823,0	0,7334177276047629
1824,0	0,7447533631257077
1825,0	0,7501133414714345
1826,0	0,7250196742585354
1827,0	0,773019662579627
1828,0	0,7320741729067917
1829,0	0,7007225704187636
1830,0	0,6451847813961495
1831,0	0,6689996757393551
1832,0	0,6740623222488549
1833,0	0,7092731143508748
1834,0	0,7403626832482394
1835,0	0,7319137571048323
1836,0	0,7514531197798484
1837,0	0,7590078828218136
1838,0	0,7490593499817919
1839,0	0,7124684753386493
1840,0	0,72021386598975
1841,0	0,711871041628474
1842,0	0,7047606764411949
1843,0	0,6774043462860954
1844,0	0,6663713675124924
1845,0	0,6606041712687011
1846,0	0,6747493698767199
1847,0	0,6875000283600787
1848,0	0,6980807659334237
1849,0	0,6800169597829574
1850,0	0,7248960040418329
1851,0	0,7285666872451037
1852,0	0,7063634935683837
1853,0	0,7410173816646312
1854,0	0,7066515466180546
1855,0	0,7128026344717291
1856,0	0,7463406755808711
1857,0	0,7807029069018581
1858,0	0,801511748281763
1859,0	0,7926575625863506
1860,0	0,8011692580019717
1861,0	0,8297738886701121
1862,0	0,8326083218420134
1863,0	0,8639887444310763
1864,0	0,8314515419928308
1865,0	0,8264454639752452
1866,0	0,8225660506859438
1867,0	0,8102821879332669
1868,0	0,7975298054074218
1869,0	0,7808311338693997
1870,0	0,7321952039545436
1871,0	0,7494554549527951
1872,0	0,7312624073643009
1873,0	0,7221972364962078
1874,0	0,6861514768181457
1875,0	0,6654747310866966
1876,0	0,7151065432953684
1877,0	0,6963337066472622
1878,0	0,7080411725135494
1879,0	0,6872336548476575
1880,0	0,669990143759134
1881,0	0,642640612243503
1882,0	0,6634858992706952
1883,0	0,6806132314837304
1884,0	0,6727228714360327
1885,0	0,6774070880717544
1886,0	0,6781352902778826
1887,0	0,7060011918300282
1888,0	0,7004152605315966
1889,0	0,7162966878672606
1890,0	0,7052812219896306
1891,0	0,6878582722359136
1892,0	0,7061280918951254
1893,0	0,7571234449469628
1894,0	0,7644363747256767
1895,0	0,7487422773961907
1896,0	0,7621974249323922
1897,0	0,7585954883546538
1898,0	0,7749594443899416
1899,0	0,7556074434188935
1900,0	0,779824140925404
1901,0	0,7835283285515734
1902,0	0,7971282741903837
1903,0	0,7885153833180442
1904,0	0,793521996141093
1905,0	0,773593783339461
1906,0	0,7595450591019304
1907,0	0,7456125341249621
1908,0	0,7269585335952693
1909,0	0,7518555410942523
1910,0	0,7711611139199336
1911,0	0,73303781832541
1912,0	0,7338880089528758
1913,0	0,7239746929112775
1914,0	0,7090539597155947
1915,0	0,7083427302020449
1916,0	0,7109934330365418
1917,0	0,7099439826087838
1918,0	0,7328235900834443
1919,0	0,7430525651639854
1920,0	0,763546988243909
1921,0	0,7540486174943368
1922,0	0,7010559219189927
1923,0	0,6968061647341409
1924,0	0,6319832236607794
1925,0	0,6239589431147379
1926,0	0,6460843989879651
1927,0	0,6594603081631479
1928,0	0,6735590977468938
1929,0	0,6821726468790246
1930,0	0,6331159664845752
1931,0	0,6403855219164291
1932,0	0,6612609644286503
1933,0	0,6752121430370173
1934,0	0,7293158566310195
1935,0	0,7178776684408519
1936,0	0,7010447482050365
1937,0	0,6694702127802703
1938,0	0,6692810583340634
1939,0	0,6587878416883367
1940,0	0,6741401062795835
1941,0	0,64087192493742
1942,0	0,6571114428396936
1943,0	0,60856531281661
1944,0	0,5737361998078305
1945,0	0,5066867291991299
1946,0	0,4863166683054879
1947,0	0,4739190310994407
1948,0	0,5087815454019046
1949,0	0,4990467293758212
1950,0	0,47644282626859397
1951,0	0,45241868257166973
1952,0	0,4423254201561172
1953,0	0,4495870026856651
1954,0	0,4478684526189986
1955,0	0,5093681466482926
1956,0	0,5881212773790528
1957,0	0,6088190756519365
1958,0	0,6120929715972069
1959,0	0,5849106345999997
1960,0	0,5441423720615316
1961,0	0,5690411749089023
1962,0	0,5658902285879207
1963,0	0,551273377406012
1964,0	0,6026939115315153
1965,0	0,5542634817769689
1966,0	0,5276844515190842
1967,0	0,4793395410939593
1968,0	0,5174099378862809
1969,0	0,4744075884479564
1970,0	0,49683513342318175
1971,0	0,4900759311270135
1972,0	0,4654806448784665
1973,0	0,4986853877717306
1974,0	0,5423480697325658
1975,0	0,5423798327639976
1976,0	0,5087115480949558
1977,0	0,46500365840242913
1978,0	0,3918109858278844
1979,0	0,3379431199377372
1980,0	0,3509480094019836
1981,0	0,3708573859572151
1982,0	0,37579674458415036
1983,0	0,4014336696369182
1984,0	0,34626372986972637
1985,0	0,30367687285469125
1986,0	0,312640846736385
1987,0	0,2095303382387129
1988,0	0,1432465941778858
1989,0	0,12832269678624586
1990,0	0,12349167342714762
1991,0	0,15056157564161513
1992,0	0,20190733876921968
1993,0	0,17702567976022193
1994,0	0,17683158836248095
1995,0	0,14334364239058903
1996,0	0,08759268038999415
1997,0	0,06952648527457539
1998,0	0,09533095565664987
1999,0	0,05055166726823404
2000,0	0,017371710135324715
