N: L: 	Density:Noise: 4,1
Time	 Va	
0,12636195655239296
0,12759958715831718
0,12582143649162247
0,10082886640724534
0,15581623096147043
0,16544805812038452
0,03873244516105063
0,11157060083917042
0,08515802395634874
0,04820415966179526
0,10572033470003492
0,05365812940294993
0,02211714314048315
0,16509088035110933
0,0761146065075297
0,0786832593047615
0,05496881159288244
0,04612370411053987
0,09421597542555087
0,08704165760631807
0,055959798947669795
0,1191568507989185
0,09629300893726854
0,07022562684092425
0,15415988549036205
0,07005486382795198
0,13389049195282363
0,14996303997617572
0,05949669007591509
0,06839407821796846
0,04098467980802107
0,06035608824124096
0,005636190126206592
0,2862330923343863
0,1265421280952804
0,05963426538632032
0,05753498553240963
0,2187317142582904
0,14088962059291044
0,039759504727552054
0,06897027591253153
0,0296359585734709
0,10758444560826796
0,0722229697187471
0,13286206104389173
0,1260096138794811
0,07955703641444135
0,08994347394028271
0,21539026278169127
0,16100834637904338
0,17026624026767923
0,00675607391022284
0,041826852016793294
0,08983629163213877
0,050648786517889476
0,11218533755650482
0,15808097333993745
0,15791673763451192
0,1529172660696788
0,21102793561309693
0,10369865259008137
0,08015762846265233
0,08971970837278971
0,11361634589450463
0,14630379733843576
0,017385955563470133
0,07769340113412423
0,018715917234618976
0,1327871203772702
0,022986215859289685
0,04979923006517846
0,12992568404276655
0,1113673808031558
0,11741673485130047
0,04840334527690897
0,12947016052470642
0,08151498174368492
0,07601063779101139
0,06055710983786613
0,06508113536659582
0,0655750590667758
0,07923237730348363
0,17036778472693961
0,12053344725591984
0,1852912682765896
0,18389553637601502
0,06029014282353861
0,20581577067241685
0,039390567087899744
0,058405280980830414
0,023758042811414703
0,1852055963092504
0,07497606863536599
0,10974246608803367
0,13236467313097589
0,12428228182991825
0,15269900063154893
0,054734968611387824
0,04280969284601833
0,013191475045967653
0,038740706118201906
0,11905945968176204
0,08237647264462572
0,13245288348898315
0,06232141792695723
0,14760480003593848
0,08616241876582986
0,0350192396748907
0,04073956226780735
0,07323374858483307
0,10648651503209908
0,09998978229700514
0,04664022484948661
0,057543718821610086
0,10524263313950971
0,14011071634292468
0,09515015383236113
0,08499290373952831
0,09046502938880936
0,02029263130980185
0,024828391840786834
0,051184282181807844
0,09147079533918327
0,12641877357410297
0,22793546254990937
0,10202795420203195
0,14124510199337947
0,12234953734788036
0,11719689560264221
0,0743590741016731
0,025319767506001113
0,08675889465183259
0,08387431131542594
0,13203087221810722
0,14052324381962367
0,13484894716992843
0,046241622501607696
0,08376019715970634
0,13665497122652243
0,05773115343448497
0,08470963111762358
0,06763752372770737
0,08190078553011365
0,10771992470665345
0,02308415691599385
0,18687018387016077
0,08187546445412679
0,017077486535490686
0,048065560410622
0,007597541349949338
0,13435441424283553
0,10818166172988809
0,10440326100160909
0,06840442833194116
0,12711717823503935
0,12628573243146557
0,0979875825357636
0,06383829988335761
0,13139021191508438
0,13163872712007388
0,14091328304033393
0,1083156476829261
0,08657514792660961
0,08988210905543606
0,1212114787415818
0,16158944346978224
0,22595313668487976
0,07915109074066023
0,06429758709668168
0,06531844002284326
0,06102705891169485
0,18179324694217489
0,15281525380252664
0,1288573887538895
0,08430474360599775
0,08310206023220837
0,11852765805434791
0,11934169656234025
0,0999400050643685
0,1155863275169306
0,059846113974219496
0,04390481630127294
0,02328617302201805
0,12554794434758826
0,14913711555693304
0,14959644783418743
0,08300306009424031
0,09866222153487574
0,052438963747934074
0,08327325274412026
0,16532449045960143
0,13828534219682892
0,1640245492260236
0,039610398453356385
0,11103811411385821
0,07119715388716154
0,14580747264818844
0,09866108452995949
0,21485407021094616
0,13494671957865392
0,12364890811919106
0,23148840064848802
0,236703033607274
0,10099288012312901
0,12451682768101975
0,00930533696499684
0,1873963814950362
0,13589985802327098
0,09125660407775023
0,13217248518721075
0,07379828586202615
0,1518363171696384
0,08847203712113337
0,05035099046749905
0,1757673713653208
0,06992923289360915
0,06830559453350465
0,0890573528662587
0,043391575068315084
0,04502395599063525
0,1760001260530905
0,1999906494825354
0,09033987085015742
0,2022872248620944
0,17235933262152392
0,040204258416536964
0,12697771669846727
0,10664721065541327
0,06946828053344037
0,1137025146819353
0,07772704873771695
0,11643523276305215
0,2210450441741162
0,04993226841257229
0,1343962865067911
0,07643913688186268
0,1715637963573529
0,14423359539333533
0,08422547983140907
0,14947500898302885
0,08465096235423746
0,17909006178883535
0,13982966061301338
0,12402329838821803
0,15242611788074711
0,11042718625614732
0,10605906689954815
0,07543910422691957
0,12211001854448807
0,08340380240976507
0,09318424228055065
0,08703642779682634
0,07769593859333718
0,11321853150768588
0,10732216942518122
0,13018676549004987
0,11725494057382245
0,19409242501227583
0,04988783055347477
0,027818920865051968
0,107737212292034
0,13818697340653613
0,0386287065296245
0,1295572035023763
0,04651683976754941
0,172426122430536
0,16805855124626978
0,13664767715526432
0,10941093813717924
0,0838081471973712
0,06369981491705888
0,053637433507914986
0,1932085346285849
0,11597531431381501
0,031906788089209825
0,16116519852802375
0,13234499011890777
0,12201567487938679
0,14606384885712187
0,0762006842806369
0,12111503071987136
0,10415187340571666
0,08583992521325326
0,0973574027331304
0,03354959219759711
0,10717278895835393
0,1332623706746326
0,029312866617243846
0,19089009104041169
0,13035869021252913
0,21282110590563955
0,17261173852256403
0,10569862092614717
0,17166190679739105
0,024041349142462785
0,15238929697419618
0,05597393597114501
0,09179553348613718
0,0953406969155249
0,15928563891709738
0,187644674345997
0,02175579550631975
0,030551459188952232
0,062141848725550876
0,10903346158408138
0,03217610669632512
0,020511889956776625
0,0573609248972448
0,184981135254384
0,021704115489969714
0,07856827651352893
0,06237492564300364
0,09895228621955686
0,14638448950226138
0,1527581075042163
0,04001454949187041
0,05020158178737762
0,12392347460856072
0,03140243708911159
0,07317707678511014
0,07077025377161832
0,055183822991578195
0,08583039709618273
0,10165053311439796
0,16574533497445418
0,11352980675205275
0,10413149167864884
0,05807167869749363
0,08985455717840037
0,09972505527978964
0,04823280090477391
0,07299763945872058
0,05823300005946304
0,1522410094339688
0,1908848640947591
0,22473753272142913
0,14926079412303778
0,052696656338972386
0,029859253612544594
0,1782500663015072
0,12562053771837833
0,05086855832505917
0,11786814271592504
0,13684667140719245
0,26216442512023647
0,24693355955754434
0,2281619378439016
0,06742055073699603
0,12969039536325772
0,16468556839459605
0,1761271614923114
0,1945817667047016
0,09959462892292928
0,024857297984888935
0,11924856524776721
0,06992094018763596
0,02419363070652664
0,06608376487904483
0,15027656134832812
0,1683357271415817
0,13516829618017237
0,06603353547437846
0,029553933346071537
0,05401487619506904
0,07531523601803145
0,13742194179500372
0,11554675285284026
0,07310705567259136
0,1137847452459119
0,08501633952917206
0,11052591924761997
0,1583234316391599
0,08514679529154554
0,17508267345148057
0,08933072495799252
0,1878381362175139
0,11116368088300498
0,17113239537503086
0,068696704647602
0,1330772399654742
0,1295754200633747
0,07585341134990044
0,14997667689683966
0,10924230935692185
0,10616787513653043
0,1503785734062267
0,06711816492709083
0,14738243893062475
0,07897924831381808
0,11744943995636711
0,2907604338719896
0,16238161992194616
0,13684714387036256
0,038484180566380616
0,08642262031983645
0,16864662019253243
0,121775584076989
0,19225435007406233
0,13952898235900305
0,11653748572993847
0,08247745573749957
0,057864394594994525
0,08435964238210346
0,04692800690181565
0,04773558909021484
0,10416693590587056
0,17569012193491143
0,2282593455262818
0,07819142339566425
0,12350647871449433
0,19138194436268555
0,14936854710065078
0,0966257252680923
0,10615496621076256
0,06934682513618218
0,061624391136597303
0,10299761893727143
0,059906823169800734
0,14741280010009591
0,12703120998857345
0,118802254530006
0,23157657879786728
0,2188743541791459
0,1527393316750734
0,07604911237316084
0,10597609497016583
0,1635706196452107
0,1283473030643271
0,12724985134643124
0,14477695089690634
0,0985361631825141
0,10106162614619493
0,18006933418434526
0,06633760424339566
0,0856117984117278
0,06658261150708239
0,12907147626026713
0,010717015378313707
0,12602982865403667
0,12140110260314846
0,10863813092621606
0,22128842843431423
0,1899746248931304
0,026659953525522643
0,18792932109942753
0,037195916283970044
0,0704889703422722
0,0965989062521335
0,10332239216248824
0,04881474571287819
0,0561563434732497
0,04353289407632454
0,05239315148003218
0,11884325189662266
0,12439850728358628
0,03133567494411779
0,09838967571516541
0,09474181684361821
0,04138406195090094
0,07110334303961957
0,07402560497556664
0,11259710921216692
0,19375665269133477
0,008668613205933018
0,11493439240486528
0,12592307049370138
0,03638509963210115
0,061635553839272175
0,08046459731911797
0,19338979002482037
0,12526170566965736
0,11001564609838722
0,07733293392220156
0,10923308642181638
0,11067092918085221
0,12855107584609737
0,06376535122787157
0,1520437590543147
0,18090598404909933
0,21652483618441182
0,14532519877746933
0,10267827607435125
0,08632540562578
0,15029559987521607
0,1599732110621574
0,08540793226458918
0,03695056416215368
0,1462338204519576
0,19154370081975658
0,11457328962733884
0,14423632589833582
0,11880770453632833
0,24181099910269102
0,05853030923515779
0,06427502551815287
0,11392612094282176
0,07151684560751087
0,1614126756065484
0,20415513423681836
0,12878259131803313
0,044620337688684994
0,08364362507089292
0,15843378224794824
0,02580403102770375
0,09545328466433438
0,03442312474338367
0,02198248240265702
0,039740308200619696
0,20346437056395653
0,1955457645972075
0,17417900618189303
0,14565808082066647
0,12410392553627941
0,07680869572171997
0,15797598662030352
0,04764404013810544
0,04085192283052577
0,13887140199380354
0,03702319404102299
0,05013749625149414
0,11433919801734263
0,02634378671874392
0,1108366124300693
0,08705005188710094
0,07571248448139915
0,1407864680395839
0,2139583752917345
0,06512394990718329
0,1730445696861952
0,014566443120154099
0,08916405627618212
0,09303396370632476
0,025734308645307326
0,024597347617325217
0,03855958970962512
0,20122098167161698
0,07750637733907327
0,26212361077752
0,14715728232925776
0,03855984973454943
0,09802932223554084
0,09754781912494558
0,13798895777939515
0,022490809459645284
0,07722394993054056
0,1655433181225825
0,09369016822110933
0,10370129056474449
0,0700605642095893
0,19001287654089813
0,14424978882933798
0,11468822399808482
0,03300281351622041
0,0673904296682409
0,12114908593097978
0,10902218794157365
0,06242608546908048
0,17079522963243507
0,10961732759727892
0,10465261737203185
0,08438325771821312
0,03836717978169452
0,12301825461567213
0,19501374373295172
0,15825280493100186
0,08814991526077869
0,16096112362673168
0,16855980672839793
0,21565566815740597
0,14105004525824688
0,04741582726014111
0,06090374384831735
0,14860848939690446
0,06388159371650086
0,10647663605175979
0,018020644533665538
0,07807767122900099
0,03830859394146614
0,09723114194478069
0,13260830673707583
0,10843597634486093
0,14012826060853315
0,01480896228702177
0,11825661708977196
0,02167927679425741
0,0575407445534551
0,07186124278863724
0,25243085537915877
0,11488735374586719
0,1835247693374038
0,09396211509193654
0,1479079894650277
0,1022199078335983
0,14078734180862507
0,07669387456556434
0,07914119375600158
0,1487550742149175
0,08604340484843928
0,12512466007476958
0,09077488967924859
0,14507542860644573
0,1335584332647067
0,13060205183407386
0,12696502536153398
0,1028988805805599
0,03302204687306094
0,07725357233348773
0,06135915315775202
0,06974405211158795
0,1296621974087748
0,048686631376169125
0,04738960914997312
0,10800674264076308
0,08320300674262032
0,04510204260535664
0,08295776476354576
0,08777948485640903
0,12973175797409497
0,046774862578417654
0,024972671188509203
0,0198801548142536
0,09659615136585918
0,0839904815811497
0,13192111731274833
0,16753244593015734
0,2002751751275328
0,14937167801501886
0,12062534642290973
0,07095652706050021
0,08765933852154521
0,1191879311534394
0,06163713299350946
0,1872173732255332
0,08054083230548718
0,13579683143730178
0,05155559500620548
0,16880394482815408
0,20943450652352552
0,2605227166489818
0,06027975268881277
0,08391939289090145
0,07927523697587031
0,040281194997067
0,06932670212233974
0,13527083246930763
0,0980731799034307
0,09321504224464135
0,051085107486317484
0,13626754218434903
0,15456640624763157
0,1122903629046267
0,2172692027827141
0,11432433866911083
0,11095536557856543
0,09803934168188128
0,08751835923416856
0,1401297966349055
0,07384586604193838
0,10068954532679848
0,04178903891373907
0,17600116587697284
0,18044035440437226
0,05387677535189798
0,009749183596794218
0,05199112041978885
0,10119759047790927
0,09904982927110687
0,09186175910333297
0,048192123155185826
0,1508415361122862
0,0216147354579455
0,05933140168894092
0,08860183631223821
0,13327187406049953
0,10770228618884108
0,037747639907647394
0,05885412992032833
0,0693986730900604
0,019833745918202864
0,09588427914735552
0,1531067315290372
0,11308973808718034
0,043775578460841146
0,08894778136185523
0,1621093411695054
0,03731743761269556
0,11196173857104896
0,11264413187511435
0,12011386879290403
0,04835613205904057
0,18008622501267194
0,13245137950059857
0,16989816612172953
0,08640091053108584
0,08156611563973136
0,13215335009163137
0,11219860261229118
0,048280055700905655
0,05722796220431767
0,06010311705229524
0,08834029489883403
0,17539842956769575
0,13318791963604557
0,1288140359964443
0,11363080226538246
0,16355557132881537
0,07902868879981048
0,07286161387382735
0,22873939258089082
0,09441423142222338
0,02816070126095818
0,1942075852329669
0,1299023833844974
0,11565791447553982
0,15006900784036584
0,09958899437650691
0,06075496758799352
0,04653505882987974
0,1403361236996419
0,05949957977185334
0,10138161471024866
0,2011434419602738
0,0633543895601695
0,03639262060184975
0,10688643031590186
0,1324164214079541
0,055623097095722336
0,042229634184143196
0,06563279430119041
0,11480807524345112
0,1617396380663395
0,049561365288584305
0,12256486014111329
0,09048127616052012
0,06459047222133692
0,013955743707215387
0,14336741251364662
0,12778345073723826
0,18718466656509888
0,15145798876836297
0,08781925638275699
0,14528929013484868
0,18486040778408278
0,13547057884311736
0,17717862734913883
0,14955507635797094
0,17152464585283983
0,1395980478904658
0,14106844716825467
0,12318513297735081
0,03819204990804263
0,09240308772142199
0,21004069208000248
0,22746660279740516
0,02861857904230851
0,11667608754170601
0,0969687566097622
0,022636263212333235
0,033639426511384754
0,01934992052201175
0,2420531465043903
0,017203115494324007
0,16334962747063533
0,08472372372146765
0,052375431888928126
0,07134594342657366
0,09045615351498584
0,022278661804249603
0,12086834704642699
0,06724444596494984
0,09268815969481865
0,13115468862947718
0,07450593930859153
0,1375031617725812
0,12568799673839673
0,07087311536647323
0,07109235882520665
0,10260391214101619
0,12651385156372516
0,09101326667008264
0,11630571130477145
0,2034777194573708
0,053605968490129816
0,19405851695277382
0,16582302249909872
0,23626448167262515
0,2924119916909482
0,11884035732393208
0,0610206899802727
0,0822631683762225
0,06478574501238604
0,11711164655475345
0,0191597295897582
0,12409443970269551
0,051048238063337026
0,2334233820363423
0,1725523386494445
0,07772758531112041
0,04540738325947242
0,1352957741327435
0,12065306111048116
0,10162247132205544
0,08773213959151506
0,1135985740269855
0,06397220056833343
0,07528447270449555
0,07562495576616593
0,14631980599553188
0,0855255566785889
0,13993943186093827
0,17114335303597278
0,19852874330362866
0,058410891907907006
0,03739758024814145
0,07335197313678571
0,10284134198110693
0,025082679318839844
0,12726083565959778
0,13213523562138355
0,07304896683694843
0,017538805487865308
0,07037007239266525
0,176955345205168
0,13976973130684034
0,18757369911750105
0,06346472882225956
0,09051312109227758
0,07610905415419787
0,011395560901115967
0,05904691309974815
0,14588474151796224
0,07647346108108237
0,04542841632776948
0,08726649437924427
0,21228073793173793
0,23477513838917347
0,1453825035800224
0,09548542262381914
0,16644702306680353
0,05553803983135894
0,10312312506524204
0,16794725651382034
0,14068755130624075
0,1250757792636846
0,07653944079270097
0,13248245788432617
0,15381387196882984
0,12083357488003955
0,05977473632547243
0,2264411288278154
0,19513090539836023
0,18714761257952345
0,1176796856494029
0,07699855067806478
0,1411397484657554
0,2208562148235627
0,05812277874375957
0,06923185372021703
0,1789999469548781
0,12278033010401021
0,04338562590956775
0,11389253277543879
0,1044370342253972
0,07031858538316789
0,0452514468161755
0,19873845104934093
0,12445223485946859
0,07774131207140561
0,08501043717286356
0,17709045549657443
0,09906907048775776
0,04561601190551672
0,05499912512866748
0,01813940761038446
0,09190002163289969
0,05573535766452477
0,06818604050852123
0,025895650821497012
0,03983769326013135
0,09153890272719943
0,14687505979950435
0,1083143632374531
0,15223372507371677
0,1515970601751739
0,14876237736806378
0,02206058527696183
0,1315533786450462
0,1679284826022881
0,1450699417013435
0,22574190736734964
0,2022666296793581
0,20885644280627655
0,2634674227882262
0,13106894880595804
0,1814962154095179
0,2539132844722124
0,22280527183459628
0,11491614222607946
0,032013286573347725
0,1031648375331359
0,09437937311675614
0,12437589134023902
0,14290490564694477
0,26117449985053726
0,2031100722941618
0,1974556856846051
0,08044861377234762
0,019104293506524803
0,05298844841198016
0,11066013336914333
0,13278474798981346
0,18629541667926838
0,05358056434752039
0,05527220699557756
0,05147048252672799
0,12563632908173653
0,14320968112025723
0,12197506782593939
0,048691964344699155
0,037366196709749826
0,09767751265237352
0,08749288231189031
0,10757874232669656
0,01793034135294325
0,10799536769758493
0,1312872847622892
0,12701711987120232
0,07638488816699628
0,15491769540921416
0,17077753005906843
0,04060350481319459
0,05717889550270532
0,15694261336668502
0,15767601469930245
0,09116542669307526
0,10826983206294223
0,10492994942454836
0,11814371559287366
0,07569855413325638
0,06991102242169384
0,07715243305017497
0,11049746451504984
0,03784390542064886
0,08473558797710237
0,07755912905683603
0,09884922496907182
0,0889262679894287
0,038254908243113984
0,1811789104072931
0,1653924221522532
0,08100106172865641
0,3214410213173217
0,08029240307371703
0,037863575597297826
0,026708015965154
0,13476425417692595
0,15236993251293945
0,06228006170205605
0,04557745138198695
0,21743813859807917
0,16114814655222917
0,14952128387274127
0,06053143006024643
0,06426933311731099
0,09001999232654108
0,05219513540981664
0,0769237599620393
0,07235241292669814
0,0959442172380013
0,10153836123537142
0,05806543725384745
0,08408840135357126
0,06816899086817772
0,08212240302918897
0,07642603024231649
0,11283845652747608
0,12580515488604002
0,17138728509516932
0,12098831533176858
0,12258940040258555
0,05080089598470351
0,02802555820488374
0,016091358320446687
0,03980357389967758
0,10151219093962141
0,08638560653902741
0,029204364574812843
0,0690822239609928
0,06298191769761888
0,09540968557570705
0,19418826830808114
0,11987769099116906
0,04164791800277101
0,1665914116817121
0,10372145349933706
0,16004184108651043
0,14677607760690234
0,02863488128771321
0,0648778672942505
0,14138974711017901
0,09873855837916998
0,12783543274849285
0,040970331985588894
0,03912971203590147
0,09979598658565259
0,18435892285924235
0,1385312182262071
0,009250342670766168
0,0659312131805081
0,014411474315168414
0,12428984927595074
0,08606846509502965
0,10415360048274687
0,07151058053152065
0,0970357054314746
0,17300284211537098
0,0847186872476425
0,23957742014349973
0,1562732097495865
0,11539451630453423
0,1707527529514401
0,096933753387026
0,08966867647400324
0,09943696643248986
0,14212694723527558
0,2252487323643252
0,29026963242536874
0,2127359669499392
0,08885870034387927
0,0600571348427723
0,23524170877912065
0,20677652034683966
0,06549520624751176
0,10005592921458932
0,1137060029029478
0,03348412587356039
0,15030761098887233
0,11576783731290091
0,08683399386190245
0,040907869818390195
0,022065465686866625
0,09166939711338203
0,09390973857273134
0,10614672890326836
0,06353856147063044
0,05447665488544736
0,06297678034242116
0,21964151132222356
0,12743705444492243
0,20296636780455588
0,10268399832344713
0,11802434632182336
0,14279512788111476
0,06030358153476556
0,1464869343409468
0,14225738196226084
0,08182942619342108
0,036171937313384396
0,04500468542543094
0,15894642878307133
0,06885860450526596
0,15844805050725527
0,19674083147371477
0,2521561033834695
0,084237271853705
0,1318032937110413
0,1626584554060204
0,12143604574607773
0,20830057450751377
0,08317222790745303
0,02591449912392339
0,13899398618603992
0,054253966833897646
0,07138616257337178
0,0437549198296243
0,08606296221419275
0,14696818563337732
0,11027823809876788
0,09265938898200814
0,019147222141070064
0,16162910534357686
0,10882062217394566
0,02443039193171954
0,10006098972390892
0,03213149229681631
0,03920199851352
0,15645995297188875
0,03049205315718179
0,11267078121016381
0,11888651212036652
0,07636751848386364
0,09539045048858123
0,10608448957164904
0,03875596909753175
0,177232634206587
0,07622884139455813
0,08564024122653385
0,09000517165742877
0,21789031395323458
0,21117502690246356
0,1722185068577385
0,1917100604164424
0,07129628814325195
0,07979132588582695
0,11224280969170916
0,10223243249811675
0,06007540793867995
0,04471121689075011
0,12216622992555816
0,05043308939810916
0,0814718450189221
0,06632763523390285
0,017897267752767128
0,048702953421394087
0,0705916731415225
0,10670072818902078
0,14535127738295228
0,09478665141027273
0,13154957270950882
0,06809574623130397
0,09185367245174149
0,09614277450868612
0,020192882731599422
0,06980393223942065
0,07863416176446626
0,06881300276045163
0,04898003925052062
0,18444277185707067
0,10663853509216929
0,0429054567278687
0,12659923702248566
0,025123907113909886
0,11279670749546561
0,08158809110217093
0,06130093792151628
0,0075752430966557404
0,025082035860875273
0,04459457800364879
0,08648041388313663
0,1646475997992868
0,020162201410085633
0,14855174705560945
0,1741699534454816
0,035984867939956276
0,046471806973773205
0,08541243808332546
0,01774407616906134
0,07382073732905181
0,09166978738974624
0,1102817329198298
0,13282872292928177
0,06641231166672724
0,12962310935732088
0,0764204679100687
0,0861834526274066
0,03206340506142492
0,04480737892495382
0,05195981813044439
0,07769738492810734
0,12208775845929018
0,13909532180561765
0,09567759828635107
0,09874320826484838
0,0801726643341104
0,12231720995560662
0,07491310357589022
0,02044718458745295
0,054847422008822005
0,10268129885771003
0,1395629323693139
0,06648745605625093
0,12806823403796128
0,10083443019128485
0,11671840961597393
0,10973951389196789
0,024744305926827203
0,07014825509930613
0,06682695423609379
0,1411265066354965
0,04328612252929246
0,05889606547106376
0,12990531778566355
0,12182279763876232
0,0734292013379665
0,17039639852187494
0,1228487339148372
0,07497845652688065
0,0320760901510431
0,07636625024305337
0,14969265771751872
0,0815974270168698
0,18347026637736266
0,03244236652679329
0,1780754321172858
0,12531357335297558
0,10107820013025386
0,04214875937019202
0,11000845408906335
0,12337842572135126
0,027427618167867603
0,10029017998877722
0,14912317409955694
0,1289694844556396
0,09396287630906816
0,11460764777197509
0,07075192471974294
0,1545244301623234
0,06075447325643857
0,10621216695567384
0,10926925099945814
0,0744655600912065
0,15261228933341411
0,17598294264860037
0,09346139905649543
0,02793059741944765
0,15706835753235354
0,07032455476207629
0,01955577147862313
0,07701215862362026
0,03127633213454892
0,055677895722280706
0,03367968471358872
0,044048142787589735
0,12288768845767568
0,09953404549657188
0,03149006237871269
0,15913592394793907
0,030446860009098773
0,13419684248836944
0,1113309105506055
0,05215966280480469
0,10434582274002913
0,11499208832520973
0,14612955676651176
0,05831413341259779
0,13486409209860442
0,20000352386318676
0,062294281922349475
0,046121687777360774
0,10138136194286029
0,06941968773652832
0,18013952384946844
0,17092227090044387
0,05094054777474706
0,1723043828561299
0,14127086857809765
0,043246074567867034
0,06299466360860029
0,049039534722517576
0,026124956678729064
0,1891134178430495
0,08809123662888739
0,1085635195462213
0,07180626672913452
0,09106432683233341
0,041204518521392806
0,16648756435076234
0,13404376510701446
0,1963176725897386
0,074359872096308
0,08428140252348024
0,05784104756026813
0,10934521635146655
0,05522725549720027
0,09276369408041975
0,16487618487011538
0,057330273598169564
0,10153371195542248
0,09940828142596367
0,05436030824908156
0,08407771438157044
0,10303315897903896
0,2527443365257767
0,0800734626461624
0,12534267109887323
0,1395334297277919
0,09705706032324168
0,20439721805024963
0,10704849160746627
0,038263196594435354
0,12063232181100725
0,09512090888356117
0,09258105871049599
0,13657142378773007
0,20936898906252163
0,20959579118412855
0,11833414129175727
0,038172451038118414
0,062090884622838426
0,09909461436035319
0,07811499231078999
0,16063745825006698
0,17312013177272143
0,15899601004605204
0,06320277282322523
0,08719987083397028
0,15400127911286127
0,20506211822252904
0,04581227281744539
0,054575977258932165
0,1769262542289985
0,1572611950999814
0,06239216726885269
0,15139121493146954
0,17129131487922955
0,15585314557586194
0,14604023729327706
0,11159609857087335
0,14632833200418666
0,09484456721124415
0,05518762089093797
0,11635693592419234
0,1583406727785339
0,040610746621066215
0,13928925678804097
0,11045114669861698
0,13151467306512615
0,11239148074263924
0,07832345129101048
0,1303583043441552
0,06703373899156832
0,15701449312698268
0,1241579582453852
0,05738537228615687
0,1743411648339531
0,19671660579738018
0,012194334695095756
0,05520518723629945
0,04816181622352646
0,10339302333601669
0,15534071413323114
0,0732059697316905
0,09245315204287245
0,09348986481061151
0,0383895023106327
0,10740054331612013
0,10663452991272125
0,08988856248413077
0,07071734686944152
0,15659209075840141
0,1534939958627105
0,13114501051337552
0,09538175576802742
0,13900362480236905
0,14831804364626172
0,1316245686784908
0,1955188537788802
0,08783355162762826
0,019874898870266985
0,08162248942485309
0,06096936439811194
0,05398363212081073
0,08481393929905084
0,1680744944265376
0,06022435321143719
0,12365701895235841
0,10795334062619164
0,07459180870788337
8,809730525266613E-4
0,17549004152161218
0,07096712169356968
0,09480633599574378
0,22177823596285498
0,17192956380972285
0,16000550145654427
0,1390268690110261
0,15545882655289398
0,1172029156988974
0,159698057427147
0,1932262293366044
0,10870537110747287
0,07867310645887614
0,04807713527463
0,1870797431399109
0,016436439928536203
0,06708470395933833
0,054536037519746054
0,0704241811425357
0,09299811295951611
0,11477874290661551
0,06477390732281506
0,13955259004687473
0,1526522242429613
0,03258056619088839
0,08785641555413787
0,10326880934760067
0,12749406084748968
0,08228998616445451
0,06849367379765499
0,061187163226360294
0,06928365292148593
0,015079731929696907
0,054652416820423586
0,03461397147719013
0,05374968013513443
0,06670457396692143
0,08342198484019403
0,03804069164444235
0,017097204968789692
0,16914904095566127
0,09604407004915277
0,10699760864432507
0,13062260110520188
0,08396432906548573
0,13605594602334994
0,15301628460219632
0,08289598062182861
0,037081246834487915
0,023345845088643177
0,07633153576734727
0,1631261784882549
0,12417506944275769
0,13235776997173157
0,025311200584155227
0,0764628380737373
0,23313163555963304
0,22160688658889374
0,23384981905807808
0,1700978116455595
0,13384506055212433
0,16493795963808594
0,11206686963152389
0,13970256587453495
0,10756203776148882
0,1104954488734854
0,08244250986749609
0,13487908305925586
0,14104651554595782
0,16203273004940927
0,11388855213071744
0,1643676906413764
0,1248972213023599
0,06888087157036199
0,10704182059818641
0,19681302285070837
0,15274754606959032
0,17427440103049116
0,09427844557137251
0,0623392361869224
0,09612719019183551
0,05083047074983616
0,08273197727613936
0,09435688587602428
0,06998022261992771
0,09735494814003179
0,14873161877145102
0,1396089642411365
0,13205415593572992
0,06962134151117136
0,08802339153188389
0,0818799683074022
0,012752312792754118
0,06520530321662049
0,09449990491180073
0,10214338316210703
0,13655330352075948
0,25754336623545376
0,13968467041592827
0,17698229186392997
0,16080710662573514
0,1414920422456313
0,04221425554002488
0,06283978044749237
0,22479885423106605
0,12989811408354202
0,15647292264565646
0,10722507227409735
0,030481858139916225
0,1274500302754567
0,09684576910494935
0,03208026886346393
0,16293926943547535
0,02477419696201394
0,06539931499482658
0,187189812635409
0,16606400328435342
0,1303099513958153
0,1672104621147026
0,21467844267517744
0,12049737576086009
0,19746526560307515
0,15679037359828205
0,03159644082088689
0,11245382877147177
0,14289837799982288
0,031508161949907194
0,1329509983987807
0,1907221658820206
0,0988865256905165
0,06931281516917966
0,11462386676215447
0,11737212006640751
0,05286510268018808
0,06979863064809458
0,0888942204082738
0,10550519046540607
0,07451897601313034
0,025910389750101546
0,12079791401208244
0,05507581428726285
0,02921033179066972
0,09940920503570078
0,06537403772424868
0,05849597481957388
0,04592441161811997
0,0715103978688401
0,20708361142178613
0,1055186547079864
0,06763085035081426
0,05679838567393591
0,09064381760093472
0,1358829806241756
0,10875011118412581
0,11587171291795487
0,0682333579046532
0,13543728627195148
0,09034439725412602
0,032321408054943365
0,1273854695865894
0,08800116989021203
0,11233524442951855
0,05764336445144161
0,03680959199020843
0,1182305314681116
0,09743762307954908
0,14915507659672506
0,07275272588685172
0,13456417968485948
0,19194519200983906
0,10086823063023732
0,09961382823613328
0,021547292212713072
0,08553832024137402
0,07170018388456535
0,14030821045273367
0,10831163438313236
0,1523444922559502
0,17319248995016714
0,12304204069431326
0,17169161056468424
0,08381080802893313
0,12111281816356065
0,1403188187413328
0,11616357831248371
0,06545839776845229
0,0626185094496651
0,2372214416623209
0,12011129285475718
0,022724686092598603
0,09466838414650176
0,1387599743329633
0,14575721166208613
0,14486216375101876
0,16400188664109183
0,07490631200099553
0,11766342368237509
0,10657548110801396
0,057765361576190326
0,16086462228277412
0,2088730604841452
0,20390205976656395
0,2133177053810079
0,09047543625010547
0,15057718390351954
0,15016718479928093
0,06677063103363895
0,012488821718368414
0,042574347231662854
0,059776822465154575
0,11111125783402455
0,09816231784915708
0,04504439617590543
0,049911502412184824
0,07183748482858698
0,02195421103675729
0,04352931369585547
0,012753205334868768
0,09865577780796507
0,06304871913552783
0,0855098911254006
0,17795562604846726
0,05528055102614724
0,08983983709159522
0,08509401566214062
0,0716473586223311
0,021315987220892143
0,06675540119085463
0,02413648378753338
0,08123101215932889
0,020518111246575432
0,12167290675882754
0,033097883220786065
0,01317852950369275
0,15018819610330605
0,10755720041308221
0,04096797874664036
0,09987946019443714
0,05357001048161549
0,031543253087303755
0,05993067210513871
0,06923238664451459
0,11210772132574102
0,1466480082618978
0,12206992657044966
0,08458102502525187
0,1309714917716521
0,20179705070810744
0,11870203753376864
0,07015769212628098
0,06751739658337155
0,12253685896724974
0,09598892340143188
0,029756686700888234
0,08151196374889058
0,10316364669186735
0,10180049479555965
0,19954169827550033
0,20786240037335904
0,1094546552149758
0,07404009473092782
0,053013229711589255
0,18209866377050637
0,18808476188145293
0,07784815195955716
0,08911572882213786
0,2619338360971049
0,1788978095712355
0,1436321158749022
0,14543352971164109
0,1633454796379988
0,1548060916651517
0,12654241108061734
0,060494694853329235
0,08114933930503442
0,1362720949997039
0,13576183725912663
0,08131041550886814
0,18790220406420152
0,0990638129872763
0,1507523538038866
0,08047366423058301
0,07562261933826102
0,05920581102993036
0,11740633666075678
0,12354806130490163
0,20530557230326077
0,12091496219729354
0,08607698463441182
0,17609587619658426
0,14730780674479915
0,0373678881277738
0,07605332863721359
0,1922303869642183
0,05395357366233662
0,062500807739745
0,10102563284900264
0,1311494288868456
0,18886448171037348
0,1367909286629805
0,119538204321583
0,11276790011308184
0,059230036190532596
0,12338081959539046
0,06606071956980601
0,06558523958713022
0,11612934443980819
0,10585745364948117
0,08070661539424531
0,12301356851340353
0,131221074343366
0,16249398442438495
0,08631417844118143
0,061770335233799524
0,07179135550664123
0,12641837208708587
0,08213703531468795
0,06152956375559843
0,052432908979938936
0,07031037353425344
0,037535122250552354
0,03372885022883534
0,1631171510319413
0,13893219721987088
0,16208356780935
0,1848137880693802
0,06966501376290918
0,08820393229068105
0,04547497375250837
0,055092914755010734
0,053224753493511426
0,07609151802900309
0,022963120356029945
0,12329832857606701
0,052171256883162626
0,16074943500568
0,14379463425475664
0,047432421134436
0,06431864622546778
0,10358190386703713
0,07273779773622592
0,14223222482954948
0,055614831249516675
0,05817149422046595
0,03684924218056908
0,06405008047100418
0,10644235218932625
0,1318868036639097
0,04563943968839822
0,060069195255611565
0,14763535621833343
0,01340820501451349
0,020023219729520623
0,07564780169054439
0,13396344063679475
0,2687462602893041
0,11819020742369592
0,12257632950335569
0,11720078553692409
0,08977530392057329
0,14667483810064583
0,1573580721628824
0,10003898373447945
0,12891549175776615
0,17759098186436034
0,06587672778573718
0,12966276891208292
0,09863401497250744
0,07172571122085765
0,13899402182863507
0,06317447208255975
0,036393516879537874
0,13232518762672482
0,11803215018077215
0,12298966978341214
0,10770940391520162
0,04377667126907945
0,07439135902175519
0,14747177981550597
0,15540746987649326
0,14395949374983968
0,11327332277284002
0,0895399080488197
0,04018207720992716
0,08046906013766537
0,07041448036092905
0,14924526189137038
0,10669347874137934
0,1850146349844436
0,17982652305808997
0,11677334531621936
0,007043925340719695
0,04023223531442414
0,13940792550009842
0,09796564719595487
0,08961255843114095
0,14408947720136966
0,19668283712092496
0,10262283995326849
0,018224762378700618
0,05370668724107198
0,10924639851787227
0,03984450986302758
0,10447615291146864
0,15033838769601635
0,25101189989831846
0,13190756423860786
0,06401878151928914
0,16115697589400238
0,12765600888069117
0,1144622482698751
0,08937441104887281
0,2621249862224765
0,24800832084656876
0,15979697751914557
0,17634780298562672
0,08116185429410556
0,09650581215097052
0,026224643715661734
0,011554866695789307
0,11738396726517258
0,058805522864687446
0,07784601020946728
0,03591258613824053
0,1437200980005476
0,10756018505062928
0,18733472947295743
0,1286478808551801
0,08374382810365479
0,040364359384161094
0,011972458360140027
0,042558914470967255
0,05188433930793775
0,1516190722013728
0,1392449592888033
0,052353468786364064
0,1135861968772966
0,13989810803880073
0,14535535936031385
0,16897101509859955
0,03845313690865719
0,08682196658707637
0,04305958768434157
0,17675882728488046
0,048924343081792186
0,0968334366688652
0,03760710253478075
0,10000747555005932
0,09651970932626727
0,058459197185091676
0,17299535234414173
0,11008303260947966
0,03970692315036771
0,09019075430170344
0,034455072309373544
0,10059489948136603
0,10570028874093708
0,09967759476368876
0,22548692304590573
0,2704863647223148
0,08770526824470117
0,10198058795960892
0,044161124690805534
0,1891092552926046
0,1480838621452
0,09706732713995055
0,11643168091586337
0,1461068111644745
0,1936854484527185
0,07822703374506516
0,11707548500469298
0,15002290951295563
0,1669045497696439
0,07501697549231127
0,1092113263234993
0,06979809487103945
0,07295248353234195
0,24550295086784643
0,045842254640815934
0,10861592887739221
0,094965365651551
0,07160882025968432
0,01975107364768104
0,1604632011405533
0,1922187863074549
0,08090278450834268
0,09145849339273528
0,1479593784353129
0,05117713049728638
0,06948135979531472
0,0965989047753754
0,11006586057459979
0,1675943408927159
0,13243126535846175
0,21017032720002912
0,07091828153588467
0,08187680396640393
0,0689417836900193
0,06633574338193689
0,08667085553530285
0,043237512188930356
0,07189509342653262
0,04857518802459811
0,0777108617479118
0,061770548190351625
0,05790340236064584
0,056356885979805135
0,12336560210191143
0,009624978675272447
0,09088271990197803
0,1075032931960871
0,09285498481141302
0,046847661530864816
0,05251585759656468
0,021556963625458652
0,09699385705055255
0,16000554053167143
0,14924021997208242
0,08473733012497847
0,08046063817089404
0,029542257560518304
0,023280765221088063
0,05322743855218695
0,028360076117223902
0,044568653839703175
0,04649627588389537
0,03267125993296882
0,01645848626216314
0,017287894721419048
0,07550958565074786
0,07273409476783192
0,11468735950369333
0,19545216271089969
0,1875002342193223
0,16991307897088484
0,05934505274845776
0,02402873835519238
0,1416978633411631
0,12639879179891073
0,15947064940945221
0,2005695219200499
0,12610482775704604
0,08176167192001725
0,09432525322213257
0,0723117207386974
0,09536231848268664
0,05051912985930959
0,06243347748178526
0,10432158274821132
0,12735520235349457
0,07392043877645346
0,14680934694159756
0,05057326833220187
0,05663702476801175
0,12239503119049866
0,10299123374124243
0,13559781373064925
0,09225951771051823
0,0665035384639848
0,08006645439715375
0,2201423601367333
0,1768682968538368
0,09612803671546799
0,08611234695582172
0,04619882430823653
0,09784343497969646
0,15915072812322476
0,07279088747615313
0,08822951732645969
0,10992565381250506
0,08733275759017661
0,12253619859361288
0,17411462160570756
0,12470724812980988
0,173279003262455
0,13024170037754937
0,18532456763708535
0,0851305354804503
0,018903539467797856
0,10448394089788075
0,08519121657008798
0,0254109095852661
0,05439229988531288
0,10062041882918281
0,061819583890907866
0,13607339417936495
0,2059815466491238
0,13865912831954968
0,11939571902023333
0,11117755446258912
0,09743305725285704
0,13551304178238605
0,05598076830871283
0,08274249465618212
0,21273814709833666
0,2687104528122771
0,1678852769825217
0,09864938799008968
0,04953008645292523
0,10143561303606342
0,05733167528163506
0,04237685591888605
0,10672105590171181
0,12089991481190726
0,08087194252286543
0,15901656139790826
0,1403959090978506
0,0719362097142604
0,04237060103636097
0,04944043013189195
0,09741686496033711
0,0996300156936085
0,14232989096683052
0,09454271703541646
0,06275340933442923
0,027269300085114037
0,025157847989653304
0,06829295415383552
0,08619584885545427
0,11196290374128301
0,1650305179191604
0,12064662502477544
0,08180211275092764
0,10190852645687269
0,22079820079242485
0,25060085214999667
0,168122411356021
0,05409863792749334
0,1541081428797727
0,1429529059984378
0,1415411661591695
0,0648590972363691
0,08479926714457492
0,041787835712063195
0,04119933059856363
0,032983236722854595
0,04431399886649579
0,14124858516959252
0,1922522466474913
0,1787323280930129
0,0896878267681734
0,0806552479895213
