N: 100,0	L: 	Density:0,16	Noise: 3,1
Time	 Va	
0,0	0,12636195655239296
1,0	0,03772506863708993
2,0	0,11243747520072685
3,0	0,1463190924762085
4,0	0,040595749601418325
5,0	0,04836810847244847
6,0	0,06278501077360767
7,0	0,1712012814448567
8,0	0,18776095318635563
9,0	0,16311160828873594
10,0	0,20558900210480266
11,0	0,11731974989163145
12,0	0,08632670006973268
13,0	0,20819777570819115
14,0	0,08722516627136684
15,0	0,023582625273495934
16,0	0,04785493003844562
17,0	0,14012704192380496
18,0	0,16746317034390154
19,0	0,0824646044549074
20,0	0,14573387473170565
21,0	0,0878927267820504
22,0	0,10241367230367199
23,0	0,19456017496458436
24,0	0,15933135390482064
25,0	0,05727674505854604
26,0	0,0933883877491181
27,0	0,07199761939871964
28,0	0,0299873715908199
29,0	0,044286671118871045
30,0	0,06181484028647769
31,0	0,10038911722915281
32,0	0,13529089013107276
33,0	0,1671582777186937
34,0	0,17685574119841926
35,0	0,2323373290725876
36,0	0,18296129589996038
37,0	0,1927315633704202
38,0	0,16865058699829025
39,0	0,2602194279776428
40,0	0,24729005480734784
41,0	0,15244939320688394
42,0	0,1609253319874284
43,0	0,20855986449123295
44,0	0,02382777481438634
45,0	0,15549204276027298
46,0	0,07343965533976163
47,0	0,12291219794270586
48,0	0,12534471723809495
49,0	0,14916358276686623
50,0	0,11566604089257303
51,0	0,20200992149531297
52,0	0,14697983344913193
53,0	0,14045272591926583
54,0	0,09003505160447643
55,0	0,01824334046112854
56,0	0,029771285930696837
57,0	0,04824293003984972
58,0	0,20632861686276754
59,0	0,0899465077536183
60,0	0,037462567483139565
61,0	0,14679423837213637
62,0	0,18893016652037026
63,0	0,17753627868411875
64,0	0,24803171539737492
65,0	0,14779441364211296
66,0	0,19137814200999162
67,0	0,2031712028113363
68,0	0,1162100036819398
69,0	0,17705232819281677
70,0	0,09674883802124797
71,0	0,18967608856362528
72,0	0,17288889884651001
73,0	0,23347255404748035
74,0	0,1267787612755225
75,0	0,11824444459930013
76,0	0,11905321858587113
77,0	0,09011190312665922
78,0	0,10646157603844146
79,0	0,08646212918201572
80,0	0,04403240436513321
81,0	0,10209020417019127
82,0	0,17580998033909292
83,0	0,13570312911152582
84,0	0,11826706498823963
85,0	0,19655476227562818
86,0	0,10834725139123981
87,0	0,09629049486068642
88,0	0,09439721762353885
89,0	0,08233690633086085
90,0	0,10379704488960054
91,0	0,11456528998026609
92,0	0,2387227794465335
93,0	0,1570973693387156
94,0	0,08638409926190173
95,0	0,06351066043564804
96,0	0,11680808512168997
97,0	0,10173534786516503
98,0	0,21408990521299712
99,0	0,19037956200619127
100,0	0,20956484578126836
101,0	0,22112054600211098
102,0	0,18697859070744466
103,0	0,16468048217143877
104,0	0,20315159642176017
105,0	0,19833629339944128
106,0	0,14525334975401347
107,0	0,07995785012134309
108,0	0,05546513931674572
109,0	0,2653864551199297
110,0	0,032549671114414445
111,0	0,044115334565201454
112,0	0,06868272257526606
113,0	0,14548211596818156
114,0	0,26264865251318126
115,0	0,23078935673594503
116,0	0,19399711669166758
117,0	0,2491598495791812
118,0	0,17702243799640777
119,0	0,10804185043828012
120,0	0,05297091876408132
121,0	0,11763175134913413
122,0	0,12103452663314124
123,0	0,08591090227220938
124,0	0,17048107669804596
125,0	0,07097177809166987
126,0	0,08312187191612944
127,0	0,07048475870669531
128,0	0,05368067284445919
129,0	0,08945292923703811
130,0	0,11326238575444321
131,0	0,05146689201691897
132,0	0,06979485156535667
133,0	0,08692035878884259
134,0	0,09509514421910814
135,0	0,11679092737091226
136,0	0,06545874910286727
137,0	0,02443663240950963
138,0	0,0987848120782499
139,0	0,04938559539066137
140,0	0,18278125954108795
141,0	0,18055592621118158
142,0	0,13296438867196603
143,0	0,027818985035150647
144,0	0,061644534809591776
145,0	0,04097971707398418
146,0	0,09304893384908126
147,0	0,10152133280405143
148,0	0,06909785015504583
149,0	0,11009482677491202
150,0	0,09016665967941005
151,0	0,09106491529215832
152,0	0,06823642581354869
153,0	0,030424961271964132
154,0	0,11252987034130664
155,0	0,09968186283379854
156,0	0,05517606131341641
157,0	0,1534620422867828
158,0	0,1211915846062397
159,0	0,16576866940200347
160,0	0,1461206960786013
161,0	0,15698525147830977
162,0	0,09984371187681247
163,0	0,13125069643112047
164,0	0,11083654040591943
165,0	0,17549776265406264
166,0	0,12559641118680184
167,0	0,08347119909643372
168,0	0,04781659865932054
169,0	0,08371359931269488
170,0	0,08397053859845678
171,0	0,1213590341546122
172,0	0,15124654850409885
173,0	0,13719626604453014
174,0	0,1693665958410737
175,0	0,1902592250860023
176,0	0,10689266762951517
177,0	0,09867172093562308
178,0	0,09914874682291337
179,0	0,011210031074672505
180,0	0,09644151921935154
181,0	0,10047156760184775
182,0	0,12310618579357525
183,0	0,24181238376090777
184,0	0,12253670048675962
185,0	0,20393998138167785
186,0	0,21474486091319253
187,0	0,13309793384926497
188,0	0,03765509779084439
189,0	0,11010957825226048
190,0	0,14718217258622762
191,0	0,12334909275126928
192,0	0,0775138866491028
193,0	0,10783435542514107
194,0	0,03794326719935696
195,0	0,14770896463718322
196,0	0,22872597146706272
197,0	0,204297002123814
198,0	0,05949213214385317
199,0	0,16551089331551688
200,0	0,053315772179259674
201,0	0,10942699248420924
202,0	0,11988571783805163
203,0	0,0930542047526393
204,0	0,16429460270283863
205,0	0,07647664400345501
206,0	0,015898918498924726
207,0	0,0411538220707344
208,0	0,09720000931555384
209,0	0,05831942856420581
210,0	0,03205858643785191
211,0	0,08847120639330396
212,0	0,03074616437180588
213,0	0,13802621459786232
214,0	0,06796523821947008
215,0	0,06875868373065669
216,0	0,15466067115469026
217,0	0,27905542570184766
218,0	0,11306084626228796
219,0	0,07648893170534474
220,0	0,10847850667763373
221,0	0,13882006732441296
222,0	0,14300702486272998
223,0	0,10571089263856165
224,0	0,032934841611992755
225,0	0,1327331602845502
226,0	0,1292169289569277
227,0	0,08765418370588786
228,0	0,023697770315677637
229,0	0,04227722572975128
230,0	0,07794191390116391
231,0	0,10027629074534446
232,0	0,05458176526614515
233,0	0,07646832877959293
234,0	0,03241468835461755
235,0	0,017799336309154735
236,0	0,10991644413439555
237,0	0,10831381709620541
238,0	0,07097268162035765
239,0	0,215974877640033
240,0	0,11000243502418726
241,0	0,2304642019429585
242,0	0,2145080714498662
243,0	0,09338966367770883
244,0	0,14808061026678399
245,0	0,16549745047191078
246,0	0,13055800477949073
247,0	0,12433577459874477
248,0	0,20353736205293876
249,0	0,07596385790564457
250,0	0,17570236173826564
251,0	0,23706384841392542
252,0	0,19456152836273735
253,0	0,1792533730464971
254,0	0,07835668387788731
255,0	0,16397604615098238
256,0	0,11993378507702185
257,0	0,21717479912032253
258,0	0,21400668645248355
259,0	0,06905414570981794
260,0	0,08839466650505429
261,0	0,04105599042700276
262,0	0,10962622637874904
263,0	0,09984677177360485
264,0	0,034881364354004026
265,0	0,06774049281042308
266,0	0,058474653404499775
267,0	0,07880637656975756
268,0	0,12135430943860895
269,0	0,04437937402119233
270,0	0,05263291610407791
271,0	0,03648663257053687
272,0	0,018721464983294477
273,0	0,07318463792347449
274,0	0,0367269348745661
275,0	0,1458079552769618
276,0	0,036740362180441015
277,0	0,0396338482492739
278,0	0,13678296849373575
279,0	0,09907454072446115
280,0	0,05591109321097995
281,0	0,19418054561629108
282,0	0,30160216990715427
283,0	0,16358575296139605
284,0	0,1556534236646183
285,0	0,020668451026816807
286,0	0,05895345405053379
287,0	0,04004572751908935
288,0	0,06628254446895455
289,0	0,0672037913523779
290,0	0,057327455256043165
291,0	0,07718493256121786
292,0	0,09102393198095132
293,0	0,10808069336135147
294,0	0,09802251990453587
295,0	0,10530147507394799
296,0	0,06224019574716518
297,0	0,040934838241160294
298,0	0,06374925592898013
299,0	0,09782580734850407
300,0	0,08837800336985234
301,0	0,10086720559189644
302,0	0,0710512798366642
303,0	0,13630233707552272
304,0	0,15110138325747835
305,0	0,1446323580083167
306,0	0,15645794281508887
307,0	0,1812045366166764
308,0	0,2232876873807746
309,0	0,1784869207445875
310,0	0,190546077401852
311,0	0,14300105883872974
312,0	0,10181946853278802
313,0	0,1566640102607975
314,0	0,2574051110095828
315,0	0,20709023278337393
316,0	0,15929937017272836
317,0	0,12927110742820833
318,0	0,09657992094449953
319,0	0,15620355115631637
320,0	0,0860751975973002
321,0	0,10833243528131539
322,0	0,17315658947111962
323,0	0,11753448503239584
324,0	0,26040808581370195
325,0	0,271982430534554
326,0	0,3452412440158596
327,0	0,2588767517577525
328,0	0,16259885846258124
329,0	0,1403626097125346
330,0	0,2143024228473576
331,0	0,1681415257100663
332,0	0,11387056021917367
333,0	0,04485342742471131
334,0	0,05071589562904893
335,0	0,12742515862719267
336,0	0,03701044013806511
337,0	0,0696508362987189
338,0	0,09347988039407257
339,0	0,12106368437485873
340,0	0,11881207261266691
341,0	0,058511894005198156
342,0	0,06829377325723728
343,0	0,11921612710651891
344,0	0,09346685041139449
345,0	0,15124454847702798
346,0	0,15083447041392287
347,0	0,16907566038317007
348,0	0,012637522703919357
349,0	0,03982948642960513
350,0	0,06547484891407664
351,0	0,16267862702943775
352,0	0,0911218494417805
353,0	0,10518307811572472
354,0	0,13895813182345082
355,0	0,1087819091892594
356,0	0,09426456396386378
357,0	0,1501810907648773
358,0	0,13175800367338572
359,0	0,1910113393609159
360,0	0,11939767776478054
361,0	0,15872547570267767
362,0	0,12469593979258578
363,0	0,08699310089991029
364,0	0,13346783423768896
365,0	0,13599417827128385
366,0	0,006387903232616087
367,0	0,051668899590754706
368,0	0,06545608216568359
369,0	0,06818171650262167
370,0	0,060229230237195286
371,0	0,13646217357282805
372,0	0,11558217099971121
373,0	0,1532089977179258
374,0	0,15777212341270855
375,0	0,12163218540550187
376,0	0,09391134744259613
377,0	0,04888796685057788
378,0	0,08160809250687104
379,0	0,0985648275969516
380,0	0,056315653823382446
381,0	0,13971657673345744
382,0	0,15141106754351769
383,0	0,24453824444491953
384,0	0,1650304672088181
385,0	0,15800415747399296
386,0	0,13184069557722464
387,0	0,11537235355452682
388,0	0,03937899227071378
389,0	0,055973935747729006
390,0	0,09350362107974151
391,0	0,15845996782093977
392,0	0,12915680016063685
393,0	0,0365342656627473
394,0	0,07210070174676128
395,0	0,15697778509159246
396,0	0,18955267339706577
397,0	0,19344456029325455
398,0	0,2544188353369494
399,0	0,30566753755754633
400,0	0,1739639764321316
401,0	0,17001915158119366
402,0	0,004823245429816204
403,0	0,03072183164878859
404,0	0,09452692511258687
405,0	0,09262725836922447
406,0	0,19598651243886878
407,0	0,14072884769984245
408,0	0,16547616080661567
409,0	0,19537557160807245
410,0	0,2501102971831857
411,0	0,12557574829721643
412,0	0,04926036682769599
413,0	0,14959063602924294
414,0	0,02829129354259946
415,0	0,0650463530321975
416,0	0,13207174776044162
417,0	0,12952208030076756
418,0	0,17328140577803625
419,0	0,24060693125610882
420,0	0,14168502207617836
421,0	0,1345429902618047
422,0	0,08606515059839542
423,0	0,21852023492184944
424,0	0,2575713931941191
425,0	0,18942211414053345
426,0	0,19324634201370053
427,0	0,1910240237748005
428,0	0,23111326672333704
429,0	0,15198917107845408
430,0	0,19429716043536638
431,0	0,14830443920263217
432,0	0,0893983997597072
433,0	0,0667815633037492
434,0	0,17374640033682448
435,0	0,23615838517605428
436,0	0,290432064762258
437,0	0,19672872108290543
438,0	0,18035166206998862
439,0	0,20733383114126339
440,0	0,28757979674856116
441,0	0,14448210607819326
442,0	0,07236844255217806
443,0	0,16222738493025302
444,0	0,0684855886880249
445,0	0,02538992253204903
446,0	0,06376235934016404
447,0	0,11610311909962115
448,0	0,24319359428725001
449,0	0,22623727050373213
450,0	0,29437260496111634
451,0	0,23071275073545655
452,0	0,15286003055161496
453,0	0,10108418616298313
454,0	0,13310396078673667
455,0	0,20780431198896573
456,0	0,19521128081953595
457,0	0,20662681516357864
458,0	0,12663280500979981
459,0	0,143956671337775
460,0	0,13862770727750637
461,0	0,1164163371933367
462,0	0,1471304803343486
463,0	0,10764934444845592
464,0	0,18827888681243674
465,0	0,03258485926869454
466,0	0,0764710617951932
467,0	0,13453845632992995
468,0	0,07689098404540548
469,0	0,10763059315197064
470,0	0,023040245109538348
471,0	0,05467303936618207
472,0	0,05733756483715498
473,0	0,04812680743775111
474,0	0,23800784598932542
475,0	0,039697907413078576
476,0	0,13814292583584248
477,0	0,1605301075734917
478,0	0,1562378799606066
479,0	0,11121761900357995
480,0	0,07797531348238622
481,0	0,054156858912163534
482,0	0,14913959329537246
483,0	0,09554185040369961
484,0	0,12388754997047766
485,0	0,20109472097145745
486,0	0,3695928126009254
487,0	0,23813632349892427
488,0	0,21792941125102316
489,0	0,15213957357971078
490,0	0,1620649059376935
491,0	0,19158562979435076
492,0	0,04542926994245475
493,0	0,07023445211859931
494,0	0,11299193821504866
495,0	0,08906423850417942
496,0	0,08014770388743367
497,0	0,08270642450226993
498,0	0,0832573090073814
499,0	0,1339853458384936
500,0	0,10429561930387861
501,0	0,19071445433105608
502,0	0,09785913008952814
503,0	0,15159704014025602
504,0	0,1236100780100568
505,0	0,12267162836901324
506,0	0,09145024301590805
507,0	0,046234685821185326
508,0	0,09994939890267211
509,0	0,13382908441266425
510,0	0,1829638658969879
511,0	0,05752866102441989
512,0	0,05034244843873316
513,0	0,07466135364828509
514,0	0,10297800146324591
515,0	0,10834782503572285
516,0	0,1777923831986676
517,0	0,15119452759872715
518,0	0,15348810476332966
519,0	0,08944377667697084
520,0	0,07367028257612565
521,0	0,1597076942230544
522,0	0,09746432639282013
523,0	0,14979592380111134
524,0	0,13216725125979967
525,0	0,07476229985810415
526,0	0,18134612646552892
527,0	0,14155724635987557
528,0	0,184684916918558
529,0	0,1544070295208901
530,0	0,21510848610607056
531,0	0,02894072388494599
532,0	0,11534693712541665
533,0	0,11351094263462429
534,0	0,08143636002783325
535,0	0,19200399261542161
536,0	0,19739674599275323
537,0	0,3191736013606301
538,0	0,22591362352292318
539,0	0,034214194674738865
540,0	0,08197054694302848
541,0	0,162207464327463
542,0	0,11603626628815397
543,0	0,17018709343865998
544,0	0,21037195020198948
545,0	0,23405754012394792
546,0	0,24804407944579068
547,0	0,16994217110616402
548,0	0,19330892691906623
549,0	0,08946558984225822
550,0	0,1288294320288916
551,0	0,10107224557323033
552,0	0,18788694435461561
553,0	0,10617920233502033
554,0	0,08023658342043014
555,0	0,027916133548517005
556,0	0,04598140509994312
557,0	0,0914846341759094
558,0	0,08067522436179562
559,0	0,04903713184808289
560,0	0,07597334121988597
561,0	0,13455436927266126
562,0	0,16458894843157482
563,0	0,09188718833259825
564,0	0,12255599599524508
565,0	0,13988590388977076
566,0	0,16309020790410428
567,0	0,08108155089936323
568,0	0,16308595633621334
569,0	0,15722331989548702
570,0	0,06500985933968818
571,0	0,10129764226762189
572,0	0,14602271640036887
573,0	0,1850649566626343
574,0	0,21039951198822657
575,0	0,2394635117849663
576,0	0,2420189760095095
577,0	0,15132764852647673
578,0	0,23615598426263415
579,0	0,25088540580432395
580,0	0,10738938843860552
581,0	0,09373865358133034
582,0	0,11093020079789949
583,0	0,1518400959196214
584,0	0,16498549948508917
585,0	0,15232196902806266
586,0	0,22198441748862957
587,0	0,1655720045682783
588,0	0,18617240590126488
589,0	0,08906210055247371
590,0	0,09736366715567515
591,0	0,043894984369676836
592,0	0,051656092735357456
593,0	0,11956851106681016
594,0	0,20163288971447882
595,0	0,138223450060512
596,0	0,211536130300846
597,0	0,09237158166416688
598,0	0,05666723404322927
599,0	0,16711596191870406
600,0	0,1250656477348426
601,0	0,14645650231563784
602,0	0,27254798040490297
603,0	0,20993333118328128
604,0	0,330352262621808
605,0	0,29663964383236846
606,0	0,2719209440763333
607,0	0,3059232981363378
608,0	0,19935588622652084
609,0	0,15625214471059407
610,0	0,1313153901892497
611,0	0,040555646344826925
612,0	0,07329617961324394
613,0	0,048052451757208625
614,0	0,056596911526514915
615,0	0,049080966798559396
616,0	0,09579384301967618
617,0	0,08994611490812242
618,0	0,06080757112325555
619,0	0,17640523347266815
620,0	0,18371223525280184
621,0	0,24769275449199704
622,0	0,2910301766285638
623,0	0,23293377382771163
624,0	0,18506322844254233
625,0	0,061113594468695354
626,0	0,19530445333820695
627,0	0,24586924947838998
628,0	0,1488063182683337
629,0	0,06984870412737425
630,0	0,02232445786443842
631,0	0,10858996505187231
632,0	0,10728087210633479
633,0	0,09082983530733499
634,0	0,04491253771218313
635,0	0,09468220383058974
636,0	0,11144393677749068
637,0	0,14378022702355497
638,0	0,17068989285954148
639,0	0,09487828398882758
640,0	0,12095121495532864
641,0	0,15823973178495565
642,0	0,12910615294330127
643,0	0,14142501210546835
644,0	0,10787657178978839
645,0	0,12852903967243004
646,0	0,11627519268580956
647,0	0,19828949381719727
648,0	0,2708951688188719
649,0	0,28387785480959077
650,0	0,23283930014326357
651,0	0,12651910697601737
652,0	0,09175155256546885
653,0	0,07323192310687053
654,0	0,15272378583431992
655,0	0,1248726586137027
656,0	0,11003359222477092
657,0	0,07435007966122927
658,0	0,13899331789796524
659,0	0,12229002681695303
660,0	0,1155973652641686
661,0	0,042930856974305175
662,0	0,12726679902847757
663,0	0,14691634135194798
664,0	0,10236146601501782
665,0	0,07158932311074297
666,0	0,11652979055468653
667,0	0,05574456684924507
668,0	0,1860251995640251
669,0	0,1996054578940743
670,0	0,23542020578038628
671,0	0,19859742664446667
672,0	0,043498033060270974
673,0	0,16715175746234606
674,0	0,15508231644303552
675,0	0,08532386847506837
676,0	0,10892356336661266
677,0	0,1135828884639418
678,0	0,061570534108612386
679,0	0,060951125068302775
680,0	0,0639031034191671
681,0	0,18900851351821724
682,0	0,15606179903233827
683,0	0,1194366647190575
684,0	0,08019962848236538
685,0	0,17673220982876545
686,0	0,07820861325650168
687,0	0,12093836945253399
688,0	0,12659785822229483
689,0	0,1310626589721663
690,0	0,06953247682127592
691,0	0,09345198625078982
692,0	0,04691388823520633
693,0	0,04248653435058011
694,0	0,06975408263120642
695,0	0,10005962010895504
696,0	0,13739149680835686
697,0	0,12796152698810792
698,0	0,10555917475225367
699,0	0,12160081362469846
700,0	0,0651028150548101
701,0	0,18270381834237706
702,0	0,08597169852566701
703,0	0,08108967744888643
704,0	0,05059818848141859
705,0	0,12294398933402714
706,0	0,13496038100696958
707,0	0,0770210522704711
708,0	0,058942434575843285
709,0	0,14989841612225227
710,0	0,26106294261362234
711,0	0,26541063385694813
712,0	0,21835367698108424
713,0	0,17313156452972084
714,0	0,16445290186639303
715,0	0,14467937280646426
716,0	0,13501851067174375
717,0	0,17647668557769855
718,0	0,14747831776555845
719,0	0,0962158756964165
720,0	0,060481606735904934
721,0	0,030909067569914513
722,0	0,14535432817329264
723,0	0,19610620673870216
724,0	0,10798785138186924
725,0	0,18821857951948193
726,0	0,29512703234031323
727,0	0,3051836825245357
728,0	0,26081719249407953
729,0	0,2726724024325728
730,0	0,24926807279422833
731,0	0,2004369050854479
732,0	0,09185538480018078
733,0	0,14981007571510563
734,0	0,14136296178210184
735,0	0,15172863107907966
736,0	0,15454144012278695
737,0	0,26287790274403255
738,0	0,14951800479938593
739,0	0,16423950733356968
740,0	0,20229096325775578
741,0	0,23375124876079237
742,0	0,17852775638195084
743,0	0,2450954886193735
744,0	0,21187233488592047
745,0	0,17141524248600784
746,0	0,22316573179389299
747,0	0,17714806392976598
748,0	0,06853741952203057
749,0	0,07823985405011714
750,0	0,058089473193163405
751,0	0,10741614956202056
752,0	0,07528675900342706
753,0	0,04010813286051182
754,0	0,15034782049182294
755,0	0,18026292341789008
756,0	0,18921665233498156
757,0	0,3068116455061781
758,0	0,2243203162748824
759,0	0,21669473805784378
760,0	0,25662680200849947
761,0	0,27547396153172915
762,0	0,3458482516673673
763,0	0,31971886946305433
764,0	0,38965303162908854
765,0	0,39646541639529786
766,0	0,3281937817534077
767,0	0,3384753908831261
768,0	0,25735487728551176
769,0	0,09864668741890942
770,0	0,1424641551994041
771,0	0,10204546733507915
772,0	0,08672357978167097
773,0	0,12923111387992212
774,0	0,07467722271713412
775,0	0,06508592894352436
776,0	0,07148270523099437
777,0	0,05625184735459716
778,0	0,1366132234014937
779,0	0,16341623155113819
780,0	0,10325325115989073
781,0	0,09392864907201229
782,0	0,020715215177509554
783,0	0,048801187568567175
784,0	0,1076962718632981
785,0	0,18115876365721886
786,0	0,1916408865058232
787,0	0,1352038654373612
788,0	0,06621922471560854
789,0	0,09229676692080346
790,0	0,05238644807280804
791,0	0,10965802789172206
792,0	0,10208937936649316
793,0	0,09903110908345449
794,0	0,1337781490074012
795,0	0,044957370900330876
796,0	0,11627924307187319
797,0	0,03553671180077445
798,0	0,07855452885973808
799,0	0,09716769756702683
800,0	0,09195865546853056
801,0	0,12713333919646458
802,0	0,04766083804429791
803,0	0,04401277127616242
804,0	0,09733066909978282
805,0	0,05263629388292872
806,0	0,0718869112963303
807,0	0,061099767714869045
808,0	0,09007685356032533
809,0	0,0712386344443208
810,0	0,0913872325991359
811,0	0,12047000010986454
812,0	0,10525097968112689
813,0	0,20836268815793255
814,0	0,1538192264442997
815,0	0,10556455065627554
816,0	0,12889201640983633
817,0	0,09015193522434765
818,0	0,10698966599327617
819,0	0,11762667968361962
820,0	0,11765294844253336
821,0	0,1257000220504058
822,0	0,06420333042603014
823,0	0,14871837918782216
824,0	0,13688334704155036
825,0	0,07374500553873854
826,0	0,03539031991574833
827,0	0,04518768082217351
828,0	0,14455346938683228
829,0	0,07685314448171308
830,0	0,2693348811881888
831,0	0,29908710644370307
832,0	0,2764648346694242
833,0	0,32214387772121006
834,0	0,29442706241771
835,0	0,2823698570519194
836,0	0,2117099785782919
837,0	0,1641349881952831
838,0	0,07011894993538036
839,0	0,03881189350252966
840,0	0,09216088071487842
841,0	0,1380389824300283
842,0	0,2318703459935079
843,0	0,3286739375017763
844,0	0,247865012288338
845,0	0,25293054981167684
846,0	0,18145667726084713
847,0	0,28193384601502897
848,0	0,33594554168335095
849,0	0,38590472325055736
850,0	0,3051545121573589
851,0	0,2992914070816345
852,0	0,20615902285687607
853,0	0,14576454842999073
854,0	0,03420104954799209
855,0	0,13685972181715636
856,0	0,16989018337838244
857,0	0,08019047569248546
858,0	0,03683129073589479
859,0	0,06948510829580751
860,0	0,07986354175839748
861,0	0,11661419853531114
862,0	0,17667405466984362
863,0	0,13229513993846345
864,0	0,13806853058238838
865,0	0,10081441414468353
866,0	0,10046491462889982
867,0	0,06908477411799079
868,0	0,13082534074688915
869,0	0,07409401503844704
870,0	0,10255718019100121
871,0	0,12636808312404563
872,0	0,17802274842096535
873,0	0,14650208896718145
874,0	0,1093059455134808
875,0	0,17551007099681995
876,0	0,15767200130371975
877,0	0,17594597545227017
878,0	0,2392008623128292
879,0	0,155269492171506
880,0	0,2198325368190332
881,0	0,12502176864184597
882,0	0,1979967805531905
883,0	0,17993736117940495
884,0	0,0924753436993495
885,0	0,10488726402224012
886,0	0,14146592795518395
887,0	0,1591899496203217
888,0	0,1420627226570198
889,0	0,005564528203771893
890,0	0,05854895601357575
891,0	0,13991276547414744
892,0	0,08237455816938681
893,0	0,16960640200461125
894,0	0,23637128482149022
895,0	0,20224081907926122
896,0	0,15702341208542508
897,0	0,0760620888246382
898,0	0,11638199045068744
899,0	0,17964277617822158
900,0	0,13054690219202947
901,0	0,06789643975408757
902,0	0,07643163547619045
903,0	0,02668871772700084
904,0	0,04008422348678981
905,0	0,1739085340240485
906,0	0,15729746335162656
907,0	0,15681988327065807
908,0	0,20855778220810628
909,0	0,19937778071630075
910,0	0,19244889524000347
911,0	0,16285557039244078
912,0	0,17825708876586502
913,0	0,15423837906680585
914,0	0,15914510249153227
915,0	0,14428234603379722
916,0	0,11176657204300225
917,0	0,10475877752509508
918,0	0,12136618341280685
919,0	0,1607137537012285
920,0	0,12009427081264809
921,0	0,05041226895471897
922,0	0,09739134936327391
923,0	0,13100130584623224
924,0	0,1533184552933716
925,0	0,16025851856716314
926,0	0,0485837925075034
927,0	0,04565250853413501
928,0	0,053903485509859135
929,0	0,0030448305479308015
930,0	0,16014249479345857
931,0	0,1945966843967006
932,0	0,028502160566045136
933,0	0,10707785345895106
934,0	0,08552299374922816
935,0	0,07574375605051652
936,0	0,08649285266251658
937,0	0,08799395422318844
938,0	0,14124986080232463
939,0	0,21846213720958166
940,0	0,22260270477635805
941,0	0,2170909998432689
942,0	0,16922691330972242
943,0	0,13969640202050612
944,0	0,11213656757467688
945,0	0,11739828696044093
946,0	0,13110051276350057
947,0	0,08235099385674408
948,0	0,049219685233236006
949,0	0,11791053671868991
950,0	0,14413128095587083
951,0	0,1429826489233913
952,0	0,23806847626948938
953,0	0,06919196825982055
954,0	0,05738218886397659
955,0	0,02766811904985496
956,0	0,057140136459496525
957,0	0,08301071181591012
958,0	0,0839027938628501
959,0	0,1787841689717208
960,0	0,0964564324529138
961,0	0,05752147456592562
962,0	0,08566208139756863
963,0	0,13368357458051636
964,0	0,145467424358814
965,0	0,21407211684303923
966,0	0,1665248954550691
967,0	0,19015585421255035
968,0	0,1467079905919064
969,0	0,15543310530746304
970,0	0,17212079048160597
971,0	0,22173347944997118
972,0	0,1850212606102599
973,0	0,20397175985426083
974,0	0,20478006304716018
975,0	0,16547696684555588
976,0	0,111912857098483
977,0	0,13177220612757753
978,0	0,08429609053825132
979,0	0,12008753254841895
980,0	0,13594050017487128
981,0	0,1224159238786144
982,0	0,06552895517411526
983,0	0,07093183528718877
984,0	0,04661086315948402
985,0	0,05721161167723651
986,0	0,1559889341392287
987,0	0,028355818498443267
988,0	0,15431007897218485
989,0	0,18221837645653383
990,0	0,26228188214111375
991,0	0,2506322468006037
992,0	0,20066025802758725
993,0	0,12972857779894353
994,0	0,04464294462609999
995,0	0,08750591351145887
996,0	0,11012810797417912
997,0	0,03146758701092313
998,0	0,03640232253256492
999,0	0,15870996066554255
1000,0	0,08480656363121845
1001,0	0,21948755069318113
1002,0	0,2613659939093742
1003,0	0,11058147083763098
1004,0	0,1736990894182947
1005,0	0,18049763951693093
1006,0	0,15351226226682002
1007,0	0,14854873603855281
1008,0	0,05342298050336842
1009,0	0,04382070674325186
1010,0	0,06316508090505081
1011,0	0,11316008570589155
1012,0	0,13816896653683036
1013,0	0,10163611399288455
1014,0	0,06560763287769225
1015,0	0,02164836347659975
1016,0	0,13033273871881854
1017,0	0,16686042835689613
1018,0	0,14418168394570516
1019,0	0,14133508793941363
1020,0	0,0801781875667218
1021,0	0,06970087280893734
1022,0	0,14287680866041771
1023,0	0,16853403799830674
1024,0	0,17241807099290024
1025,0	0,10747180382291138
1026,0	0,15194683184199517
1027,0	0,23164213313348417
1028,0	0,2553103689289348
1029,0	0,3124276531511762
1030,0	0,30750656101791757
1031,0	0,3295005513684182
1032,0	0,2693768038012669
1033,0	0,2874328932836319
1034,0	0,2616643845334478
1035,0	0,1708188143429418
1036,0	0,1321151656316494
1037,0	0,1978424989101356
1038,0	0,13707578852238597
1039,0	0,1706434016335944
1040,0	0,14682682975137806
1041,0	0,07285625994645964
1042,0	0,061941993185982626
1043,0	0,15181841687064923
1044,0	0,08962870213590628
1045,0	0,13196262491546598
1046,0	0,17946193991351717
1047,0	0,14988119806024522
1048,0	0,18794003794904743
1049,0	0,07868607264186574
1050,0	0,031896937926384226
1051,0	0,08265243464492562
1052,0	0,08767429093194538
1053,0	0,042686418764139464
1054,0	0,10502399241676755
1055,0	0,15720743956134983
1056,0	0,05082573127435553
1057,0	0,19439265794214383
1058,0	0,0630488442848026
1059,0	0,04981340201144868
1060,0	0,027948398437732835
1061,0	0,10934811615301208
1062,0	0,11118652629511414
1063,0	0,04707603924385946
1064,0	0,0740263473295594
1065,0	0,07682607230495685
1066,0	0,061514580058680816
1067,0	0,09195317383445206
1068,0	0,10794310570415636
1069,0	0,12333457613291796
1070,0	0,11086201655603692
1071,0	0,0375443253078046
1072,0	0,07616900428020822
1073,0	0,194742813024797
1074,0	0,22055419271643648
1075,0	0,13338001963403615
1076,0	0,12154342428613465
1077,0	0,07265140149087825
1078,0	0,20367381242785726
1079,0	0,1253900403046037
1080,0	0,12369343253475369
1081,0	0,13568777907472798
1082,0	0,11265095926730567
1083,0	0,12804260304549128
1084,0	0,06326703193849285
1085,0	0,16138929990497963
1086,0	0,30344876046326286
1087,0	0,28748731613162126
1088,0	0,2580494890580603
1089,0	0,1068441718259174
1090,0	0,2218694102594875
1091,0	0,16941332998894054
1092,0	0,18197040624655317
1093,0	0,20992837827181327
1094,0	0,12817899666044505
1095,0	0,03010494701137551
1096,0	0,11594228811151473
1097,0	0,07017250874316898
1098,0	0,04186824813666391
1099,0	0,07985159331193956
1100,0	0,15305461440219367
1101,0	0,018268858161335878
1102,0	0,08703002582782403
1103,0	0,11540508141590652
1104,0	0,12583326693110938
1105,0	0,03198326838905006
1106,0	0,018618853952749384
1107,0	0,11833262324634242
1108,0	0,10830233223819313
1109,0	0,15656194951968436
1110,0	0,10389982345422788
1111,0	0,059637711753462684
1112,0	0,10348015090712671
1113,0	0,12633603547689212
1114,0	0,09766431848165626
1115,0	0,09517337184378438
1116,0	0,07874909387021527
1117,0	0,11473019824644791
1118,0	0,14427621794480824
1119,0	0,1927848603441905
1120,0	0,24667556371488608
1121,0	0,236832539171723
1122,0	0,14565211575600717
1123,0	0,046563018445173944
1124,0	0,06202762567043832
1125,0	0,07540572318718748
1126,0	0,07740015193033338
1127,0	0,13520530317275997
1128,0	0,10408555843394471
1129,0	0,1668907200555229
1130,0	0,148514511870029
1131,0	0,22132196271308852
1132,0	0,18514905697551395
1133,0	0,1471159307624018
1134,0	0,1073448399082119
1135,0	0,15762905802496177
1136,0	0,15839279234459142
1137,0	0,058689008134151475
1138,0	0,08065852734676805
1139,0	0,12081780360351616
1140,0	0,0421018168044423
1141,0	0,11369962125757174
1142,0	0,17806941311418278
1143,0	0,10053914262125982
1144,0	0,016966405506838474
1145,0	0,10645213371182648
1146,0	0,13724651185910644
1147,0	0,09360268098594408
1148,0	0,03227725336574015
1149,0	0,06225631011901049
1150,0	0,04382035088982049
1151,0	0,04260944193097638
1152,0	0,23388909357869145
1153,0	0,20218840671110924
1154,0	0,20742190464321317
1155,0	0,20847652461372204
1156,0	0,22468462389194185
1157,0	0,09132528776585042
1158,0	0,06846354095156858
1159,0	0,18856597043270507
1160,0	0,1562999621037872
1161,0	0,19879171803499984
1162,0	0,29630298781742714
1163,0	0,23247848063575213
1164,0	0,22883308502838476
1165,0	0,21054291957352647
1166,0	0,12169553667327734
1167,0	0,09725997217027862
1168,0	0,10674143234919874
1169,0	0,11500303727092705
1170,0	0,05158673436012203
1171,0	0,029637861266879232
1172,0	0,06174650217978458
1173,0	0,15682949326441598
1174,0	0,10201490015655691
1175,0	0,07718113431426911
1176,0	0,12085450273308133
1177,0	0,2529465412596012
1178,0	0,2791338009659744
1179,0	0,2909611338167338
1180,0	0,19607292937694418
1181,0	0,23981396112796366
1182,0	0,2812668067197326
1183,0	0,2287584888604623
1184,0	0,2439888887453863
1185,0	0,34541693417016534
1186,0	0,27805907842725053
1187,0	0,1586388856312795
1188,0	0,11647037537875665
1189,0	0,10440105054866054
1190,0	0,16091643706299694
1191,0	0,11754898839878457
1192,0	0,23281692629358577
1193,0	0,12371315429487931
1194,0	0,12805589243854082
1195,0	0,0970957716531686
1196,0	0,03861152755839596
1197,0	0,08989165625846136
1198,0	0,08793301700397368
1199,0	0,07514484068438738
1200,0	0,1674987046189761
1201,0	0,1808555985407215
1202,0	0,17780040922877674
1203,0	0,12825038752733525
1204,0	0,0665449017538692
1205,0	0,15221490783181388
1206,0	0,052061127451960836
1207,0	0,12776937501229416
1208,0	0,06755524873445101
1209,0	0,08550935882613007
1210,0	0,1253134736549898
1211,0	0,1428614340322045
1212,0	0,154012674978989
1213,0	0,18833347142021478
1214,0	0,14246597266516106
1215,0	0,15444015668499547
1216,0	0,20443623813768289
1217,0	0,19512181006993867
1218,0	0,1338960106976673
1219,0	0,028114090912207783
1220,0	0,09158627837762136
1221,0	0,1557558786447087
1222,0	0,0574842484058786
1223,0	0,07594442935979
1224,0	0,15652168082711046
1225,0	0,22465167864601682
1226,0	0,024153029920326148
1227,0	0,043277206142699205
1228,0	0,0470282098332905
1229,0	0,12559937823861184
1230,0	0,025494389988989802
1231,0	0,09692706744467447
1232,0	0,10576612654654667
1233,0	0,05308443658057692
1234,0	0,26550553584182235
1235,0	0,13134034273168754
1236,0	0,09464685684848036
1237,0	0,13510005011893664
1238,0	0,08889157117717346
1239,0	0,13101423419743638
1240,0	0,16859564597964224
1241,0	0,08473623823454486
1242,0	0,04084428028444831
1243,0	0,08812095787905166
1244,0	0,10766518987533528
1245,0	0,12130562470767638
1246,0	0,07353213707690344
1247,0	0,29002152744504794
1248,0	0,2126576590956322
1249,0	0,12358924640885746
1250,0	0,20365411192730995
1251,0	0,2019874953997397
1252,0	0,12145272835349
1253,0	0,06903455145309731
1254,0	0,08940690057895187
1255,0	0,08860773422507869
1256,0	0,07997138696568783
1257,0	0,04547986760625525
1258,0	0,10397964789479644
1259,0	0,07065234551312048
1260,0	0,06736206815820485
1261,0	0,11928823811448559
1262,0	0,14312403257784914
1263,0	0,1819270307201096
1264,0	0,19410418888831554
1265,0	0,14673140227726877
1266,0	0,1299920541805832
1267,0	0,062132482137524134
1268,0	0,13478392900208175
1269,0	0,08495646350568614
1270,0	0,09644005578964063
1271,0	0,16878718423214573
1272,0	0,1701347952980096
1273,0	0,15553988569220795
1274,0	0,14592411177406345
1275,0	0,15548178101691235
1276,0	0,129403950830142
1277,0	0,16583948104289903
1278,0	0,19441103383672032
1279,0	0,136068001767959
1280,0	0,13607856083824302
1281,0	0,24496278051710033
1282,0	0,13659763243113918
1283,0	0,24358869800792346
1284,0	0,2334852447050912
1285,0	0,11246162421619117
1286,0	0,24742432810003984
1287,0	0,2768843061503846
1288,0	0,27511083655070406
1289,0	0,11675886439616316
1290,0	0,22077590473097944
1291,0	0,21878637975654203
1292,0	0,18740552605572258
1293,0	0,14524651279605572
1294,0	0,13085220494826186
1295,0	0,06827841275438709
1296,0	0,1227344244549606
1297,0	0,1863579827159265
1298,0	0,20301155422544986
1299,0	0,1715150290706677
1300,0	0,17277212645914267
1301,0	0,09685166057785219
1302,0	0,1409908823447055
1303,0	0,09048881381286154
1304,0	0,07279970339696894
1305,0	0,17237379751617043
1306,0	0,1415410653395264
1307,0	0,08283352359569048
1308,0	0,05729327517571108
1309,0	0,1491785421020457
1310,0	0,1110923790127099
1311,0	0,11280993185660221
1312,0	0,06036880324097657
1313,0	0,1810799291383358
1314,0	0,2238724407791948
1315,0	0,15358342575349593
1316,0	0,12270834756188435
1317,0	0,14893241270832178
1318,0	0,08277136906344554
1319,0	0,09082669031347623
1320,0	0,13638784666915493
1321,0	0,06272925770068216
1322,0	0,14687919090981932
1323,0	0,2653146473190939
1324,0	0,24336695513576925
1325,0	0,20370175465880172
1326,0	0,25533683452314715
1327,0	0,16081694519957024
1328,0	0,12618503396585887
1329,0	0,1458546352639418
1330,0	0,08769573217993677
1331,0	0,06300301882411953
1332,0	0,11320411384350608
1333,0	0,06869870584513933
1334,0	0,023477022466061055
1335,0	0,014232854261273058
1336,0	0,02428245914981696
1337,0	0,00762295132106064
1338,0	0,03333304868190163
1339,0	0,023809212730793904
1340,0	0,0920873347422822
1341,0	0,06490583499935855
1342,0	0,10984072477575212
1343,0	0,05944440085840284
1344,0	0,04355149911997072
1345,0	0,09165700073013397
1346,0	0,13152917906167516
1347,0	0,07846591438936347
1348,0	0,1308475166782178
1349,0	0,12425718620461539
1350,0	0,19295528064758743
1351,0	0,10356654861597661
1352,0	0,06988302354299931
1353,0	0,04291316443126137
1354,0	0,06330318782725905
1355,0	0,060883426567936404
1356,0	0,0961291701428105
1357,0	0,21282446868897928
1358,0	0,2027921952144259
1359,0	0,1227784042248617
1360,0	0,18980617082308388
1361,0	0,27477030767386973
1362,0	0,05950418782401591
1363,0	0,06228220300031249
1364,0	0,19547821480652916
1365,0	0,06987283902761907
1366,0	0,10668120739716024
1367,0	0,032730377851170715
1368,0	0,026547790885453202
1369,0	0,14946162507109895
1370,0	0,168458213884453
1371,0	0,155346861565056
1372,0	0,028365855530837866
1373,0	0,030629938313637004
1374,0	0,18635634448599248
1375,0	0,12007365021585682
1376,0	0,11739738807562744
1377,0	0,15994461596903317
1378,0	0,20669241524180257
1379,0	0,12282308733065124
1380,0	0,05549335245461307
1381,0	0,1391464186851012
1382,0	0,11447306914619142
1383,0	0,043891722276342984
1384,0	0,1394703016647412
1385,0	0,07559041511264107
1386,0	0,030676181230065106
1387,0	0,11472667221401749
1388,0	0,035103945274779676
1389,0	0,12167429444922874
1390,0	0,09732875863500774
1391,0	0,08072632352274757
1392,0	0,09447064000933371
1393,0	0,05183495622292088
1394,0	0,15887003804672417
1395,0	0,01259949260853235
1396,0	0,14896109711665895
1397,0	0,25487495658792375
1398,0	0,3330246828307118
1399,0	0,3315494696518203
1400,0	0,23782367866014562
1401,0	0,22588450500172844
1402,0	0,2821402179794258
1403,0	0,31839251459065177
1404,0	0,18990445671742423
1405,0	0,24783032143868527
1406,0	0,2201804666214731
1407,0	0,21706567669342497
1408,0	0,05490154272903815
1409,0	0,02605919740235541
1410,0	0,062166877182739624
1411,0	0,10867089807142362
1412,0	0,09382386669098822
1413,0	0,10034918475360234
1414,0	0,24228513554968079
1415,0	0,11809698715927758
1416,0	0,1123304646425269
1417,0	0,111245793594172
1418,0	0,056908318691483335
1419,0	0,02460647700315634
1420,0	0,2361765422816163
1421,0	0,19131005008535237
1422,0	0,20243186552828438
1423,0	0,22675600766182613
1424,0	0,1335416701979416
1425,0	0,17895008916308058
1426,0	0,2023517868615645
1427,0	0,19698872653584082
1428,0	0,09569418106691399
1429,0	0,25541698193987666
1430,0	0,22812034955865151
1431,0	0,25812127397255613
1432,0	0,20478893477247695
1433,0	0,23702439023680422
1434,0	0,2148936015191626
1435,0	0,20403270837237708
1436,0	0,19308316739205472
1437,0	0,05994242101137588
1438,0	0,0713495524268611
1439,0	0,0694538670504732
1440,0	0,09725964079158408
1441,0	0,036886014060368955
1442,0	0,10128364962876672
1443,0	0,10499473811003669
1444,0	0,13003084688414193
1445,0	0,17634876723373924
1446,0	0,15299798786962093
1447,0	0,21394752019764804
1448,0	0,12365276117611983
1449,0	0,08808127777729395
1450,0	0,09428042258034224
1451,0	0,0484364317497531
1452,0	0,10303570782857115
1453,0	0,1494526892279934
1454,0	0,13878651144442694
1455,0	0,17778634167734084
1456,0	0,18166048614441813
1457,0	0,2862780644575284
1458,0	0,1999360503945096
1459,0	0,18308634912854663
1460,0	0,11618269288451147
1461,0	0,08682903086159922
1462,0	0,08085426653495263
1463,0	0,12436231149515707
1464,0	0,05425173552953648
1465,0	0,02067434363828583
1466,0	0,10658495692972861
1467,0	0,03946137782488097
1468,0	0,09647554350381657
1469,0	0,059822143811666145
1470,0	0,17218315819690183
1471,0	0,07660144115394783
1472,0	0,1302845868349332
1473,0	0,0727440557179169
1474,0	0,14460691903513231
1475,0	0,1640222165229263
1476,0	0,06511057334220954
1477,0	0,1307134998769189
1478,0	0,12069366323223586
1479,0	0,08698501357604724
1480,0	0,06392617226824925
1481,0	0,07242507373922202
1482,0	0,18968806080082407
1483,0	0,14514135686570498
1484,0	0,10728879008370752
1485,0	0,104251892311968
1486,0	0,09206597057901211
1487,0	0,214807663885077
1488,0	0,13458276695982044
1489,0	0,005852630964889802
1490,0	0,10816379630789344
1491,0	0,1265389514516981
1492,0	0,04495376203402047
1493,0	0,15492177198853457
1494,0	0,10547960462134041
1495,0	0,1959309483993073
1496,0	0,16420708778964763
1497,0	0,09312043008283453
1498,0	0,03818858040975293
1499,0	0,07700149678664417
1500,0	0,23819963341144682
1501,0	0,03818459493788083
1502,0	0,1987182298486572
1503,0	0,15231845829538673
1504,0	0,12755424241760308
1505,0	0,16010506507240757
1506,0	0,14042981913715502
1507,0	0,04247404733169649
1508,0	0,06762095722004192
1509,0	0,178654731303622
1510,0	0,06856246103500382
1511,0	0,10782348301728725
1512,0	0,15762329174567563
1513,0	0,15163172010277265
1514,0	0,12158780964905311
1515,0	0,1903947453659474
1516,0	0,1847938207564767
1517,0	0,1714366173459133
1518,0	0,11964019279133196
1519,0	0,05725791704694875
1520,0	0,040660030192302986
1521,0	0,08270730054081131
1522,0	0,05756186378235255
1523,0	0,09839337126175395
1524,0	0,04312706417253149
1525,0	0,08195258852495836
1526,0	0,09319367504635494
1527,0	0,1514465862274609
1528,0	0,17210322871084077
1529,0	0,29532356518934555
1530,0	0,15953329817880932
1531,0	0,06316346406755012
1532,0	0,17041162910816093
1533,0	0,10697820300300329
1534,0	0,07847400744301454
1535,0	0,13551418355642592
1536,0	0,08770613829494203
1537,0	0,15070739497710486
1538,0	0,07124629533800361
1539,0	0,09769671340308575
1540,0	0,24863449368038612
1541,0	0,2072882090509414
1542,0	0,19601323346069524
1543,0	0,1753700426764361
1544,0	0,21173373145584898
1545,0	0,2392627360292035
1546,0	0,07781356692293957
1547,0	0,1801806188162792
1548,0	0,17441516899504192
1549,0	0,07237998755603402
1550,0	0,13358206815750837
1551,0	0,18448082479168376
1552,0	0,12061727334020794
1553,0	0,0744391469140208
1554,0	0,11334612974890473
1555,0	0,1205017822395953
1556,0	0,06356578765577534
1557,0	0,0586476896330483
1558,0	0,15992615434504992
1559,0	0,11173130638496452
1560,0	0,17529726057275496
1561,0	0,07220317139140978
1562,0	0,10309058116917633
1563,0	0,09831945618630027
1564,0	0,19265931005321138
1565,0	0,2343803164327717
1566,0	0,21033505574504202
1567,0	0,1263998784015971
1568,0	0,08825382832206885
1569,0	0,24871083548237527
1570,0	0,05508807868753734
1571,0	0,12443739814155255
1572,0	0,1360281470156613
1573,0	0,18121673186251028
1574,0	0,12878711306000626
1575,0	0,1573572530253718
1576,0	0,055015475455164935
1577,0	0,09137620434600319
1578,0	0,07012281032802271
1579,0	0,12635898188274844
1580,0	0,08739497979425562
1581,0	0,11505201994520996
1582,0	0,15017479954215066
1583,0	0,10751184699777026
1584,0	0,08580783397675382
1585,0	0,058965069937621635
1586,0	0,05355960263884743
1587,0	0,07703436295773962
1588,0	0,10280224900974953
1589,0	0,09902739298196815
1590,0	0,08753087691048803
1591,0	0,13872367934777557
1592,0	0,12371339472032787
1593,0	0,1334630025344571
1594,0	0,12971106513767777
1595,0	0,11932918279986916
1596,0	0,10541073356552529
1597,0	0,01630264430263997
1598,0	0,06502620575819025
1599,0	0,035594364105326994
1600,0	0,10747763268699337
1601,0	0,2251536807927555
1602,0	0,18638598503007495
1603,0	0,13543496277108807
1604,0	0,1732825120103208
1605,0	0,2717417797435361
1606,0	0,24354916493339143
1607,0	0,3032140786527006
1608,0	0,22476672037304793
1609,0	0,16882362043585017
1610,0	0,07326707044254029
1611,0	0,06181271971415648
1612,0	0,08375685097604522
1613,0	0,08562226025631202
1614,0	0,11666707268071361
1615,0	0,09506853214874242
1616,0	0,03722212100249757
1617,0	0,11671952979615145
1618,0	0,11069060627078169
1619,0	0,17738497517382776
1620,0	0,17879600163195844
1621,0	0,13723381530694215
1622,0	0,31471391570970864
1623,0	0,22225883442973332
1624,0	0,19500122445764248
1625,0	0,27042410668160505
1626,0	0,20128088556725873
1627,0	0,24851258964285036
1628,0	0,18677022874520496
1629,0	0,26746840835304897
1630,0	0,1937315926987804
1631,0	0,10948377209594767
1632,0	0,14313297929107743
1633,0	0,16672410702251508
1634,0	0,10971491724737507
1635,0	0,12478376615517833
1636,0	0,06735824468591604
1637,0	0,06077509213147741
1638,0	0,045215194833781426
1639,0	0,06734144091976062
1640,0	0,1247018372721773
1641,0	0,17304910566911552
1642,0	0,21317198129095935
1643,0	0,0716885290842216
1644,0	0,0941001466310102
1645,0	0,04905432717654342
1646,0	0,06817820985731018
1647,0	0,06156751392822071
1648,0	0,07245512219625772
1649,0	0,04557960377756857
1650,0	0,07468147467115618
1651,0	0,10598992361326234
1652,0	0,06334901145016227
1653,0	0,1221756748991346
1654,0	0,0165086144165624
1655,0	0,11727930643899194
1656,0	0,12836402273600458
1657,0	0,15793493377533274
1658,0	0,15852452239407244
1659,0	0,17927097550993873
1660,0	0,23031077708800746
1661,0	0,2272158470747864
1662,0	0,18068392354439958
1663,0	0,22019470190524523
1664,0	0,1398031197659607
1665,0	0,19532601420128126
1666,0	0,16605775703409298
1667,0	0,10458637266448395
1668,0	0,06561196708173478
1669,0	0,03845172239169153
1670,0	0,07325829281666936
1671,0	0,02701186213551878
1672,0	0,05672901835336737
1673,0	0,11876498414042795
1674,0	0,10669543622665724
1675,0	0,05107870301055586
1676,0	0,05261847204368277
1677,0	0,12613486537066196
1678,0	0,19607606069852207
1679,0	0,1845716558937954
1680,0	0,09467416328753157
1681,0	0,03500367210149995
1682,0	0,06323013315710536
1683,0	0,09470084380050475
1684,0	0,04541362325162705
1685,0	0,0754457619200408
1686,0	0,22794865159831632
1687,0	0,26900508187828803
1688,0	0,16120929992952968
1689,0	0,165872933443749
1690,0	0,1952436972545529
1691,0	0,11835375774827657
1692,0	0,09654441579192931
1693,0	0,1635003456113431
1694,0	0,0817748811365964
1695,0	0,21807014900459742
1696,0	0,2345180638424012
1697,0	0,21024028471908807
1698,0	0,267067432729925
1699,0	0,2305747755758398
1700,0	0,12335110430156669
1701,0	0,1520571568471865
1702,0	0,07914893434744394
1703,0	0,1730948846491685
1704,0	0,12801080285221791
1705,0	0,1666511673499314
1706,0	0,22073853762654985
1707,0	0,19379019259359712
1708,0	0,23661286667601125
1709,0	0,17225363140042704
1710,0	0,18420494582033786
1711,0	0,2106156911566249
1712,0	0,23648608655025685
1713,0	0,18384695354500782
1714,0	0,1198200480056467
1715,0	0,08139458200908568
1716,0	0,06252324679839821
1717,0	0,1338261682838154
1718,0	0,05222342012482455
1719,0	0,0509116677622488
1720,0	0,08398582225817221
1721,0	0,10191540567251153
1722,0	0,07721992234425695
1723,0	0,08549187060412046
1724,0	0,1390763001806346
1725,0	0,20738830914784104
1726,0	0,23792945988342665
1727,0	0,1634996726338114
1728,0	0,11055671181077122
1729,0	0,06729879862865369
1730,0	0,23205561908299333
1731,0	0,2596689859868385
1732,0	0,20846768812434927
1733,0	0,24896671180447683
1734,0	0,18979921071413627
1735,0	0,06665619458383741
1736,0	0,03746469343019291
1737,0	0,09898768256831302
1738,0	0,14828749464174637
1739,0	0,08986857880714295
1740,0	0,10750566733970783
1741,0	0,07263639090331288
1742,0	0,09706301906553642
1743,0	0,0250433015946687
1744,0	0,1092452823808054
1745,0	0,11977111834897435
1746,0	0,12117155526208807
1747,0	0,13967301927567996
1748,0	0,07565328200419572
1749,0	0,04090446287400869
1750,0	0,10032690702614058
1751,0	0,25508124484383016
1752,0	0,17035140685961334
1753,0	0,12171192111171042
1754,0	0,040406631649500445
1755,0	0,10364809766574858
1756,0	0,11824643361738567
1757,0	0,0367714473522633
1758,0	0,1059215263625353
1759,0	0,08520845949485953
1760,0	0,051441279641593514
1761,0	0,12810693393301456
1762,0	0,10629658055582632
1763,0	0,15690987419263644
1764,0	0,16556533547116734
1765,0	0,06283319576478799
1766,0	0,11943972034134047
1767,0	0,04118002727576679
1768,0	0,06669513805229627
1769,0	0,1733395811868857
1770,0	0,06578222179520286
1771,0	0,010825494149672897
1772,0	0,158289344784206
1773,0	0,14643517126449382
1774,0	0,13016550116215947
1775,0	0,16113507502172142
1776,0	0,0795678701294045
1777,0	0,05891334864479698
1778,0	0,04994867237334348
1779,0	0,1263093416276448
1780,0	0,06988795798815908
1781,0	0,26112026618160156
1782,0	0,14240760225029192
1783,0	0,11940529742767422
1784,0	0,07298929306372412
1785,0	0,17633586577489288
1786,0	0,19962611780345763
1787,0	0,13611557948287734
1788,0	0,10694075997018852
1789,0	0,032200897852856826
1790,0	0,09541986193973065
1791,0	0,11156175677062301
1792,0	0,1188617498668012
1793,0	0,17604786308676493
1794,0	0,13624107921316317
1795,0	0,10905853031833178
1796,0	0,184467467147944
1797,0	0,15804231301900712
1798,0	0,18998857788252882
1799,0	0,12682719764223255
1800,0	0,11236952481892835
1801,0	0,12893674593967258
1802,0	0,1755310896244116
1803,0	0,21678197269206317
1804,0	0,160961691160251
1805,0	0,10761242616403205
1806,0	0,06747251652073308
1807,0	0,04224772141840879
1808,0	0,10988341418754399
1809,0	0,1044732403148936
1810,0	0,023693851133936815
1811,0	0,06988037359429425
1812,0	0,08924280318169059
1813,0	0,12549624262762918
1814,0	0,14288273050812134
1815,0	0,10612814734967888
1816,0	0,19446885266705047
1817,0	0,17255502651235383
1818,0	0,14089123008236884
1819,0	0,13540665564500223
1820,0	0,07897437816459481
1821,0	0,21566641100937758
1822,0	0,11649020549767798
1823,0	0,14074940888664456
1824,0	0,19510666240227378
1825,0	0,26396273467987985
1826,0	0,20848103167350948
1827,0	0,20054918618584408
1828,0	0,07727075434738927
1829,0	0,030405157181697326
1830,0	0,07501300026290285
1831,0	0,05683850970931347
1832,0	0,08389814388290476
1833,0	0,08309117047651213
1834,0	0,14802459670999674
1835,0	0,22781613561464534
1836,0	0,19863638424927815
1837,0	0,116208015202414
1838,0	0,14440695497685635
1839,0	0,20832948215292113
1840,0	0,29440908843358266
1841,0	0,1891340403380192
1842,0	0,20790971312903653
1843,0	0,15513288533404562
1844,0	0,00847451804073177
1845,0	0,08597534869753677
1846,0	0,15686723027333419
1847,0	0,12115656466842749
1848,0	0,11913638590025215
1849,0	0,1834345014987415
1850,0	0,2402567192994524
1851,0	0,26300034747280754
1852,0	0,29773249095046034
1853,0	0,2744581243119803
1854,0	0,16444216305757153
1855,0	0,14193068788122973
1856,0	0,1486535653413285
1857,0	0,16675427582038982
1858,0	0,1426073321385867
1859,0	0,1255993532094851
1860,0	0,26836574736934793
1861,0	0,20862389862315345
1862,0	0,20943723792669955
1863,0	0,2201244029663497
1864,0	0,2671816826607941
1865,0	0,2968944829232621
1866,0	0,23127440706312913
1867,0	0,1202432592054229
1868,0	0,04016594100693457
1869,0	0,025796049075752357
1870,0	0,11700359854392799
1871,0	0,14131100729258048
1872,0	0,19211721688816358
1873,0	0,1914753046204062
1874,0	0,19244598118318693
1875,0	0,22600153692816619
1876,0	0,18447533325645976
1877,0	0,2839861842409547
1878,0	0,12695873150955228
1879,0	0,14115773644795382
1880,0	0,06975076754213823
1881,0	0,11908476099497257
1882,0	0,20778544554533013
1883,0	0,12468650879826514
1884,0	0,11578658890334695
1885,0	0,20886328042321106
1886,0	0,23247068999324388
1887,0	0,29226696475667413
1888,0	0,3837885528248036
1889,0	0,16301503606607792
1890,0	0,11530684141970883
1891,0	0,09597434667483942
1892,0	0,07768516466653336
1893,0	0,08158832954519245
1894,0	0,11526521508076032
1895,0	0,10899380207611989
1896,0	0,13202882731149704
1897,0	0,15673254669507397
1898,0	0,15844115655854488
1899,0	0,18039008920786995
1900,0	0,23514154510890808
1901,0	0,25680221247058976
1902,0	0,2696999165708421
1903,0	0,2652687440830241
1904,0	0,23610237005613352
1905,0	0,16223925385354185
1906,0	0,07897508826390554
1907,0	0,015489720369835246
1908,0	0,13267164094756284
1909,0	0,17247696139769614
1910,0	0,09013238124994365
1911,0	0,026779331509220995
1912,0	0,06264394324306144
1913,0	0,11658941338749892
1914,0	0,1478378774004513
1915,0	0,16018107431882
1916,0	0,19557346515104568
1917,0	0,05071296063127366
1918,0	0,11348314758309469
1919,0	0,06459174193371467
1920,0	0,11688452415539399
1921,0	0,18454777723637417
1922,0	0,14234961726842324
1923,0	0,08925434445830129
1924,0	0,17939541198032227
1925,0	0,04362921984603822
1926,0	0,059714639433808316
1927,0	0,13214958829868093
1928,0	0,06907711626769222
1929,0	0,08611658114440345
1930,0	0,15838071304334622
1931,0	0,09816764845018065
1932,0	0,04077097020965525
1933,0	0,09520595595697282
1934,0	0,10724737352013168
1935,0	0,02353725892575724
1936,0	0,08999483777883616
1937,0	0,1436948773580587
1938,0	0,12318897882861125
1939,0	0,129722071181238
1940,0	0,16778563792139337
1941,0	0,20053985985907408
1942,0	0,1408641961373241
1943,0	0,1454110959990658
1944,0	0,26208268893470543
1945,0	0,15229879684542244
1946,0	0,1801809778642566
1947,0	0,09409485308275506
1948,0	0,033104341540981234
1949,0	0,06863988102496407
1950,0	0,031209585462289514
1951,0	0,004569923224620028
1952,0	0,15436612585484033
1953,0	0,0934892670530761
1954,0	0,07697642342797134
1955,0	0,09086217993150172
1956,0	0,0688924987545306
1957,0	0,10062818673918207
1958,0	0,1834958533410425
1959,0	0,13120524846018383
1960,0	0,1896579039539347
1961,0	0,24115014586547104
1962,0	0,2106231302889748
1963,0	0,0661415023552794
1964,0	0,09588897684211238
1965,0	0,16466498108970604
1966,0	0,20716286314070037
1967,0	0,1470119886121825
1968,0	0,054390325774001456
1969,0	0,14733439187733577
1970,0	0,10241825287122278
1971,0	0,11520338104438496
1972,0	0,06304533336341514
1973,0	0,12923065099488332
1974,0	0,10031887949953894
1975,0	0,18341586525444473
1976,0	0,28757698843283325
1977,0	0,2667683437458168
1978,0	0,21180383664465507
1979,0	0,1295285388307579
1980,0	0,1604670155725601
1981,0	0,0572132968044584
1982,0	0,11490183359036216
1983,0	0,11990335897362604
1984,0	0,047549993229724564
1985,0	0,011995440028370264
1986,0	0,03163058311895398
1987,0	0,054169306844258885
1988,0	0,09746920760910407
1989,0	0,041781819858722966
1990,0	0,11258164227996874
1991,0	0,11491789255256112
1992,0	0,03631331985585021
1993,0	0,13320496375681629
1994,0	0,033639261467957
1995,0	0,0717227885785195
1996,0	0,01969291452483548
1997,0	0,17367911380619122
1998,0	0,11474651668490163
1999,0	0,09686161989384415
2000,0	0,06931724154216935
