N: L: 	Density:Noise: 4,6
Time	 Va	
0,12636195655239296
0,08830256243300487
0,10486576761978898
0,12007753217093807
0,1419396126292835
0,0983356466117301
0,04676894431067025
0,13676785697200483
0,1033261227733533
0,18279419991135806
0,05120747784478762
0,06659065988982642
0,07006100862578957
0,05721559803487188
0,10783542592101497
0,094952413830522
0,13205860578903925
0,10867349388241888
0,022406619141204773
0,1433879959759486
0,179348710531875
0,05890983487132515
0,05277509034455046
0,1048507296326096
0,0880761477394679
0,029540964907922948
0,15423916707258575
0,17534577654834896
0,08491252772865816
0,046012223590728915
0,05842993638145435
0,0825830120115787
0,09307031299274805
0,02304417890810467
0,011551834884495588
0,13326729397277268
0,1787657361671536
0,05672847543551001
0,08324341371937494
0,10963958793058463
0,13322714061821914
0,040690797134895915
0,04535744256120674
0,033363008628326446
0,10101681520704774
0,12004126196277112
0,12991739929378715
0,09229759665177381
0,06861951353033695
0,1630391645238351
0,12946895886927318
0,13787242899318128
0,037456773832772496
0,13426721865193456
0,1381035081355056
0,05310689176790164
0,06340779675819018
0,09107637393468737
0,0735030122528659
0,13632077676591328
0,11030083551259924
0,19468343818307815
0,12360698820279235
0,1006688279257676
0,060675241811683794
0,020671116191381653
0,05746408147957963
0,034536205784393204
0,09741390117378548
0,16572804934608792
0,11217926875348398
0,010182555304790501
0,09799496979544099
0,10211927126394557
0,15579516978045763
0,15508023338976445
0,015531758304046722
0,03109354133589442
0,03384478969732144
0,07389585023666452
0,19473153000029153
0,05370526609661574
0,08624226152964722
0,07438778150337359
0,15534317184951255
0,09361518413501067
0,11201332528177456
0,0777734774268211
0,11396619044607521
0,16649376138437963
0,10018135606626198
0,06805608493446527
0,12699232298925506
0,10574096661638914
0,044845405628865215
0,1779373722093415
0,042590799589686035
0,04152765170564151
0,1081719287228986
0,041901206112684795
0,21439500903451528
0,17730099087239246
0,046828701184995575
0,0503725980081686
0,06830071705328694
0,07353074982953169
0,14098157133204006
0,15493985850690434
0,1618585464222431
0,08946524668381571
0,04370705774985304
0,09226150330557929
0,03764222757964944
0,05360530817399599
0,1354092216384075
0,10327459599971055
0,030681864476197133
0,017401012474251965
0,045400985825864715
0,12855702565205507
0,11220333177123337
0,2219210185971457
0,10624965672261046
0,10439648777459931
0,10309464461218949
0,07351211836477305
0,18552476020025255
0,12116684314845583
0,20184554259789875
0,055438638320676845
0,0159601701275672
0,07409127558669339
0,1172409526027821
0,08329855021295152
0,06839762087137752
0,07431955632543152
0,0352505072841947
0,1277830005612157
0,10960823401446826
0,15719784873038958
0,08323568353231721
0,048729284651635056
0,11641477406600385
0,08977106510683351
0,14077250826727986
0,026441951347238143
0,04529226445849103
0,2033900902894666
0,10544047970283318
0,11969945544391984
0,08413631774323214
0,09520422476276783
0,08598627071277165
0,1101816491170437
0,08153030269003164
0,06655254678750565
0,11597716276596076
0,18447406403189837
0,12163423591256448
0,07220598861939556
0,20408776888649044
0,06436715537657131
0,07963860984396857
0,11154704028241326
0,12825388232045593
0,04075341534153343
0,14212259822955192
0,20919560547906527
0,051609521158289394
0,1772261707865696
0,14897941909363538
0,08318478888255466
0,08719511141489879
0,003548231104417645
0,04274126491472236
0,07494797754245036
0,054247324826505156
0,013566937041285247
0,11986886026223867
0,05855961726007576
0,03872325607155188
0,0943210970012876
0,030349869063958736
0,1768652629479053
0,13893692849493336
0,09227254013856158
0,03095614877916553
0,054610420782971375
0,06810402035791936
0,19423204595428484
0,23245592689081382
0,025186443922515813
0,06565395995154012
0,08402628477099401
0,03127759714443267
0,1116294512106184
0,0647185811631951
0,0083672803910162
0,08301874839800114
0,08123139740383341
0,013576552735233078
0,10371776474729634
0,04660322873540512
0,11023000774651512
0,08398201962656661
0,08848951228693464
0,07833884641722849
0,10558498161398873
0,03226652219433997
0,10511062418469622
0,12553168431832973
0,12497018424095231
0,1274909549740699
0,12338386495057198
0,10778220665582938
0,09768126874163421
0,06102171810530407
0,09098367992919491
0,10093301574723033
0,06395966801410727
0,1311639513822837
0,046819212148717884
0,009350079318807127
0,13792684117994408
0,09954079393540369
0,09748128628442113
0,12360106189247279
0,13418955450555384
0,08947005104117409
0,10730493902954064
0,12727147031507607
0,04198461026389
0,09258264761983051
0,13917486956277772
0,11063499852459709
0,08728736413609427
0,04973985859441095
0,06371469171846214
0,05621324352111459
0,1292757208612256
0,03426585765404013
0,1082468584258472
0,11814162888178337
0,20127957839790736
0,12284333460159459
0,22902066262803197
0,20528781883088315
0,058407257319885435
0,1737421284958924
0,17300784147024323
0,09612167766248471
0,06346281213818471
0,08886442712520538
0,10399194580877233
0,113000823680504
0,10429839327061077
0,13069504643583305
0,17195111509210934
0,03813030421552998
0,13811962374945458
0,17403508302357742
0,11553568914299404
0,1403651823833001
0,11616107209437608
0,09238007526009269
0,11146076085123621
0,08165376884044687
0,11674084412091341
0,12687489349674916
0,10934693812876388
0,1047344527654468
0,13240043521991224
0,0614204041171272
0,05534690085389816
0,059134591852132594
0,13025473602560317
0,07211918186874591
0,0642379086351717
0,09559323469788454
0,13612805909943643
0,07155157181965012
0,07753242959337432
0,09089860284704138
0,01983609756669651
0,13167918863457986
0,14062986307658823
0,1079561677432879
0,0539566434167715
0,09346352925783773
0,028930694467366104
0,05732359465760695
0,17245458097377495
0,15887203320698864
0,06662124668205531
0,13692397949408325
0,05873514624989606
0,11153068432419953
0,3146815957805863
0,1292768610379643
0,09259828520577165
0,17273452583301335
0,05225499216475862
0,19910953648562346
0,03745608463659857
0,19935799785982758
0,11932262296881976
0,11572015896564539
0,0788049652583421
0,01953957406244949
0,02285380033156871
0,09646106133769795
0,06022445605260632
0,10653320074708401
0,13773830707064091
0,15868177114118992
0,08254350911247486
0,07517757132110943
0,13247377935542323
0,1116950568941403
0,11826152564908747
0,060273841107240364
0,12369163774286522
0,17535976272596845
0,19558436748142186
0,07760323428329903
0,09853000903601042
0,16309156559252697
0,16635927428925149
0,1329528298053378
0,21485695663613363
0,13699102926247456
0,09687549859477161
0,10543726355619462
0,03700262054594429
0,004412316306073447
0,17990245561148485
0,07463054915385174
0,0121802930284243
0,07795895293432327
0,10107090499639584
0,0864675456446096
0,05775236109749877
0,08206218583834213
0,13726322339353303
0,07239634716451934
0,1676187000085355
0,0834721935804956
0,1856021613550219
0,027210539699418668
0,03690435124620852
0,06980710393254994
0,0436454556984254
0,09026261621502539
0,16332464624427975
0,18499447565170482
0,12638083771294442
0,22589624480736473
0,042969987888427895
0,02399826731003492
0,15529106930856698
0,07533882001163904
0,07301601005993033
0,04310416054639441
0,05949251369540763
0,037061119658625984
0,12007601504464596
0,06635720556633626
0,07306567541007711
0,10342742448392396
0,17556629647682837
0,14721378936703944
0,039952086525192644
0,15240485334219928
0,20498199338932638
0,10054560349754077
0,15966041887459156
0,07363097766495982
0,07139223505811063
0,02675543171479001
0,06711003743097993
0,06797455253590588
0,16106254818952234
0,2129645810992559
0,18204568454365003
0,12574158404939334
0,12491988733787782
0,11567469195251696
0,09384014941485878
0,05836449727095258
0,1684108129873284
0,14949616003267402
0,037382183114291125
0,13478507639637563
0,09075427422812223
0,10920806190250984
0,05502830923475425
0,10153264155626655
0,05490604507985928
0,13797398759306254
0,10828850247654905
0,10934351674859617
0,13985493695524942
0,17133459673129742
0,19200084239076604
0,061188133468523274
0,25847797063908645
0,09920183673023038
0,19838440362653387
0,06777270391883576
0,11362180565704776
0,04412190198469219
0,0324037523440152
0,0744627123480419
0,0256850960571769
0,03248714079588016
0,08362480402810439
0,09617144069779399
0,09088347104035628
0,13403879919290926
0,039426422401155584
0,026522647264233812
0,14752659392019332
0,13979411569294925
0,042375025778650384
0,09913508834854136
0,08275977395735204
0,07790038939608059
0,2742024291243224
0,06907814726069653
0,13829341673768952
0,030007008275187996
0,15776688748930212
0,1735154697637261
0,16880692004525333
0,1187211803458758
0,06666887588627382
0,08955603977423672
0,018697100208605263
0,09688613248338053
0,04964274776867756
0,05857969030827799
0,08744501826415425
0,18754314582022494
0,0416164191704747
0,09520702372397603
0,1164096212429371
0,1554717604939402
0,028164556513560122
0,13137134745938528
0,11960639300716529
0,035469252600565014
0,12783623250536352
0,021800572609466794
0,035353551179742516
0,06428340620298947
0,19595028374018775
0,1894190294252184
0,14739786484836176
0,058829544324704955
0,03267265909294116
0,12012445114785124
0,06635236515532614
0,13940993142308153
0,12537414626560708
0,16197271306987987
0,21956478739902893
0,2105643219751006
0,25207408067329196
0,16480213000540317
0,053773108491744756
0,17020038470463322
0,0829096210635436
0,11867802166439637
0,05513119289949246
0,07432974260864535
0,08347245346544022
0,04798757136056788
0,16402159224852605
0,02431801819053356
0,0263881242118593
0,0499334860202756
0,1009256445465553
0,043319472243700814
0,10764350828049433
0,05555580399730832
0,13022366154284767
0,09861807810939414
0,14973807662868183
0,15551283100165758
0,12839462178780905
0,08303962941462198
0,10932142610934072
0,1206682007356887
0,11519264913403805
0,01304794440617059
0,016565132829046997
0,16205395831513913
0,15914903616281723
0,1947705500539935
0,1398139189448881
0,09456151865555935
0,1398445090881478
0,11655517578307638
0,0826238561641612
0,08711192280068802
0,1359449748859584
0,10798977997151168
0,08045247816558664
0,03637487492643851
0,11331005138788562
0,17012171755752614
0,1106471059552245
0,1896302312813119
0,1242061320804062
0,09940371552128635
0,24243620114657624
0,13792508955777388
0,12634248629602693
0,13892784013173826
0,09876323610924409
0,141362812338057
0,20219185033763473
0,06537668450905115
0,07873408036367806
0,016755222604291596
0,024729103474754374
0,07792205074953498
0,08670394916652605
0,09864843668484066
0,15457303954155416
0,09444323378263664
0,16164539242604742
0,030774999098266243
0,0653276560537103
0,02726980737380253
0,0624998045122029
0,040683611123202644
0,09142042918384514
0,2377361954222766
0,16833856340897932
0,07950648496657009
0,11843731545893754
0,11498656253720106
0,19273115071957878
0,14787166841245084
0,05542432825495672
0,06437675423716373
0,07697665015575242
0,10736970115373375
0,02565116586877654
0,09781869808861815
0,14986469468424254
0,09904934199809
0,08318615375092642
0,12923805728441898
0,04697833380180563
0,033320293062075707
0,07194042368744784
0,10722184658880406
0,03290887565518572
0,027697372117843552
0,052636530554848064
0,08763391455605422
0,15453925905844598
0,11976155485681811
0,09380947990787045
0,06311109332371295
0,15139432728468816
0,19388675052037355
0,1935633878304746
0,20222813297496678
0,09159162756085602
0,13539061781694442
0,02428084009016695
0,11515840000264947
0,05478012719146752
0,017987290559425516
0,11045714934071468
0,2472794999939823
0,024571203613242616
0,033844594118162555
0,10829510024066306
0,1314424898143633
0,20558594617997686
0,1374073036262634
0,1356622284839858
0,0715769069455681
0,043132461818656466
0,15375485234520034
0,07869322404141531
0,13997737377235925
0,09994491943809672
0,030211878527937216
0,060641833331292
0,1259258682359307
0,15545198761315432
0,14673113763190845
0,12370018415345337
0,06868353457611055
0,04526360668544205
0,08569232197252213
0,1637629652533967
0,26903383319664587
0,06990839468170669
0,11001481161445788
0,12989650150494197
0,07869707357083956
0,0667743412428267
0,22847335258348594
0,1139599191193895
0,10907609494083162
0,11254468600893833
0,014610148666476143
0,0779597129723261
0,09833754147033197
0,17676421630769001
0,17605943814150715
0,10186832999769078
0,21137053203417713
0,15765881345271981
0,08647620482379123
0,13394061364540236
0,0766670336415643
0,09326227202691366
0,07832416613538447
0,17617090491034
0,026068156792322057
0,062445273183387155
0,09574895225121699
0,11057159343245303
0,08803755194380342
0,09984188240720418
0,15066680702482285
0,06559342672839233
0,18742116587054225
0,07042711858973587
0,11548192352849182
0,07620831133238518
0,09018113073450613
0,029364078634774384
0,15654739767663975
0,054990969709993384
0,077907591999727
0,03633372477543805
0,09073341088390227
0,1450363475519178
0,05938929741392772
0,16780549180412452
0,13245652579923617
0,08200936734993292
0,02500589096659505
0,1463590717031421
0,03000566956076435
0,12234897318317718
0,0706296219305391
0,06306203093999997
0,11206084200624539
0,08560857453116127
0,006318071219654659
0,09745861246269226
0,031789863530078975
0,05471968731680763
0,005626485134370238
0,06714568228867437
0,06689117665728944
0,05091308366274569
0,04882076920153373
0,013794908622726582
0,05848715206795484
0,02795985705257487
0,02553788026301233
0,027790758646999206
0,08266177320357823
0,023991552315593658
0,18388437951086656
0,18709733612181342
0,17212973341082102
0,06593825758466322
0,04614159090584012
0,05840526762536378
0,026362446682153515
0,08990230077331555
0,09263864344800825
0,11419621818449772
0,05461506566989543
0,11443052366656406
0,03984593724923366
0,06214882954761044
0,13435089691288457
0,07125969367441508
0,04229468615366695
0,1449216315876974
0,10809181561140627
0,14362380224857887
0,13667027004854285
0,12515697765759712
0,08189492197667562
0,1478394469267957
0,04762689124426396
0,032124991357349565
0,09199438438008709
0,2477912569274808
0,08840256023543412
0,12194194415011758
0,11699183205177194
0,07383846006272939
0,08926638394909432
0,09107283365687407
0,1291809457596619
0,20854296290962535
0,0743808670768348
0,1452959933541393
0,04501311162775758
0,13547330042349476
0,051953949290629596
0,0811127154741329
0,10275219563157413
0,2077224707525671
0,12727335507687304
0,019523561766819176
0,04555250828648471
0,061055992728803916
0,12300814073319995
0,10798822705737256
0,11475307267429398
0,0771907683619159
0,08592987543072814
0,09646288895090264
0,16033554538934505
0,06423561861369881
0,07300712322882125
0,17427515400732338
0,1906164353477132
0,08039801544638801
0,15795870684915217
0,11554302000257416
0,10938551794154022
0,04745794920420243
0,01916550179977356
0,13241211599340583
0,06697955841877991
0,04827379934663125
0,12682827335100455
0,037478045052573204
0,10109050726197871
0,1007726953107846
0,021475708438737938
0,10611736741203023
0,04845713059452005
0,056565194303112895
0,059132155280970634
0,1253456186838701
0,11708655431728134
0,06495310639159321
0,06612806385028772
0,13481227128737053
0,23554554579029058
0,17996292309115658
0,07987107434101404
0,10195240142116505
0,08318109297171539
0,10229775678431699
0,13872409368440436
0,026936771887217558
0,09016399930653944
0,054276948321900206
0,08944730218396818
0,20602876151510227
0,13731047695014878
0,07911266789965807
0,09083736415233229
0,06170025691412367
0,09192127420078625
0,0852475496473493
0,06264871346351385
0,057380745976508093
0,06503884718886083
0,034093098348177524
0,1070067541952962
0,09787154410586334
0,0759311950030995
0,06760036905742996
0,02743761819515442
0,00954869844116996
0,10444700874559976
0,016556624345893115
0,16629483180379298
0,17487429436569452
0,16475557252859632
0,15993758846365952
0,1278296864880289
0,015848580943783924
0,0969313160953454
0,20753750219544823
0,05029277707527353
0,0418067264102529
0,12301539566018603
0,12513394045730047
0,08836428268019389
0,11334603939986937
0,05286306341852777
0,03254925613921111
0,07458541180499531
0,1461992226924567
0,08606279241843673
0,03342556556557585
0,15164562941504117
0,11676639851334832
0,03227073378617635
0,06098257111753506
0,0777013602490721
0,05936722991280466
0,16079714130679731
0,07034465389921597
0,05253710593443163
0,09411001391930766
0,11079705560997831
0,04007967503265884
0,1702295724086865
0,235262110286408
0,0560446550366876
0,10503859380774455
0,09306838867115545
0,09538543955970542
0,11215162776793022
0,04224058739366981
0,03613833499554284
0,05562037002716924
0,09142037297262719
0,062123374195572324
0,14464470212771907
0,045676243253786865
0,03000259584801022
0,027593685819504624
0,10196331463161652
0,07009129403008187
0,22728404586068393
0,14302231690318495
0,09151157973753203
0,09714654215281195
0,21499619864795871
0,05007329620144455
0,05771638751748689
0,14134248049441625
0,09909354925659244
0,07474142181549191
0,10885853930133278
0,06373370056479366
0,08843650840030105
0,08689464898284244
0,02004420413214799
0,1708733200125585
0,17005425221220075
0,15060309188822538
0,07905022852323093
0,09381772648420512
0,021867375834008815
0,08455666862557477
0,12742739047027818
0,20296955804073566
0,22538715558841346
0,2060092646174318
0,1921209902720287
0,18056575227089436
0,16031734768017752
0,13207237391757345
0,029426423655905056
0,03424943030996188
0,08594445775008817
0,1931232956780568
0,02690834356328642
0,0328451734335613
0,04311966774719691
0,0661434182064282
0,0835203080111265
0,10055720695576292
0,11268628177238268
0,16866581332634373
0,06955954698861218
0,11204035667598496
0,19461732123114198
0,11801357009246119
0,0030871990572458713
0,08248074554207149
0,09920599713009476
0,17411564340539537
0,16072189476670765
0,0408203707745334
0,1028113093861094
0,1364890325497213
0,11769712079949889
0,13736486022779365
0,03748848212377951
0,08177269088828051
0,070256796789524
0,0744070762263805
0,06899620235150575
0,061718120052811125
0,028712841134910468
0,08792972742668885
0,13196465204442884
0,07127362802556524
0,15440827751615369
0,09195574008153623
0,1711706073891198
0,10009945081009936
0,04676882775064743
0,024657935001139275
0,04226142659465784
0,0770087321221176
0,1100121876216924
0,1550245112979463
0,0407267181445252
0,08789329823724738
0,07069566212340352
0,12772673067249773
0,01544392473279513
0,19763404111969413
0,15491562541173623
0,06500316587935598
0,11217410141748194
0,08673987809323581
0,12841522231887917
0,07302442921884428
0,061385623580466266
0,16862731010072468
0,11179929578351637
0,032894999899346314
0,12014297458568604
0,1611731094054984
0,09877559513137603
0,0681562690921007
0,09627023961278071
0,1062063478194255
0,1629594318719187
0,1967674342958747
0,21084691679860462
0,06893414709570381
0,11215990708727187
0,09861149579959896
0,15175115047388005
0,057271154387667646
0,13733876835416847
0,04184048548498645
0,04704200879003157
0,13481751885398924
0,17617212886048575
0,11121471932440145
0,14355026779661326
0,1141904935680833
0,13732022670844998
0,21416295306517066
0,07055573071424111
0,05624540094659509
0,09062760944794604
0,2431441543350582
0,11721498877757687
0,1358670111285024
0,20328305553653495
0,12015052650312538
0,0563455944216099
0,07257991249997871
0,0856503314276085
0,07055376776610595
0,05496647070978377
0,07985253449899483
0,08144613295213893
0,01537924586790043
0,1104414673261725
0,0845248693506428
0,17401760317932874
0,12188688272247224
0,19265957974776718
0,13300501920862684
0,018224770424004867
0,12381878100055507
0,02252781728757428
0,08617489420367333
0,02736713929034982
0,13225964927894346
0,13380574309273643
0,0336085241121119
0,08169961479905476
0,09496642293488629
0,09915488247984126
0,08814066561445685
0,08403642904199607
0,17331192313408403
0,09575651601729204
0,10303033293675716
0,052537638567457974
0,12093687678296054
0,05543404988963441
0,04175096118855625
0,10456048587213523
0,08250644131313209
0,10822281685829566
0,05396007810926861
0,10153297976624633
0,07820035810070805
0,04150640134060666
0,006073249324743568
0,09293604388710404
0,06878735507235163
0,15390219585458056
0,1937904466284965
0,09014146560678228
0,17428997356915954
0,17477698127987867
0,14386706757530962
0,09101641114557445
0,06373925611947466
0,14815106129843406
0,0646246816821273
0,08533202969384254
0,04984066118741613
0,09825853306047756
0,15030009833166266
0,16805765221973828
0,14634990076328921
0,012524848470317203
0,05905709710293504
0,10769837634783928
0,06784033825695923
0,1062678602666134
0,0991138439242955
0,12463482855661127
0,12301046836988967
0,19395722470214355
0,13817843479549374
0,16855004839278676
0,04793079292403767
0,11105299797270114
0,06975162469768924
0,05398105105227147
0,08640242542236698
0,09104494992715219
0,11705109441563967
0,13093722776707836
0,05751034216837107
0,09490696435889243
0,06036931589226805
0,08835736595191922
0,0407145021249271
0,047683059208375796
0,14944909756516295
0,11613927013660166
0,07032382535163337
0,10161104979292367
0,14792688669874252
0,1223381573170775
0,01574932518256896
0,08808791430149573
0,11896780000013255
0,06532475287355045
0,050692351478697835
0,1057863975471847
0,07368706437783988
0,060444009139669116
0,07630179537822049
0,060706736871497705
0,014604890136792805
0,14023234480714608
0,1874193574630213
0,13024879028492595
0,08396020582949423
0,19030914836598564
0,03826167461968458
0,19457944256161191
0,04915284270633162
0,12496854254379544
0,08298723445550059
0,07792244723235048
0,09473708280955082
0,08920216043461168
0,12401670439320003
0,15074029394163077
0,06540218068648179
0,08466632287791857
0,11651990617650525
0,06672892255319016
0,11019218682098232
0,06496626577732666
0,13660441312606203
0,09388893325950079
0,041307655698924126
0,21362433554374
0,09369977833167033
0,14702301864911246
0,13936940722842314
0,08854867198558372
0,13358679710959703
0,07807011734733811
0,058534146070855164
0,022493480309251853
0,0213374218845453
0,061522226516985766
0,044758377019612376
0,05445751446260151
0,08452368758445603
0,08616933899376569
0,09701105384943595
0,04001797851181659
0,09159647916255609
0,14986629801126206
0,05802287730917919
0,08204786522259612
0,2879907931523012
0,08758063465532748
0,02443496483703671
0,0660497733055337
0,14742616540483872
0,1902169748918459
0,042822061933731635
0,15825059413548156
0,12473386607147709
0,11046764881269275
0,05874359074927794
0,13197529397194327
0,05242646917326562
0,11569273154941416
0,15819733291921217
0,09586366005929667
0,11986977037745995
0,13371769715224627
0,012916800426233934
0,1220431993306243
0,20011652988173312
0,1724963226745636
0,16259374974387336
0,08782263901050023
0,047662577375300476
0,12781230638795746
0,09741063145644151
0,08700507696497346
0,1080437636496319
0,14646221423078903
0,15409568334651116
0,04717473463421435
0,10986250141767866
0,15699070904083975
0,2293999526147369
0,06127131776133666
0,04883648591831841
0,03207003105232424
0,034108790884742626
0,11993374880068479
0,05190216190989616
0,12489204957655715
0,034073157848458664
0,15492955116685098
0,10351323370327557
0,17460739522352886
0,19665359167681698
0,050079330611770924
0,008287705961563538
0,11678584353116393
0,1494762356886493
0,15378623401771696
0,18958257232219744
0,0627857481746319
0,12265776660637964
0,195810207702449
0,13176806191014742
0,12659449025296532
0,1765113104075601
0,019794497177185174
0,06226851431636345
0,2477637605477299
0,10494879850067591
0,058000384961510644
0,07914454170874126
0,13748409047235235
0,08577893440743609
0,06851255993590838
0,0934787277191636
0,1621208333648318
0,05875127310156721
0,08792105078839513
0,062466723565453505
0,1529729263583463
0,02937608684202248
0,04621251105811478
0,14065869371060996
0,14433014388405427
0,18700337489811353
0,10024440961908257
0,11137686771375478
0,07002705723392008
0,026472591909664844
0,031698184907042216
0,11155091566897031
0,03801156342421331
0,14965776933628244
0,2463669029635475
0,1276595572581894
0,1671062677900058
0,0724296942384972
0,04886820999495729
0,10862800817114243
0,2747232563150369
0,11482851263806587
0,09090857330456166
0,09662166510116313
0,09981920835503968
0,09049561836946915
0,16675732559942444
0,13726249868418164
0,1841115235628805
0,17262668295911152
0,1140737668449299
0,038531587875510524
0,18007320258839823
0,080117081346445
0,13226048710936852
0,11458430118109847
0,09837617791608753
0,15014443607360445
0,05517500265636633
0,04727301706607865
0,14935057549863473
0,06608314965077976
0,12013914352861363
0,06162276485762885
0,040776677605389104
0,05696767791710031
0,13212858945278452
0,05701980872785606
0,06185099887564295
0,05718065394177053
0,056440102425493924
0,07629977120496835
0,0741952205073014
0,11741411730044185
0,1398193848651313
0,03962275118458325
0,09121222673463926
0,022870707672365303
0,08783319730164775
0,13913730848597228
0,06406360181554191
0,16514167392633047
0,07301168559932911
0,12782284789492346
0,1635575502298595
0,13948124112976917
0,1263510127127287
0,058639246212740276
0,1326420153442465
0,12305567882494364
0,08783454109813534
0,14948352224835412
0,10387639443344798
0,04782801894212212
0,1731443982317411
0,17232512902038818
0,04752944091204426
0,12495127178011652
0,2630486283118103
0,045157681285537224
0,19670140114160545
0,11232831085221294
0,04696723854092737
0,12408478599750423
0,09475944824350849
0,16865201776606162
0,22095029332892055
0,11737247243953867
0,13704911396335137
0,04611897050066122
0,12076268529612876
0,10331379890263029
0,04135375306510234
0,020925881799459714
0,05682684085942894
0,041969146277820966
0,0789597706215491
0,149877001411763
0,0983280682778105
0,15004307797099373
0,032363870613317754
0,04922067918674778
0,16062531094521057
0,16601266287296118
0,1901959941778056
0,11579558277359506
0,025804439209612708
0,12170994362184985
0,03751416119399314
0,10053042685044748
0,06831619835484795
0,05725431871780911
0,20998616103007645
0,10672098212226198
0,046449320178244186
0,08263184931003272
0,11358420784518584
0,1014394145049391
0,0850252431602334
0,023496852381999063
0,0861167085580742
0,09876703626755455
0,14297641167510677
0,08805391996647707
0,08425449293261554
0,11852085176902917
0,11357789319118027
0,028054526840852037
0,209005745482127
0,2009067599289113
0,09603577169135027
0,05259074712604305
0,10828471231291842
0,10521351805309243
0,06936997038368373
0,13588493275816022
0,1587000081343001
0,15892758943279212
0,0646316659901654
0,058937153497075734
0,04843884605681739
0,10413616415833708
0,1459764984652176
0,1766584522730376
0,09425445298353909
0,11491687076723091
0,06270604237875396
0,09547644660073216
0,039420435455138625
0,07144343970152406
0,10176499906722535
0,20609297060861767
0,03885316226375458
0,20243487970706933
0,1538223821233187
0,021711442395727556
0,12228207443127224
0,1691207990250066
0,12270834331229552
0,10086335600960529
0,14801826176666205
0,06073381961574257
0,1337628504124435
0,14427463539243163
0,12440630749430254
0,018530537166369234
0,11436259234939408
0,04124956807727988
0,09124099208335527
0,09734090486359043
0,09325393763552416
0,07231704288059834
0,12443208768560468
0,038891763181790016
0,10586931550543252
0,10244408314109228
0,05488659698898111
0,1735309495667909
0,06885106038152047
0,18747414500134285
0,057226829244146536
0,11457856187876168
0,09195447786905862
0,09401409466863332
0,11717691081892082
0,1553005668091252
0,05707506521884766
0,0927479540570664
0,055781141997339315
0,1627589663417339
0,1853119579470379
0,10581725413424466
0,1032895888748164
0,07634762461277468
0,12925525090594492
0,07621969617728105
0,14971671520839638
0,020391629050477433
0,038512342536068375
0,049392404308297326
0,026356730862844163
0,07174109058442471
0,13117892013239615
0,17141649948086587
0,1498203946534893
0,0814076770515646
0,11135812208914828
0,05502466626643773
0,07848897326293502
0,14498532543805087
0,11653528149858562
0,08731095211948002
0,09699339818205677
0,15026359391230545
0,18604527150002634
0,11415966615923752
0,10663414451257287
0,08194836687482901
0,08266924224387205
0,15128916271127102
0,06452506229616356
0,031439983614663505
0,09834332785702435
0,12682181866648004
0,12209304770106319
0,04834503468304478
0,044741483462219636
0,10136638901214721
0,08189781607413749
0,10285806424538443
0,08166079034306388
0,1811138442729575
0,009096838436307035
0,04568920777122787
0,08952492170095391
0,06670746703358203
0,06320361417240887
0,12020083066343326
0,09303818581448162
0,049967199595809184
0,11824241824133888
0,1503444625456881
0,015321237191386509
0,03496651995395616
0,09863969872958724
0,11031490421935533
0,11507269371766378
0,03611821667144167
0,06645137623623952
0,07269079038564358
0,10624887781229776
0,13171661616097577
0,08471571072332433
0,08501248453653128
0,02458120777375845
0,1455368447543263
0,1869722643572938
0,13081884110184688
0,05556896894788933
0,02381256777670314
0,051986216379218866
0,047584420428110515
0,03108077797333313
0,12824937153808333
0,13281287711238102
0,10360188209756278
0,04485837987192809
0,023046044413812274
0,17540461185012968
0,17068161985959807
0,12068195220969326
0,1440315219232224
0,01024759603073362
0,20844842704823913
0,13700769023304107
0,06120400098802818
0,03676926114434161
0,09642080205303724
0,13684389368979774
0,14122712954425426
0,1514186894443796
0,11329524512652984
0,05230761967030168
0,04597492571446953
0,07756014253760074
0,1156187037076634
0,1511964338957215
0,03418534538857769
0,0515816748698956
0,1312450291843495
0,14607175799228048
0,0444867402494919
0,08054246181386772
0,05769739140215388
0,15688003966166245
0,20225306167258086
0,07078018972540695
0,07212506536146851
0,23824099602963775
0,06288397217881608
0,09317587476377286
0,059365643319883
0,01802991323399656
0,13023088999033103
0,07576892893824297
0,05687152842311989
0,04348295356609882
0,10564719280110625
0,028956332243495742
0,22264701518524138
0,0397190712621792
0,11914577638710186
0,13815687283571415
0,06984192540474207
0,07190681593182893
0,09122138066505482
0,06681720024294999
0,09168978860547254
0,16421513552388364
0,1570999003266476
0,10907807840711156
0,10145759804834029
0,06915002394351152
0,05800815355019666
0,122023102663878
0,2100168982621641
0,18782902667604826
0,21875799576464264
0,21340581969795655
0,1897542282249707
0,13988324107051536
0,15604831834856087
0,11052301291036708
0,14774719934616792
0,18399648780069236
0,08379758046757767
0,048743554910054075
0,10428608364471713
0,038859544363322694
0,2146010304538871
0,2563223970057304
0,07939890503840821
0,16740247301739977
0,12558593750450955
0,06328579618022744
0,0777543296296707
0,14998509030987747
0,09167485711768032
0,06933623656463454
0,03820928012554525
0,06313212643081344
0,15178237863336155
0,1573400997350927
0,04439224604346756
0,05064486536306984
0,18913091102167265
0,19840008764506278
0,05980326599414822
0,046610526001612834
0,05544643262795642
0,06674865953152255
0,05401441253633718
0,09149418630969215
0,1352574006440276
0,08889801970956626
0,02769465940814621
0,13606343675129082
0,13500822631242418
0,028469677044007703
0,014126920285770927
0,19630258374021003
0,10017102259228329
0,17644194494858154
0,05591823790376023
0,03222603882699663
0,13207127063271437
0,060446877560185006
0,055623816202425506
0,0432513976124115
0,1136772891323108
0,14930023930684475
0,028123910959127564
0,13586196580138263
0,1328805550125752
0,15035411115005828
0,051208278306944785
0,07260239549286002
0,12114697605274491
0,1025201444900818
0,1401177612508077
0,07506316756364166
0,0837682181802366
0,04501165746952983
0,0859777238042539
0,20445002192680456
0,11905630855879874
0,03167157657912715
0,14109198893888808
0,16611481057754288
0,07572594690619051
0,12053400606594211
0,04800184396796836
0,03631042780687739
0,03856296380852378
0,17818618282620377
0,01795926095386051
0,20018157426098604
0,10911388035608485
0,11689041762518353
0,06523863801250335
0,09033618397503561
0,021047379529311624
0,016521417967360008
0,1366157949945316
0,16862156237286202
0,05919659355034677
0,06436390556392747
0,13783174604212092
0,1599803802678768
0,08714925060583986
0,07313812878483707
0,05672432615552767
0,17334785171297057
0,10657984143529414
0,039617765523740224
0,11836479158994502
0,06159786487729597
0,10716709563300778
0,12062642639252386
0,09780784424505172
0,10375431955569714
0,031823264578761765
0,10171599830632247
0,1635819175550643
0,11952332370946538
0,24729007920177862
0,025322977184701577
0,14473180279400225
0,09704785650184558
0,11624623596916604
0,06260969522690332
0,03383572500447003
0,1224023564971665
0,11297928210805554
0,14584440222759895
0,15249026228165102
0,23174377944835484
0,03926077179575081
0,06600726297289654
0,12210819633071028
0,12270315706036784
0,0102926203931853
0,08564784266708242
0,01572292195682169
0,10489132333433411
0,081504652482691
0,08599249300626476
0,06719837244171516
0,05251150109824463
0,056623052020384645
0,16459092150134963
0,02584192146381006
0,011424975681693856
0,09947002326031339
0,09242817579186395
0,10270599785806546
0,1134222583927852
0,144437750057111
0,05935147165980952
0,14183007506746784
0,1440918145136841
0,1223824769064153
0,06693148623089133
0,13717740191714153
0,21161988114471034
0,17010403953046874
0,04026994251941191
0,09097237474847192
0,07229291021780117
0,0873604409573823
0,11674009820574893
0,0730211923319944
0,07201684216708812
0,08939685070895505
0,04535428435314736
0,05012620442030875
0,05074459517845515
0,07594988334966592
0,15008014015603324
0,08937633806584186
0,14102039762708254
0,15031774450912988
0,14242046660282304
0,0016925269109831524
0,10076837886093393
0,12202143871790755
0,07798179136195936
0,06296899424032623
0,060921571835363515
0,09214387885706882
0,0638129254410861
0,02185747807536388
0,12498256822279287
0,0999415923657534
0,10338139329635969
0,08690559972932846
0,11032415484817625
0,0621252503186909
0,1518159111104154
0,0717936023456224
0,02864682465006907
0,07761118372297265
0,10990386430342335
0,04099983400303813
0,10740139280281062
0,17172566354493166
0,05397277753639223
0,040872460811705036
0,08403678743806693
0,07960393378296277
0,11266894994021777
0,10858105844316435
0,06829401135563136
0,05024187986640126
0,044717476255300065
0,08273685332819351
0,07468633004997906
0,08296982035960904
0,1401168612256193
0,11165107111239765
0,12785143177190356
0,059122866522432774
0,07457730322454034
0,09338960521170106
0,09851146196760832
0,16469023482986364
0,09350423740279444
0,047725299850710744
0,19235955695149143
0,17545688514634425
0,07954347025501504
0,16676747156944854
0,030613749350965894
0,045598288035443295
0,07889605874875971
0,030728784539411587
0,14360664651694416
0,022483317792449675
0,03522055135137152
0,0564525719508246
0,12743566975046047
0,07580528487248388
0,05777630782499022
0,05184006539570951
0,16509410455851314
0,08842660984627318
0,1436090063777705
0,09411007111089822
0,051497744608100963
0,15803616822997485
0,016442254560521896
0,08591457440593482
0,050055925069879006
0,07886031627961637
0,04013115659911501
0,10280732525953364
0,07842819662984706
0,053372569253546866
0,16321989693851793
0,21403771880061387
0,08377152667625637
0,12431421107889885
0,07349394906655161
0,10989656453548566
0,16628403643574705
0,14972968938336334
0,19292151465497148
0,12776213836957942
0,1890660536278711
0,12440270978640525
0,08448159286121082
0,05915714088112257
0,09502040358655744
0,10287634899676018
0,06929239452833148
0,07696623698435871
0,1900070529921783
0,0851818280361741
0,0481940925677319
0,07984452185281939
0,06558847362622851
0,1023509215117585
0,03732290672632574
0,08829233996032372
0,08586812442465125
0,11493582513700923
0,0936333389477546
0,11078416390153635
0,17779271106685776
0,14609528983252856
0,045893513311221996
0,06348794263031239
0,08988287340640634
0,027940946249590527
0,06267623675853276
0,05772765345082439
0,17788658425185455
0,05571667305404271
0,07677886515433929
0,05916419376721094
0,057170935484023924
0,0790602555731227
0,12879436362283764
0,18658679362008923
0,1421193349337092
0,07498344371255221
0,09333015274171097
0,04145042085613659
0,020323080183225293
0,12075123685248546
0,1377383482468481
0,1436475731857349
0,16994708147234272
0,042105952447160755
0,1965175115136519
0,12973266291440091
0,07800434538011719
0,1309655500718073
0,1155193296053365
0,039062632329133117
0,13883630743484046
0,07560931033306931
0,023066651701187553
0,13051761867342182
0,07329596115708137
0,23184448746511066
0,07357218881557938
0,1308576850473822
0,05070107340471851
0,10397865083525386
0,13258739772419045
0,14333418190273706
0,0888829422771578
0,0781476101285737
0,10134946509370436
0,1350392333456375
0,09334549862948315
0,08132228843184913
0,13803429656674274
0,05603596500944932
0,17419603495959762
0,08423294534055792
0,04136620378902562
0,06611105893097079
0,12297636135137621
0,057361208285154605
0,05061270534362484
0,06976255444011661
0,11156383306966765
0,12148482606736573
0,046415775021286354
0,038294740299424604
0,11035934600694301
0,12243268343743742
0,04537273187711918
0,09128288616685015
0,12892648033736764
0,12137708244437896
0,10812977192817082
0,17338744089009653
0,18528117411746875
0,10383668967798229
0,03618833575483897
0,06292836463643628
0,07569565717657104
0,047007832478359234
0,051823239694849546
0,016928002216920094
0,04484325715347174
0,19072577405166055
0,0971856511797565
0,11923874562185263
0,12298738708921896
0,09002542269101668
0,1564696497681623
0,02335213798975527
0,06968169170123156
0,12984618508683046
0,07554254513916515
0,040337604327576645
0,14927171986135943
0,042846793309723956
0,059231036675050676
0,05900072764706834
0,1435183037720254
0,04045842094177247
0,10602677833411221
0,14063895940468854
0,08378424614125134
0,03868580756218331
0,025948432676747964
0,0688679074921407
0,1006660680335524
0,012265338356618301
0,10064981371787061
0,095667699945231
0,020701072153318446
0,18555945377661637
0,17683860216262798
0,06751384026481369
0,16303550952751558
0,11405351182684488
0,073889654556926
0,21619838329790395
0,058550335022978434
0,09169122140553558
0,05963229807632091
0,09255238462647004
0,09019583975989684
0,1514477605094306
0,12181476461517506
0,0849285859546601
0,05480474494528899
0,12975123819436957
0,12283543501925238
0,06525467636363368
0,0688917798631148
0,11246122780968384
0,04100026000365923
0,06050059882229592
0,06404565700837722
0,07196799451246053
0,06428764945833995
0,09455621330840527
0,03986726141598643
0,14595514054386635
0,11631060549376995
0,11412223524436367
0,08422037313682215
0,08243302334561393
0,1430054328236556
0,13337697029671752
0,06566016292976355
0,16448217269519774
0,11732840934808621
0,031517989814889534
0,039812228158682544
0,03477685657830891
0,04457515634003783
0,18250426047664386
0,12347412044469594
0,18730083889164503
0,146793686413673
0,05052327982699063
0,10067079267771167
0,13880215023571998
0,053585853780530386
0,03273165022015299
0,07011876910192084
0,1338470573878185
0,17373473638879505
0,03124908766688274
0,047558607802133064
0,03796789416416359
0,06338326576177526
0,07538446659824734
0,11064923432593336
0,19151539480083618
0,07799817610789857
0,023960230646504432
0,11228648952234214
0,12888684634493872
0,15175425547491325
0,26381509275399245
0,27554691965231437
0,1602543885168513
0,07397962160548696
0,06027793208892303
0,10156994236454499
0,1310145922041933
0,08695158755014425
0,23399278157728
0,1776278333988791
0,08038688896968532
0,11771929950598516
0,102345397338757
0,07082547679727622
0,04790569819466125
0,08036396461852373
0,043603012450226464
0,22663543839200542
0,1547204440033078
0,07282471880152709
0,09096420618516493
0,11917674715187948
0,09563822768116245
0,07202422103810396
0,1550969518198714
0,18514449186392534
0,09789183088606843
0,08861852691858348
0,08107085214157127
0,10660230519573498
0,07855794994976033
0,061684867571652584
0,04679962289990526
0,09889431069574202
0,10536634328760855
0,09184793394633547
0,039335213164989925
0,045610663646924086
0,10798133025749661
0,12777329363654436
0,026333624427366364
0,04075697528180738
0,14832329822198506
0,09353574177497961
0,0561232939687583
0,12501143659586655
0,09649288953526618
0,03164195287767943
