N: L: 	Density:Noise: 2,6
Time	 Va	
0,06073857268235675
0,08171410516345581
0,1233815195564128
0,1273595851833076
0,18848915358778365
0,19105636338072618
0,23244911819042466
0,21684392719492002
0,218466056791922
0,2043981744699606
0,1965299281835848
0,2045721530890422
0,1541520668414118
0,1926955783216155
0,21710096324009898
0,2232281735771046
0,1927144557919672
0,19457027074178382
0,14239727440485433
0,14718255230652325
0,16998791378161818
0,21970961433486313
0,22916634523055346
0,233484142752333
0,25976113318713084
0,27750247370955067
0,29204204374133286
0,31938578047920635
0,2544372336076064
0,3112965601420787
0,3035416327679794
0,29875818011205024
0,232657656012665
0,2636942314727355
0,28237845422583263
0,17905350511571932
0,16392794206405167
0,13871657622382594
0,18383843040486567
0,1387763627062725
0,1357594580741358
0,21752000792722995
0,20573565440460562
0,22013315438108616
0,22889189435336357
0,26334368699296185
0,27296917543438726
0,2589900029878389
0,21416536504335493
0,1949872975500242
0,16220236635232912
0,12327516899061507
0,13759897237781746
0,13964231465541643
0,10138565973862476
0,07942085887372671
0,08971875397431224
0,07119265682792873
0,09449430461662656
0,0934494518888707
0,13560772951013106
0,12490506596314536
0,20911351448567617
0,1748680644556585
0,15207247171390229
0,15311912211888956
0,1592698874171736
0,11681615409241881
0,1388399387720396
0,15257311637560286
0,16747776157371266
0,2258608510020521
0,22581546077648051
0,193962632387572
0,17769944954616484
0,19079007147583824
0,2519102183125138
0,24315605851194963
0,23410209064041784
0,21413739846182253
0,23346740293972132
0,24223221783385956
0,2769632988822413
0,2932390624362802
0,2742010807541457
0,2521512639832593
0,2504306095958592
0,22236632461618241
0,20917199634425362
0,21497958997518576
0,19953157138054878
0,18121193979372074
0,1346175195433243
0,12567365993346277
0,09128745199881937
0,06319097801468491
0,13114282201299907
0,12363685768302493
0,12943723483467015
0,1820581573253235
0,21223183876288393
0,23738396685165075
0,24379476521917642
0,20589125730944144
0,15903319682452316
0,17936346527638164
0,19726541005936915
0,19241917281388196
0,2323848050008067
0,22151677070083556
0,18587293872702185
0,23152083959227837
0,2505753890966081
0,26968165601066313
0,27625658212027804
0,2642721301275198
0,2663766675273853
0,2933993071681598
0,2991658363802706
0,2958834821371925
0,3075207754884722
0,3146190344508509
0,26500602994653133
0,24288836556174487
0,2355388316312163
0,24444990529330776
0,24798532578971622
0,2571916088226392
0,27091502853989124
0,23129088326331043
0,23384242524336818
0,1948678431054547
0,18324247858843518
0,21178435560309203
0,18571394013240222
0,16346365047575584
0,15790097137085926
0,14355166871789884
0,15357191028411063
0,1260321680221291
0,154340394354361
0,11105764025376466
0,07706469715386376
0,12024055278183897
0,07228314537938468
0,14352095760919165
0,1448935901682738
0,14412205095421457
0,13972971062761103
0,15683958375269932
0,18485697580371588
0,12918493413517138
0,14115524635199322
0,1533787378448321
0,16291957155083372
0,14668732102178003
0,12087866015659275
0,11366760116664724
0,0579758472439886
0,044851620544196405
0,048461041374874086
0,09323558992093545
0,08616055951039057
0,09616739940341906
0,139340839805189
0,20657902707427553
0,13447664835418568
0,21821543973924254
0,23807779861167205
0,2550519806650206
0,28664137118782645
0,30771757317028664
0,30575609390638475
0,34593815423341323
0,35294788091095325
0,36414083774336686
0,34914185017302896
0,4175838330711102
0,36802163188501325
0,33858387546278473
0,3400217543954442
0,33751840615407114
0,3887267578620515
0,4221517869755921
0,4330334729767653
0,4536521966033657
0,43997933090923197
0,4672720811512953
0,45715717538749945
0,44169885732302383
0,4548588744901639
0,4957710602557675
0,4739849524192521
0,4870312936205113
0,4453187807522139
0,4247139680205596
0,43168760080105006
0,4436886874261351
0,4749606500557532
0,48470251527830643
0,4881458823114249
0,49370923455555765
0,4082113649295594
0,4209689697520501
0,3795341447758184
0,37952037675763106
0,3622452816881739
0,3193548360763477
0,30574780135314017
0,3064062795833492
0,37774629805566395
0,34729196529961986
0,35028368150013584
0,3817585278552505
0,4041160383412767
0,35674874399753925
0,3315127715999509
0,25799274922738163
0,2587840024927395
0,21097865209639707
0,20051429520478845
0,14018600139144793
0,1060989776486647
0,13838859093650227
0,1328199172652009
0,1751878317962852
0,12103236707604023
0,10287049640475329
0,1336289199255532
0,12359491080477303
0,07687784140498286
0,16222412448896864
0,2140906422884746
0,28185525884321827
0,28393560430815756
0,2602410233234204
0,2932623166316938
0,2527525433389918
0,2276875832888769
0,2205504433522975
0,18937890545972255
0,22890176059614287
0,23783491282748262
0,3001516532473369
0,33753890042925555
0,412411354947769
0,39835140503939886
0,3929697341992
0,4329316804244203
0,4267484233129872
0,45999514992633467
0,43537636684677844
0,43765177492389434
0,4422206061828807
0,4743577973276904
0,4131097184028214
0,40122944907081853
0,377629595564151
0,4033637214456652
0,3717278572180081
0,3462184486686153
0,3170194575454231
0,39399390163290593
0,4024591362730037
0,4603120441837396
0,46074684066940713
0,47687818745713134
0,4601409295302544
0,45145988395290315
0,4512108861440757
0,49855177574434434
0,4945669291531918
0,4748067981732941
0,4572966101671522
0,47106647134735835
0,4631868401368943
0,46869854835634717
0,44645700791696846
0,4217559193302706
0,4210761692626827
0,4689307299283458
0,4209128143856094
0,42359959377539896
0,44759001201854554
0,45286346478949613
0,48200591506096707
0,500993514868906
0,4743098949512057
0,4825655043141596
0,45152130144910513
0,46337636132373405
0,4789191486028959
0,4769212420887942
0,4796165181297413
0,46792558862746264
0,4457352159761673
0,44342523211196805
0,40000338041276745
0,3876793536843326
0,40575968623459335
0,40006938883728743
0,4128694015868257
0,4448883510818853
0,42786270887658373
0,41331777757580357
0,39840095199766223
0,37358532614982287
0,4223733074109235
0,415660405917669
0,406097026786526
0,43741917950177517
0,4206273397760543
0,40934979100320085
0,37004067194930584
0,36109124249457913
0,3432675275022805
0,3247924572062861
0,27863626585142304
0,22335937868488862
0,1571417047669968
0,15379660927211494
0,1421860024923149
0,15362855172446205
0,15012347814899482
0,1450441702580775
0,16091112153231013
0,17968494916891214
0,15877883082798344
0,17792094038912268
0,22860175829416488
0,19048738552452438
0,17831436513159513
0,19717361748741727
0,178994669952893
0,19620341753046322
0,21056443938327188
0,12371417945822313
0,16931200504947397
0,1909203339246088
0,19047543431559924
0,17197805218241127
0,17949480403356113
0,12319212542951644
0,06969116206171716
0,07808911504776837
0,11300108064171802
0,0991849432178675
0,12207360489978294
0,10960638821203669
0,08029286466372891
0,11454476578989016
0,13803756150024155
0,09257698164885143
0,06908209279724006
0,09497678993761427
0,09811758824764696
0,12853840848438208
0,12014686304906623
0,10829291529090698
0,1618682096410506
0,14826001987217796
0,09953461243296327
0,08147562738537947
0,07487023560093833
0,048736108268365046
0,060625675655093844
0,11427875128910155
0,12656532390946276
0,18609405689323055
0,15844289568072925
0,1802270438409183
0,23468171634929044
0,24410576051927654
0,2924593400229783
0,2988363956241986
0,29134874688453855
0,33223408686036376
0,3858391001518512
0,3597967555549223
0,3557836274636831
0,3348229893397825
0,3066072209364521
0,3049140393680949
0,353086983764209
0,34735142018231807
0,3825671429435326
0,36487185534548644
0,35070609945828246
0,32778488115316273
0,2949903136912392
0,2825944236293713
0,302153698646523
0,31806221005333
0,3107321096691572
0,34487038445043683
0,3215788870837336
0,36680354550459204
0,3587176463139681
0,355765030838723
0,3730230292516478
0,343285590442555
0,359828366839903
0,3651418863403807
0,34263453232809754
0,35163467509592705
0,34830796142698933
0,3471518557607385
0,3268710946802402
0,29442757309888995
0,2691165070671122
0,22318818637343546
0,21141199287382134
0,26644025650124836
0,26786369052543985
0,32102139075554637
0,31628667959254886
0,34912953382157774
0,385688967608575
0,35376763095340535
0,33575474985662296
0,3282942174374348
0,3288389797983127
0,3555575427345164
0,3524892807714502
0,3359017210210363
0,37901406367523904
0,326811371281514
0,34514780414998386
0,3311678459281652
0,30745550843968555
0,2761348039362128
0,28595170389844127
0,32700136472491387
0,27562606906899806
0,2953617526026688
0,26889378144247095
0,20788551909778288
0,19571846762293138
0,170147292071469
0,11446967174877432
0,08544450460995348
0,09314177782425392
0,17583448224108034
0,17995421811606427
0,15701507216613272
0,17192744170684574
0,16289108031704647
0,14571494548590297
0,15951116848583563
0,16471767110669336
0,16057237731611598
0,19522907067192488
0,24899409029310912
0,2546813212208029
0,2770176048432143
0,26066749685087576
0,20862316109771556
0,24779658931621606
0,23088480607859282
0,21575154585366108
0,19666574184250016
0,15578937321909656
0,1606419913942116
0,11043549936430833
0,13909059746283212
0,1833587073685579
0,13783509227208326
0,16107189893539378
0,1051598877357532
0,17992936161087686
0,19700898567203434
0,17540889536045812
0,18457291680490928
0,16231827719424544
0,1752977880664694
0,18653984159819947
0,1998930567175861
0,13203998256490346
0,14904483045275746
0,17358487888126017
0,17538015542546587
0,1330379808355382
0,1424834866643702
0,1437027877670329
0,16734672035514245
0,09542834917882105
0,12081862972921348
0,13234215176377495
0,20909380633446992
0,22486401131713904
0,25687116253451686
0,3035996547682567
0,3469040638949046
0,2779122538271819
0,27383602137952634
0,28511964545543855
0,2974597327018779
0,28399325108250606
0,3038149694919656
0,3088215262083733
0,35149480339630707
0,3589570249395563
0,3320597628739629
0,3032545912811583
0,31359171850225975
0,3043289241774226
0,276589284362596
0,2533757983319105
0,2876429808441503
0,29345177319528476
0,2197935119074819
0,27671222859485844
0,2042405903906506
0,14666000248112615
0,1328469285013223
0,08817578009811679
0,09002073194479016
0,18819952944491034
0,20174799078211053
0,19557335177293
0,25176016295501336
0,15788627752388398
0,10152719848975529
0,1344699256521112
0,1374763051512047
0,19599642079805832
0,1324337399636742
0,09591668371573309
0,09059579697394558
0,07415216865885137
0,1411333926185015
0,20100830037969794
0,24550504753443675
0,27339868529911204
0,25338776853371847
0,20449936045458972
0,1648007905267167
0,14160683322078724
0,15829678575183082
0,16917740854767205
0,12724873525145863
0,13836909955233548
0,15507316877431546
0,14923834533035513
0,11379744369691162
0,15063539195407338
0,15878608512639528
0,14841337238641827
0,15035840441863169
0,20281556486783225
0,28775106852346954
0,328812750781117
0,3234744081430455
0,31877284199798206
0,289014544141265
0,29482248597480737
0,2886240040578965
0,3154713266526685
0,2780145559180652
0,287675359163963
0,27467159192396134
0,27388191424039027
0,24015354195658398
0,23353840626392716
0,31612983034125935
0,3109663276373429
0,2429360852353082
0,2142340647842539
0,18514038631188084
0,19283024495465212
0,21475205805638325
0,22013511979214903
0,170667732939004
0,15724048002224442
0,14604069484370072
0,10281681376058213
0,052451017817637995
0,04898080941720922
0,06951016414256773
0,09240403196062755
0,07829686722407764
0,04921005916541977
0,07641709353879314
0,04740612820254687
0,0581251462405093
0,10748568140593867
0,1477296372720481
0,14356823360926357
0,12552599518982088
0,11053561151217096
0,15778644765453978
0,0871526067493166
0,029609523848396855
0,006412719859796198
0,03743971220849925
0,024662065028411475
0,026366828895719074
0,10086496499871209
0,1030606244096843
0,13028359997399536
0,15514051552338073
0,09297602642972225
0,08910413067125103
0,08400854852129347
0,052267631554199084
0,10028338722736993
0,11771225784258876
0,1170759242493682
0,1674647466673235
0,17081360434335371
0,17564731141976359
0,147322067983583
0,12201846834473754
0,15075642783061444
0,15270993501924843
0,18266667354734806
0,22291907676078437
0,29662626031467465
0,37035205338997
0,29344813496403593
0,3037603470669893
0,37095374939612746
0,4155701172607469
0,3699728504260205
0,33000139218507146
0,31725408363188845
0,35574746562200094
0,36883803903454654
0,3945311122440918
0,4321767250007074
0,35175158602924306
0,3845281461428591
0,3767610512281979
0,3845622996729076
0,40044756224793093
0,37827965948851644
0,3629082816565858
0,4026425836634014
0,3667321873760551
0,38195345759251337
0,41996163783342194
0,34179779276353645
0,3004402916819675
0,2715261005071685
0,3120747923598698
0,31611493786230216
0,3239207004862315
0,32233807353313476
0,3652878504465411
0,3760561544916143
0,34295723074315393
0,33357945051079846
0,3100158917127944
0,2514269167162481
0,23148264926521273
0,18350718514316589
0,2317053862201704
0,2459722257044809
0,2618519310000198
0,27522848593152605
0,2716348575923988
0,29880876649521665
0,24940999912094056
0,2504514164326294
0,2503845562932299
0,2400377599375153
0,2344071896286636
0,24661755706082678
0,25284732104672497
0,30599648626411946
0,2603261725920723
0,2940105512228231
0,32195268690444884
0,3241815618836602
0,3327855762162188
0,34161597036027713
0,36457749341943446
0,36666341146222486
0,39913159454798486
0,43239092133891255
0,4511430310899874
0,44362721142959155
0,4628429178512647
0,4728757384470594
0,4942988844060211
0,4682281260541567
0,46780686593074666
0,4701119224838436
0,4560715259988062
0,4725079144279848
0,493099381828764
0,47790306674109756
0,492850192890382
0,5354017587377687
0,5286869199562241
0,4735227960582141
0,5106580541408139
0,48656156576085485
0,4900271051353696
0,4622107139654603
0,48098223643820337
0,4949954802761991
0,4907875045578613
0,5160092617778677
0,5395870620523432
0,5558541450121562
0,5216358877008695
0,5385350159696252
0,515857559301974
0,5423405959781243
0,5566592274253767
0,5153383085497345
0,5287592286594188
0,5346700585201073
0,564231588838083
0,5433570622614584
0,5012588484219226
0,48538855483143417
0,4522900059482105
0,4868251292860743
0,45652204025999416
0,42238293492117107
0,4159015439090289
0,48069550969508656
0,4408785266673854
0,40170531097425055
0,4450074323119084
0,4106067083382904
0,4059727831645424
0,3742925869669461
0,3541899159848151
0,3493985989639839
0,33633197886877003
0,29929393871137205
0,30178497022321016
0,28862777105053167
0,29163589438962073
0,2827155129798448
0,2231629658192045
0,2282179479313971
0,262210438273988
0,23497038463049746
0,22785235472616672
0,2251885242338328
0,24740941056978016
0,2867247964573815
0,34463129297823175
0,3148448501985697
0,32033608461963303
0,3319582677318201
0,328367927230902
0,3099590678635123
0,29619222442809134
0,25797491038693754
0,22507799267449807
0,21763590737592134
0,2094879571927817
0,18333815472446927
0,23653291719115582
0,1850954396402708
0,2804603053990263
0,3199447110691478
0,32578934805739124
0,35181924591509817
0,33215662182660166
0,2888968883556007
0,28000724638165125
0,28621715007682486
0,3136651555195616
0,2810761834989147
0,35026285061098295
0,2832454170656064
0,2947723594687813
0,3437092773251972
0,34707123978313825
0,3438552866235569
0,2864599181266131
0,2898009612394523
0,306504159570523
0,32717849531284043
0,3003902380693665
0,26569014110702727
0,25992711564606075
0,2106230371204498
0,1885811839183983
0,21933707283167683
0,23729796199488093
0,21950662384373526
0,2280493888348665
0,23587049568212284
0,255049377943971
0,23882776964627728
0,27852651857173866
0,2725116180111576
0,23024777556437817
0,2187399976836029
0,15044974938464964
0,17861361917228646
0,2278199985915191
0,2466258936300686
0,17923551592939505
0,1704175814599402
0,1858564242588605
0,17420141787314705
0,14207656632918828
0,14819982591132694
0,1779785126790703
0,23057384100270806
0,2222635425806224
0,22679925759201633
0,18692195639335224
0,2186558185040602
0,20665361302373417
0,22430708266618096
0,2363429267193168
0,2772146792740749
0,2517613560230652
0,2537074915774921
0,20128927870452554
0,16801025934329747
0,19055454346830122
0,22514527502297937
0,20501182140682728
0,19681120906090122
0,20172701765919737
0,20125901559840664
0,17633362875164732
0,12746038218560746
0,08719932018426306
0,05248133885086213
0,07538314629986974
0,06396125811494106
0,025982711655242453
0,02632870696107164
0,06033195228476707
0,07544058926447184
0,11099207464410853
0,15838834844621297
0,16713807181565926
0,19946385905632394
0,19641763770913828
0,20530154693515035
0,26406971637824694
0,24833798504299878
0,25660508732940857
0,29239722750235136
0,34662377536000133
0,3528567500827777
0,3786009426596205
0,2842751290422441
0,29633580225661366
0,30965690303506266
0,3036186766000436
0,34810131945547423
0,3539804097476753
0,32287434214834815
0,29963780056648953
0,29625005438228214
0,2884115029510005
0,31542275593458624
0,3459784493316158
0,3054205430880616
0,2911886393607318
0,26523370848776806
0,30215643679193804
0,27192570089108786
0,25994218602621316
0,25423010306541255
0,2370785151394585
0,21998786438829104
0,22289323530903749
0,20989665821630418
0,18617905562220524
0,19944186588616541
0,17230620306680697
0,1643226790154319
0,14029995867501704
0,1835886210712594
0,148645076920759
0,1319928915238444
0,20010551527854012
0,24701797687141214
0,21422638007132264
0,228214160657784
0,24878218042076072
0,2644688456239531
0,2716407564832015
0,2696981558282427
0,28576758733169805
0,3203655152588426
0,3735486780621788
0,32609902796587764
0,3593199216919434
0,32391361809576236
0,30179413944398287
0,2931823443887616
0,2765510456562671
0,26635241416118294
0,2882635991909342
0,28119223620629596
0,23501297531321835
0,21940478157513676
0,22501211550100617
0,2174732358785798
0,18986001257494256
0,16442495133466314
0,233454209031723
0,2589326981392849
0,25892500883298425
0,23337122519327935
0,19047710788338057
0,12631912500813616
0,16575254037807435
0,1359275045704102
0,18662979131175625
0,22785337199489958
0,2681494233486576
0,32025457875118213
0,36851693139568875
0,366078785260726
0,37864205390134925
0,35102981182187126
0,3683933889344389
0,3746524220646293
0,2989902251879607
0,30281908319650874
0,32618481589240617
0,3145753856609202
0,31602910227368675
0,350149700168697
0,3171461643967614
0,29540525771292553
0,2739681078771346
0,25503304314987163
0,24765493514971684
0,30787831709106955
0,3165884350678024
0,31953308078054354
0,2869273514691821
0,2810189932184646
0,2723643125910941
0,2757293918501089
0,2790184884061778
0,28863308504042207
0,30552972447385696
0,24469267988839694
0,24475023230486806
0,27444706567985167
0,273533845216477
0,2642377703170631
0,2852545612951362
0,3288015083719398
0,3655820753172755
0,3874181901559317
0,3959237610554045
0,37512807968322653
0,3535055177371995
0,3419434223233111
0,2592321294308254
0,2712472346420927
0,29285111142389747
0,2553774657656772
0,3043081272488268
0,3496846400772769
0,35894637793373124
0,37836863070791693
0,33899324955925475
0,34669108619916017
0,35546840537102997
0,3215548760972909
0,3716529141006614
0,324069570135898
0,3400993653045443
0,35905432186914693
0,35283215843328564
0,3231683911230462
0,36036573361635
0,3601056714037522
0,38283693054330964
0,3426516941715069
0,42551382505838303
0,38458167551020533
0,36501765755303256
0,35023598061156747
0,32790815297334214
0,37700984616675076
0,3660432836040491
0,3273723980615426
0,2950601447927056
0,2936776960723576
0,31688989886351165
0,33874936942049855
0,3641508411639457
0,37178026508360856
0,41615387079444677
0,36180948913184335
0,3845915898617675
0,40239448429429675
0,39895185390619226
0,3966900540275509
0,3711554529147218
0,4061592190694103
0,44338947005414286
0,4116659984418506
0,3760100661855923
0,40370108155342227
0,4442052377976493
0,41810363346628293
0,40388154690682737
0,42819346593966934
0,4318867560323949
0,4136328438879788
0,3891745659162439
0,31816987200695046
0,3120523635901444
0,2667264700905416
0,243000728688142
0,22914897170040538
0,26175335882521333
0,2296464221454876
0,2424323488219575
0,22314163782565094
0,23754940143706602
0,24625103149879854
0,28909403710613824
0,2591154748521275
0,299201272252361
0,30070862864561804
0,27515822172626403
0,22559560475571022
0,31718262760101706
0,3490945945042088
0,3701254399543299
0,33900999242314855
0,379770152885285
0,40616743112724957
0,40173519220282106
0,40360401679478025
0,34890610954166396
0,3262365087402086
0,3333080656016917
0,33207033374068123
0,3188649016828312
0,30561869689447346
0,31403017892277385
0,3418273146924596
0,29482551340036955
0,343112236390745
0,35410871660868976
0,3826127642628
0,4416771259179806
0,38440456635684755
0,37413726624928095
0,3999561129551683
0,37130841184373076
0,353995872871077
0,3373628954403584
0,32859139718309816
0,3215978419883998
0,330239599098533
0,35066104783858565
0,3211595955965831
0,3279222797813206
0,3167154310841946
0,29881582390761463
0,2940122352810279
0,28783311792044824
0,2947411619188683
0,2633188355896498
0,2555608206610997
0,22752880177357596
0,2851702980462803
0,28769237793136654
0,3546803926740246
0,34612834743555204
0,2998816412331753
0,3122256694004359
0,2620122893039372
0,2764559523257286
0,31538641690903735
0,3194060320050182
0,34382096615863955
0,2813893829286109
0,31800837726681935
0,27395357332037806
0,2331154954010331
0,278238487107363
0,2203246395369752
0,20664834016534997
0,23219124119328208
0,1856369886995495
0,2136966072593853
0,17813617103762475
0,1722862117528775
0,19184966766905384
0,17430460170541462
0,1371962758916825
0,17521705255458556
0,18842138263296515
0,1879039146757857
0,23341305431742554
0,29724788424009174
0,33256798163327095
0,3331832942192231
0,3151797995902012
0,3663285701974949
0,37798949015944144
0,376910066945035
0,381999095289516
0,3491006388354355
0,3416367180053167
0,3067712468201229
0,3012903622183547
0,2879297524689466
0,23317737797960025
0,24139987887499695
0,26730460353722957
0,28900481746110857
0,29208366480562326
0,2671793438641451
0,29001741841035306
0,28949433511409917
0,336562303063608
0,29631373670544375
0,3006287897120936
0,2890971453062634
0,276709215611762
0,3369273043875687
0,32290896997658214
0,2969987883342151
0,26669118671106073
0,29956215847223855
0,3306847208082084
0,35118763289780003
0,4026200852931553
0,38548926348150514
0,3872691385395704
0,370896475722107
0,35739132719678374
0,31559611142243765
0,3463338072556382
0,39545707138409575
0,37177371770605194
0,35312357660354804
0,35245490151120723
0,3493639045696798
0,3325116470832541
0,3018796993522454
0,3121371876179663
0,36667086215307604
0,41396989067934525
0,41014070205059744
0,3875572786956984
0,3734641011585516
0,4259647354013736
0,37239522542075115
0,4416033185556856
0,4561809573305854
0,4869071235372675
0,4923226730530384
0,4839515932736301
0,5089398878612162
0,4763633500333096
0,4902285883328406
0,5009867427444931
0,47240985796428114
0,4902496552712059
0,48690778706337423
0,471077892402193
0,5424374786986156
0,5055141190896905
0,4864173631581219
0,4415544677931363
0,4569572871602723
0,4366764271828449
0,40962024589297796
0,38036951169913913
0,37142167248141295
0,39729332495885344
0,4273644773589017
0,42256983357835926
0,4790917136819823
0,4903497275691647
0,506669763040868
0,4717223022414304
0,514235929821721
0,5178284271172041
0,5146390883091764
0,4921080852221602
0,45329451397169984
0,41872853568309437
0,46506238560585444
0,4734780507293045
0,4605020778158691
0,4815250286622109
0,48613837781611463
0,47068574667296414
0,5114824014294167
0,4289023618148098
0,48179433001207106
0,463794123583102
0,4538796775632074
0,4454228316380209
0,4687520378004556
0,48439852672953965
0,49017683953834157
0,514752370473228
0,4879091273761939
0,496404045106785
0,45411286575170406
0,4277156440431348
0,40434367142173117
0,38535810245815055
0,38635841243995145
0,4113828478936011
0,41851016005908753
0,43643570148317773
0,399223810762888
0,3835430931725556
0,38874172708034377
0,388564523022751
0,37639879605813764
0,34917109559251475
0,40604972261434674
0,42136494127416996
0,4172770384217561
0,45869669196524154
0,46660742755516527
0,4666983849699607
0,4684023504737538
0,4269275875712043
0,4695493110754499
0,47493554137586574
0,4390341340978235
0,41814653136587876
0,4020170354805654
0,4118252851669809
0,4229927365322057
0,41847212398797834
0,4124779853221104
0,42901085800680583
0,4502481945483322
0,45770298708937324
0,4544124985674286
0,4530387260001326
0,46191843298359897
0,5123134938025989
0,490315418724016
0,5050756891791431
0,4968748154213541
0,45365835459426374
0,42671711020459685
0,41670234120754734
0,3975765608536
0,4175554357329046
0,42404224473286695
0,43518461465486097
0,412932424084383
0,4461671273123639
0,4437183488926998
0,4406749022067833
0,46201109613428637
0,4612596503560736
0,399054794612226
0,42167821888810286
0,40074799847295
0,3943909727842679
0,41476412187908396
0,4495801395623433
0,46495662923544473
0,4739510007841492
0,42629177830509923
0,4261840606955328
0,4725383952628322
0,44061510723944936
0,47842706599314594
0,48475533135689025
0,5027328141385602
0,5031146828140426
0,49654415342699065
0,489492692468656
0,46381995241074303
0,4897619826997277
0,4343543151235326
0,43976172399685953
0,45113051115195363
0,43617214319033765
0,45022500225054085
0,4350163515497146
0,4547203514262163
0,3686220792410763
0,3846668032457731
0,37917142800692843
0,3673419750023871
0,32383705000613344
0,3628710687556261
0,37141207067688353
0,40168849939779705
0,37377026871358654
0,38858869012109487
0,398978221577023
0,39136879171217503
0,37769785198114164
0,3648114932446375
0,35330681909063166
0,3768666460697088
0,4027580979475259
0,3774925824360052
0,41698743907806185
0,4251845217626635
0,4366880223052436
0,46545663324004294
0,45040427871975813
0,42011760081057997
0,4193021056933832
0,39708545856026856
0,378824049414052
0,3927501335574075
0,380010029823654
0,4126769132821465
0,407435975153493
0,42919111124648895
0,4540459968188552
0,4515254645648422
0,47364559837447207
0,5158128164571348
0,47600633293478145
0,4737784098512768
0,5095426102529129
0,5294626163086817
0,47067353566841413
0,4683723452294754
0,4460510236579453
0,40363786098735155
0,4458176648412449
0,4221352655651143
0,4042531412577095
0,4241629047416723
0,39786472065744116
0,39999186527736275
0,40292991429004116
0,4029442823465685
0,44143729074834437
0,4678212818387145
0,44947978327438504
0,431149135926429
0,479611916680525
0,48194038695046126
0,46020396629307525
0,4554217168331238
0,44990500138121303
0,45080429297519176
0,4780133898886513
0,4755888005442403
0,41434397792952987
0,4372248442519351
0,45924376552715934
0,4188551827790398
0,42795642214955565
0,4474265111921775
0,4754072532540739
0,48923600659968436
0,4616126590716087
0,44431688757994076
0,4209285464793045
0,43185702466036446
0,4626625976515432
0,4525574001985649
0,5104001279148712
0,46301456580889794
0,5085242661336147
0,5136820837197175
0,5074010183667494
0,4919324260038519
0,4786341145306364
0,44996150876374874
0,4301997306870619
0,4660680293122663
0,4651170742303564
0,4841368203610537
0,4617461519190261
0,4883951581074292
0,4646172312676337
0,4338385947811924
0,4541187212999701
0,48334146953707074
0,5246773328328804
0,48345273051098303
0,47963648381829405
0,437976169208441
0,4341481602033458
0,409134395354539
0,38095891835078877
0,4028529402473122
0,4121760197526018
0,4261188531345478
0,4180629332537587
0,4346706100259418
0,454466956886619
0,4942072252905356
0,49625008075608706
0,5085500574264916
0,5006246462550159
0,44886232712122154
0,4875253482221872
0,42562292225268317
0,4632777259275113
0,4320407839645663
0,45024184702263254
0,43697440251688097
0,4379503330512936
0,44007075584180616
0,44843044313974
0,44516399389240896
0,48213601420576413
0,47076351652191095
0,4570283474386152
0,4154858547840441
0,41028527491774264
0,3779882402974552
0,3920740037181287
0,39414086116324093
0,44324284985984624
0,42505362354697784
0,42235154142991893
0,39471342138345333
0,3508729373677048
0,34759562482317213
0,2923521542518653
0,2758160048633021
0,26608416272791335
0,2744137922362002
0,29782794290636133
0,3662374456574303
0,3595244462391181
0,3750275914946013
0,3915407191900179
0,3470848978438523
0,40105275656271633
0,4097698241454277
0,43605865243365494
0,44884357046639206
0,45081127083229944
0,4428443590444436
0,4386455884538209
0,40128580087536087
0,38988137354293534
0,36319834636267684
0,41478813626584404
0,4115475858362108
0,39409776928403956
0,44346099458318916
0,4364535047928456
0,3945219996289375
0,3829748460740806
0,3598282025730514
0,33621494685192543
0,38379191039756183
0,376838717938274
0,37677769468120464
0,33926754033687395
0,3631338669505352
0,3434250573722492
0,34677057746639833
0,33680342646704486
0,2716782402506923
0,34956198680334966
0,3059641417395234
0,30272769373232983
0,3350328268914139
0,32967829405337923
0,31162916469251956
0,3102052431961198
0,35130163829905603
0,33175956165219433
0,34072169988796425
0,35134826738869246
0,34541716515820764
0,3934934494732775
0,3775330481620007
0,37357119639817915
0,3537594020953982
0,37893360126804393
0,3684642757099962
0,3846291106992607
0,36176959121259605
0,3362248795460826
0,34521365281162436
0,36410709062430835
0,3901282525913138
0,34800211659763536
0,3721217216225669
0,3489211353988355
0,35754054669401575
0,3660164818087288
0,3031750608069929
0,2955038151025823
0,346028664530852
0,3329738390411735
0,32181222754540206
0,3469905155719621
0,2887444043202666
0,30993981083455896
0,3129881776406004
0,2917764146056261
0,28338453104879485
0,27800287627706155
0,2789228858414547
0,30006038270693297
0,27420575677580095
0,28147629036397886
0,3000596940354943
0,2963687768588038
0,2624537619578448
0,3000195451815385
0,34498715484993825
0,3467879204141079
0,370945787439001
0,37250561988939873
0,353933308185909
0,3974247636232624
0,4007629172777528
0,3610423389106299
0,41196452964807323
0,4325280384641497
0,4316374955627039
0,4242708019388679
0,39669535616029733
0,4441011590019985
0,43275373670945355
0,42782827954858704
0,3906205160759463
0,39699260458110225
0,42516485246786406
0,38776181399736576
0,378042007713414
0,3760388132822977
0,3555069829218844
0,3774850087005312
0,414619431508435
0,3996245516966991
0,4285892979972016
0,4247955117861358
0,4309647064216657
0,42625877796166783
0,44923907151493514
0,4612059882931257
0,4493261621228991
0,47517998445007126
0,4144942624478444
0,39626453584973104
0,4245529589093216
0,40182415463192706
0,41725941723391247
0,4557601457458597
0,4678155307181176
0,43487663215237515
0,4387092413188468
0,3680943396655036
0,3790159648423507
0,34658774480498944
0,3626542045040283
0,33626620570613885
0,3652907938757552
0,4208076219765887
0,40323406162283754
0,38350771724245947
0,3539506828590446
0,3511085548122673
0,3450818784920646
0,342036898944716
0,38791141684268116
0,39210440505166083
0,3383855264044024
0,3238379238911012
0,33162861055559895
0,4057457027592982
0,39147541831852006
0,4473818050387454
0,4323959695936134
0,4065055704210597
0,3891078831536012
0,4017905174995792
0,45556326964372623
0,43087749214040316
0,3920923897445043
0,3943833240651167
0,39312958592634867
0,4077343424300023
0,4116694294836359
0,4180688488678536
0,43306068307116213
0,42459692568537916
0,4277558626016284
0,4563369406440458
0,4591735822956155
0,4377535008917161
0,3856045771648027
0,45597157442424
0,4561814297440417
0,49163205527377735
0,4532110287917312
0,44132574293572285
0,4634622963763647
0,43703797363089025
0,4734045145106316
0,49669633720304374
0,5157176362166506
0,5071298862051112
0,4721838896745796
0,4501722974088393
0,4218837459947769
0,3957812500083905
0,4085083311066336
0,4373548277902437
0,4248264894263427
0,4141502701694228
0,469532976236351
0,4574368828388362
0,4345057976893516
0,44072140298250406
0,3977990049290891
0,4011234961739337
0,4108490877866535
0,4194151509139459
0,3938124231760382
0,42778746932220185
0,4683730810213579
0,44999677138172245
0,422940153677782
0,43914379376266877
0,42630326320335715
0,46637949128345724
0,44478985975527174
0,44126338119154934
0,44661253842672094
0,4179936989566939
0,41997554694567885
0,45233523756066896
0,43221065020194016
0,4429139524648748
0,466068031640375
0,45710236731599585
0,434425430253285
0,4035344196886084
0,3854580063437747
0,3807798771356208
0,3672402206658189
0,3318835808609126
0,33613881651085137
0,3733110835864521
0,3685740318608909
0,3904032589361043
0,3338103927911929
0,33975108152084554
0,3241319348271205
0,33527408108237844
0,35493138215357123
0,3488675766585611
0,3228347528386777
0,3469459770017654
0,33007265466854696
0,3574515105640697
0,34933018252008535
0,2675399975165109
0,21529039405005454
0,20052186117695447
0,20742075070506835
0,1421944816819126
0,1866896589842788
0,14995807560913355
0,12582069841467886
0,10002488612889614
0,12376955977252391
0,12576232597332102
0,10867950916937817
0,15611128362888868
0,2051846999139556
0,2399855818041454
0,2601863113415704
0,24127013094476596
0,2113815587959415
0,15183905565897507
0,1530670219472624
0,16456744287215266
0,19491931533702334
0,1723669504920167
0,16604066089330127
0,2134128681420779
0,18920215606949667
0,19792124982274797
0,2457435056942224
0,29343257272445283
0,32568551102865884
0,31300229139372426
0,34042973715899166
0,3320167269359124
0,3118488270117777
0,3424590947943512
0,33665301434481
0,3506510550576419
0,31623387622266275
0,39064128296964484
0,38520452843286773
0,4394135291926686
0,4742852926393678
0,47908358324438466
0,4595692124490177
0,44835368519285995
0,4741718238677113
0,5221504094964949
0,48097199712750227
0,4953469784161384
0,46557673535399546
0,47244183241497
0,4763401921531867
0,4574096722748364
0,488323634065356
0,490871807162512
0,5433208445264704
0,509382337528034
0,5282742166995479
0,4983270829749018
0,5269640050474945
0,48411888451463936
0,4695100007887381
0,47937053958609027
0,5242867344916109
0,5024977471815475
0,4885102048590419
0,5088644930982799
0,5356636727507199
0,4914643400352818
0,48968618016352783
0,46996241918421683
0,4736317906930243
0,5045473837741548
0,4727270319717494
0,4621602301925231
0,44570995857008533
0,44049348726345255
0,4563369004095144
0,4408793721140129
0,39486794821181476
0,410343993495518
0,424098557414544
0,3933181330320998
0,33685958357343276
0,37033079358173904
0,3688283690301231
0,4315567145311175
0,4390133087430601
0,4666873524227034
0,4488165534463118
0,3723167197357956
0,36573533024549
0,4018101854307858
0,39280719650343204
0,32919210892481465
0,3581102533999022
0,3917691289189049
0,408749849134392
0,439642101551963
0,43915746223656205
0,44091083187102
0,4346393936723578
0,4261623021946134
0,42930925444877754
0,3697650521083219
0,3588695075796385
0,3486899940533592
0,3204366632477151
0,3342651017407676
0,3202828552615235
0,30641959657405726
0,30483925284911084
0,34751690782959926
0,37698890666132845
0,39156639059084614
0,3187020813142634
0,3401587915300205
0,3175733354786485
0,31212677538692907
0,29144617406663004
0,30813721121375653
0,338234671408041
0,34506311593522504
0,35004205086817125
0,37923220723771545
0,4150616948341627
0,4288400265058058
0,4404991762830886
0,4500998182095763
0,4947462506228074
0,46193952073861266
0,4756083380173992
0,45818299869078155
0,4630522491080177
0,46457354781073035
0,4325111046524489
0,401500628749216
0,3557005852234144
0,33067570264883844
0,37221444052623287
0,3269497529380247
0,3061801300087606
0,2990660842080696
0,29771887429845884
0,31625535010665845
0,27295876992223145
0,2640460784117914
0,29846026710977047
0,2733865395484339
0,31038240369131276
0,3075572801125553
0,21677442171463085
0,271063058329978
0,26718934798814775
0,29999709707840555
0,2826670019577266
0,28620442874717805
0,2976940184519949
0,26566887409744605
0,33267193776125187
0,30663763916489944
0,27415498488317713
0,2654253829350701
0,262451803384822
0,18430450825496805
0,18416570091128562
0,18476197801098854
0,169812183674033
0,16991865350155014
0,1728319870344487
0,15295392750543138
0,14838681631138662
0,12953166849671735
0,16159769267278726
0,1695049786290509
0,2310150356136035
0,15525555157327758
0,12845292762665517
0,1242648995744455
0,11205463773871349
0,11198489792208885
0,19386991363791456
0,17570044611043306
0,1449004572066802
0,19799259964367963
0,26084732135939187
0,27610810288052595
0,33010587671900976
0,2870865434593172
0,27562748861211595
0,2645451036526446
0,22764461805313302
0,2176667621578586
0,21438961904801399
0,1576576635542301
0,1905614609479634
0,18025808809487834
0,20476663014816937
0,22382502775970012
0,22229860519567576
0,2318725518461175
0,2521677395818989
0,22043822296705873
0,2530914633060046
0,24168943678028668
0,21492544967372296
0,2779023734594308
0,2984885721128447
0,31595527268928925
0,3176387946386163
0,3031592423429648
0,285569780309714
0,33392819287573505
0,27421481876140724
0,3406911908817266
0,3415174072879313
0,2572318865540931
0,29231652389867535
0,3118671854115396
0,2963511912284607
0,2935565510469496
0,3021139521820435
0,2897319864055511
0,2688908141883374
0,3149888404990445
0,32023257930913035
0,32835093816148386
0,35640674089354996
0,33679376675467965
0,38531061841506664
0,3613896199555538
0,3652316552458543
0,3777594208828537
0,3478851405272247
0,3641808609269735
0,32114606303459026
0,34544899803385254
0,3286710241474084
0,31079751515534343
0,29140538176165204
0,26796081849438064
0,22472724728571972
0,17300118894851427
0,20295068824066362
0,21974139513592506
0,1971939099754031
0,22094637984938043
0,18336361917440921
0,23134714703953568
0,2512334281328187
0,2006790347329169
0,1817982715708852
0,16067773928168272
0,17220935488915406
0,164505040495449
0,15768169157743134
0,13378329137527786
0,14362271809500513
0,11835826620023529
0,12343391366975671
0,11442255803280406
0,1547529043646226
0,1677460886302671
0,1676693514533848
0,19987138018242195
0,1770126644048383
0,2381209058408515
0,19024953936051084
0,10073441118876154
0,12243163873788772
0,1495961379855218
0,10952168725428535
0,16539252712088762
0,20673638786266316
0,2484282962683821
0,263334519396656
0,2748982325569698
0,28826303505753803
0,1968151664350956
0,17467272755956778
0,18363720296694414
0,2821434525480081
0,2567108095354901
0,24381686752927503
0,29021331332964706
0,37554431305895425
0,2938406692521538
0,3097781652169115
0,36929912599017245
0,41791002340758426
0,39082135493315584
0,330658808589975
0,2841364141808048
0,23721794636588248
0,27105183782958525
0,28945101371821286
0,32377535013560266
0,31211661212781333
0,36079423202792804
0,3289690798981581
0,3607969856531365
0,35809046476693773
0,2905849321707128
0,3078273329423119
0,32865253001581207
0,3106702939163707
0,2914604048101657
0,2576590880895944
0,2695568004962426
0,17878570452656556
0,21512971808352963
0,2577315087169369
0,2832848307573446
0,2655024055433902
0,24577200039266534
0,23585133423709295
0,2804571272493992
0,30227878033253397
0,3191199062060343
0,3054485962029385
0,2568132661686056
0,2533122440993289
0,1810506584247737
0,21023846515296962
0,17371992100437983
0,16975694089553456
0,18042374121749072
0,17662149969603624
0,20226900250117963
0,20309863730479852
0,23954003509715108
0,2454977341023133
0,23066460983514314
0,23475807779350427
0,21689406667856753
0,26109194793519314
0,2666065367420285
