N: 500,0	L: 	Density:0,8	Noise: 0,1
Time	 Va	
0,0	0,06073857268235675
1,0	0,06337607271636174
2,0	0,07114358098179834
3,0	0,06840571004800351
4,0	0,0643955438575499
5,0	0,05795818567766253
6,0	0,07212380607544808
7,0	0,08552451534669725
8,0	0,09869239529195326
9,0	0,11045591154156995
10,0	0,12330219200595982
11,0	0,12706614145216855
12,0	0,13336414507967714
13,0	0,14199628985199234
14,0	0,1536230953755091
15,0	0,15058104037747538
16,0	0,14607484093776613
17,0	0,14257533081203175
18,0	0,1392709444190949
19,0	0,11998807973592575
20,0	0,11533019011298982
21,0	0,11975182917300788
22,0	0,1238761125146726
23,0	0,12582859196723645
24,0	0,12554627628678758
25,0	0,12212113553682864
26,0	0,12387375513093275
27,0	0,12311039108096376
28,0	0,11665762998877241
29,0	0,11100174964360822
30,0	0,10618615587329272
31,0	0,10596169903400476
32,0	0,09945657226702893
33,0	0,09509060154330375
34,0	0,09317723328561954
35,0	0,09362214928649397
36,0	0,09470259239737211
37,0	0,09228838201046947
38,0	0,08891445301735462
39,0	0,0797768489293243
40,0	0,07563658369855376
41,0	0,06907829663707159
42,0	0,06374077814594012
43,0	0,06882211435855243
44,0	0,07716019700267401
45,0	0,08282775101018465
46,0	0,08814597027172548
47,0	0,09353461694057842
48,0	0,09396670650742077
49,0	0,09681171202676712
50,0	0,0972559748048242
51,0	0,09823236889008821
52,0	0,09661818538020116
53,0	0,09757682852386126
54,0	0,09856341835171509
55,0	0,09714002634734294
56,0	0,09846798625472794
57,0	0,09953136395122558
58,0	0,0974314899100511
59,0	0,09718702268245989
60,0	0,09680010565536386
61,0	0,09667641093074937
62,0	0,08802737793796325
63,0	0,08067671713224293
64,0	0,06808526311597206
65,0	0,04146218558839973
66,0	0,01490817446395435
67,0	0,03264579186180388
68,0	0,04811208303128986
69,0	0,05729484528549795
70,0	0,05992541155599807
71,0	0,06312726546700814
72,0	0,06551491986475813
73,0	0,06724296363474021
74,0	0,06716233100617702
75,0	0,07209726053010818
76,0	0,10154839590023855
77,0	0,12211038302724013
78,0	0,13848390563758917
79,0	0,14571132239381654
80,0	0,16869500803442217
81,0	0,20994184502485594
82,0	0,2493794418455875
83,0	0,2732449537096632
84,0	0,278451855267703
85,0	0,28467685389163433
86,0	0,288980493709283
87,0	0,29445249483902886
88,0	0,29457223036737723
89,0	0,30549968553216245
90,0	0,31381037238268145
91,0	0,32991736728851495
92,0	0,34500584493030845
93,0	0,3712411785495781
94,0	0,4087650778391966
95,0	0,4477440941887499
96,0	0,4819843965558175
97,0	0,5044130575908645
98,0	0,5176644110017085
99,0	0,5249473566570999
100,0	0,5286766321048779
101,0	0,5324818444761374
102,0	0,5367065535025649
103,0	0,5355911264316465
104,0	0,5369209204390567
105,0	0,539373959063668
106,0	0,537477071141643
107,0	0,5376852775992351
108,0	0,5450548165624661
109,0	0,5571524673830508
110,0	0,570256976782334
111,0	0,5816856327518737
112,0	0,5868640273121851
113,0	0,5895875675856669
114,0	0,5947292569214474
115,0	0,6005132081598994
116,0	0,6109801957775494
117,0	0,6218396849573395
118,0	0,6266085241135765
119,0	0,6285418826266546
120,0	0,6320990156963242
121,0	0,6361621081767392
122,0	0,6432989566797397
123,0	0,6480162619385349
124,0	0,6474221344603991
125,0	0,6476451699519363
126,0	0,6482943593042242
127,0	0,6440611043307652
128,0	0,6437122586646765
129,0	0,6430919566776139
130,0	0,6445224637655212
131,0	0,6518723280697982
132,0	0,6524289460671779
133,0	0,6602008433133864
134,0	0,6688872460642877
135,0	0,6832261903489267
136,0	0,6963546511605248
137,0	0,7027533088120275
138,0	0,7103426859047824
139,0	0,7131946514670948
140,0	0,7153812851326414
141,0	0,7146108355996539
142,0	0,7164051440731646
143,0	0,718149743987443
144,0	0,7210926554193965
145,0	0,7210196806687247
146,0	0,7231441062616759
147,0	0,7238266357797872
148,0	0,7240421268063713
149,0	0,7250528104147448
150,0	0,7257669554671833
151,0	0,7258129781341165
152,0	0,7263931524489528
153,0	0,7260732053080693
154,0	0,7273785950191275
155,0	0,7301938392669624
156,0	0,7338423370080774
157,0	0,7396601890641785
158,0	0,7473213990016706
159,0	0,755539570153771
160,0	0,7657869380599306
161,0	0,7875592040225462
162,0	0,8043972557052816
163,0	0,8137958366042766
164,0	0,8200458693979055
165,0	0,8250048451282935
166,0	0,8336575463904128
167,0	0,840128925626627
168,0	0,846058820541478
169,0	0,8496407617004562
170,0	0,8516884553876287
171,0	0,8548606586460651
172,0	0,8571385133763502
173,0	0,8605616716481365
174,0	0,8610593877755703
175,0	0,8625312694466538
176,0	0,8618814112035532
177,0	0,8615409474583869
178,0	0,861738298450918
179,0	0,8613275405162742
180,0	0,8598758954224532
181,0	0,8591197471866153
182,0	0,8570553250825346
183,0	0,8580092513775206
184,0	0,8559311759493403
185,0	0,8556361515748646
186,0	0,8556667630714071
187,0	0,8559408469100063
188,0	0,8573251690686332
189,0	0,8584333004747516
190,0	0,8575861134279107
191,0	0,8584028500506686
192,0	0,8551002096103446
193,0	0,8549792014688294
194,0	0,8547733407902003
195,0	0,8554571384560161
196,0	0,8567491651957548
197,0	0,8555575916080533
198,0	0,8545782799714552
199,0	0,8527527467881459
200,0	0,8529614096780153
201,0	0,8504577454740262
202,0	0,8512610798848674
203,0	0,8518044077700565
204,0	0,8501095047951372
205,0	0,851971527606138
206,0	0,8539675927018322
207,0	0,8536736962993446
208,0	0,8539450837604706
209,0	0,8526864677983048
210,0	0,8519808816466782
211,0	0,850870798421168
212,0	0,8517113280413661
213,0	0,8502888274235425
214,0	0,8536033098935798
215,0	0,8561685888586885
216,0	0,8596178736426773
217,0	0,8603572913824143
218,0	0,8601735440201376
219,0	0,8603060506542348
220,0	0,8598774718512323
221,0	0,8601278461743392
222,0	0,8605980234809902
223,0	0,8614205295445589
224,0	0,8617035216040959
225,0	0,8608296697644061
226,0	0,8598690149860075
227,0	0,8592145460319305
228,0	0,8595739863833398
229,0	0,8605427168705316
230,0	0,8618015506897452
231,0	0,8619913556227525
232,0	0,8608675103829209
233,0	0,8577850787600223
234,0	0,8591234734039616
235,0	0,8610481027289234
236,0	0,8616006999775675
237,0	0,8639638187127192
238,0	0,8637916614561039
239,0	0,8638002668503199
240,0	0,8629800033751128
241,0	0,8631664373420777
242,0	0,8666613713854311
243,0	0,8684302203832497
244,0	0,8691163801426701
245,0	0,8688014896286169
246,0	0,8687907372608028
247,0	0,8685253307650495
248,0	0,8692289548954619
249,0	0,8700085856552784
250,0	0,8708198579882278
251,0	0,8724737417347089
252,0	0,8713539264784173
253,0	0,8708371955648282
254,0	0,871029681241048
255,0	0,872078015465523
256,0	0,8715978441343225
257,0	0,8729207444166661
258,0	0,8742204158708067
259,0	0,8761056361209097
260,0	0,8760663036551128
261,0	0,8759800021986279
262,0	0,8777819565494028
263,0	0,8767428615154073
264,0	0,8762612748473719
265,0	0,8758785825396024
266,0	0,8762196056583095
267,0	0,8773445629124954
268,0	0,8773409018684458
269,0	0,8780479198109522
270,0	0,8781479995542175
271,0	0,8767718364869213
272,0	0,8759063117600717
273,0	0,8750961323722076
274,0	0,8779669023440291
275,0	0,8770105370785736
276,0	0,8772564201727656
277,0	0,8790553893847073
278,0	0,8781056984746382
279,0	0,8792541771123484
280,0	0,8777769104834131
281,0	0,8774104859540323
282,0	0,8781971412932186
283,0	0,877917565804341
284,0	0,878344772617891
285,0	0,879438166167034
286,0	0,8804369684633806
287,0	0,880846469147355
288,0	0,8815090873079918
289,0	0,8815505395019888
290,0	0,8809890478756897
291,0	0,8793954732832558
292,0	0,8776198807774805
293,0	0,8781463911751298
294,0	0,8793583715844547
295,0	0,8795191948702568
296,0	0,8807951610433499
297,0	0,881154600093993
298,0	0,881677690775608
299,0	0,8809261969992014
300,0	0,8813034408545442
301,0	0,8795110432095228
302,0	0,880443682309863
303,0	0,8806229298807047
304,0	0,8822899014619643
305,0	0,8825853999507041
306,0	0,88377222921071
307,0	0,8834658215086457
308,0	0,8834217304081349
309,0	0,8823010875990953
310,0	0,8820161521792903
311,0	0,8823648363044014
312,0	0,880830905383289
313,0	0,8796302107564109
314,0	0,8805353832482227
315,0	0,879955731218239
316,0	0,8791182071403297
317,0	0,8784104131336286
318,0	0,8790935159278324
319,0	0,8801368518862751
320,0	0,8810264884537753
321,0	0,8810410650247427
322,0	0,880399138256536
323,0	0,8792188423570656
324,0	0,8798334764845133
325,0	0,8822460722806069
326,0	0,8815242897460587
327,0	0,8815332217746976
328,0	0,8811294254183154
329,0	0,8805753607491295
330,0	0,8794953573548677
331,0	0,8781638774987851
332,0	0,8774130390577413
333,0	0,8774716372628124
334,0	0,8771786914699635
335,0	0,8779505443405454
336,0	0,8776567913048152
337,0	0,8800281355124394
338,0	0,882390241622858
339,0	0,884289751906176
340,0	0,8880631227525242
341,0	0,8910547575402262
342,0	0,8968593157990735
343,0	0,9030599802827978
344,0	0,9083839297023364
345,0	0,9139079112661704
346,0	0,9179225737887559
347,0	0,922656409281852
348,0	0,9288343577891468
349,0	0,9344692378322007
350,0	0,9400743206302462
351,0	0,9471031491512685
352,0	0,9549230419575235
353,0	0,9625991519417298
354,0	0,9692521875937119
355,0	0,9739402469089848
356,0	0,9784712046827353
357,0	0,9823631364531049
358,0	0,9855241543855491
359,0	0,9885337386378751
360,0	0,9908465436075538
361,0	0,9923838474905188
362,0	0,993839247024971
363,0	0,9944878656193374
364,0	0,9954876929343495
365,0	0,9960382489123472
366,0	0,9962217512012553
367,0	0,9968257398758877
368,0	0,9972750400701481
369,0	0,9976010192840236
370,0	0,9977668065062537
371,0	0,9981409200097757
372,0	0,9983692459411124
373,0	0,9984141942849546
374,0	0,9984446586873115
375,0	0,9987508923875066
376,0	0,9990116573244444
377,0	0,9990499560999612
378,0	0,9991584058805736
379,0	0,9992364128409607
380,0	0,9992944667700511
381,0	0,9992277109243647
382,0	0,9993040933213613
383,0	0,9992894144884201
384,0	0,9993721377162348
385,0	0,9994870885719407
386,0	0,9994953303603722
387,0	0,9994200822058156
388,0	0,9995313468535386
389,0	0,9995273010805568
390,0	0,9995565354988787
391,0	0,9995394049502679
392,0	0,9995078942160918
393,0	0,9995068933750709
394,0	0,9995463494628043
395,0	0,9995424084368066
396,0	0,9995317283159324
397,0	0,9994999155370774
398,0	0,9995190700098262
399,0	0,999520733062274
400,0	0,9995488820065876
401,0	0,9995382073279973
402,0	0,9995623093329995
403,0	0,9995710765860881
404,0	0,9995433925895664
405,0	0,9995468931440922
406,0	0,9995121488984872
407,0	0,9995764616427119
408,0	0,9995382437496056
409,0	0,9995377846332943
410,0	0,9995435049517503
411,0	0,9995111665254778
412,0	0,9995465596182816
413,0	0,9995988689630332
414,0	0,9995858367594103
415,0	0,999555281319397
416,0	0,9995610724422435
417,0	0,9995457305234215
418,0	0,9994884366015526
419,0	0,9994632208338885
420,0	0,9994028430369245
421,0	0,9993912966117992
422,0	0,9994708333075939
423,0	0,9994797041243826
424,0	0,9994760913638906
425,0	0,9993947446470567
426,0	0,9994875711758751
427,0	0,9994058774789987
428,0	0,99940658081583
429,0	0,9994801501909539
430,0	0,9994729969490828
431,0	0,9994627716832652
432,0	0,9994255501624187
433,0	0,9995044953215362
434,0	0,9995480637344634
435,0	0,9994868450740619
436,0	0,9994881391832258
437,0	0,9994684826629467
438,0	0,9994862819701882
439,0	0,9994426677188403
440,0	0,9995006267400782
441,0	0,9995162683369708
442,0	0,999532291026458
443,0	0,9994692241189042
444,0	0,9995485135394134
445,0	0,9995572801942854
446,0	0,9995348609064818
447,0	0,9995870092112132
448,0	0,999580711469283
449,0	0,9995329244226447
450,0	0,9995492810237361
451,0	0,9995867390139535
452,0	0,9995921758472334
453,0	0,9995747447898253
454,0	0,999523898003003
455,0	0,9995472159168387
456,0	0,9995405089236516
457,0	0,9995580191412836
458,0	0,9995734382655358
459,0	0,9995602419280704
460,0	0,9995549777866307
461,0	0,9995502247716852
462,0	0,9995774153841084
463,0	0,9995758427749295
464,0	0,9995788151553624
465,0	0,9995751084874377
466,0	0,9995551318767021
467,0	0,9995261545158689
468,0	0,9995417418016831
469,0	0,9995677269890859
470,0	0,9995459976051766
471,0	0,9995888588576869
472,0	0,9995179488530962
473,0	0,9995434258238192
474,0	0,9995804315175056
475,0	0,9995702604617992
476,0	0,9995750708847663
477,0	0,9995564080180098
478,0	0,9995865164495324
479,0	0,9995190441609736
480,0	0,9995309492682826
481,0	0,9995372101468799
482,0	0,99954605599446
483,0	0,9995761047745596
484,0	0,9995818103048166
485,0	0,9995685855500803
486,0	0,9995488452424418
487,0	0,9995426911688868
488,0	0,9995365508615847
489,0	0,9995894896390585
490,0	0,9996003641483037
491,0	0,9995739347138929
492,0	0,999577846608439
493,0	0,9995722842632284
494,0	0,9995157358015081
495,0	0,999521544747528
496,0	0,9995419940845718
497,0	0,9995264144399315
498,0	0,9995423098992785
499,0	0,9995131592865736
500,0	0,999525269923826
501,0	0,9995560878485402
502,0	0,999600090605418
503,0	0,9995641790331903
504,0	0,9995397651527153
505,0	0,99951170937424
506,0	0,9995499040789624
507,0	0,9995560023110555
508,0	0,9995405106885844
509,0	0,9994800621988793
510,0	0,9995513694046662
511,0	0,9995901155451691
512,0	0,9995598737763342
513,0	0,9995303519860155
514,0	0,9995667349980119
515,0	0,999574283229616
516,0	0,9995671973414322
517,0	0,9995894066751396
518,0	0,9995685525969151
519,0	0,999548399287548
520,0	0,9995520825165759
521,0	0,9995468696198838
522,0	0,999536285413476
523,0	0,9995322489619302
524,0	0,9995412004298085
525,0	0,9995663843474777
526,0	0,9995755497744502
527,0	0,9995362537358987
528,0	0,999502866693238
529,0	0,9995861047205344
530,0	0,9995825990726348
531,0	0,9995750716036482
532,0	0,9995473038489454
533,0	0,9995004289291489
534,0	0,9995052338882442
535,0	0,99953179817319
536,0	0,9995643828355891
537,0	0,9995534908437412
538,0	0,9995606181643986
539,0	0,9995115361279336
540,0	0,9994941841550512
541,0	0,9994733733907285
542,0	0,9994806792482193
543,0	0,9995364768351004
544,0	0,9995368333950768
545,0	0,9995295385055164
546,0	0,9994529849316477
547,0	0,9994912962732286
548,0	0,9995498458651607
549,0	0,9995629707070225
550,0	0,9995949857782966
551,0	0,9995545531448882
552,0	0,9995923467587908
553,0	0,999613853091627
554,0	0,9995708642198938
555,0	0,999566389613219
556,0	0,9995832675651836
557,0	0,9995950657999008
558,0	0,9995736448010284
559,0	0,9996054559441111
560,0	0,9995294193452785
561,0	0,999560950388745
562,0	0,9995424948884644
563,0	0,9995929422034169
564,0	0,9995247589591929
565,0	0,9995702499028786
566,0	0,9995340219396752
567,0	0,9995555596120608
568,0	0,9995694630333198
569,0	0,9995511101284427
570,0	0,9995617232540575
571,0	0,9995585818359968
572,0	0,9995381070302023
573,0	0,9995545201492418
574,0	0,9996021844720574
575,0	0,9995347846459358
576,0	0,999611303815262
577,0	0,9995956137885232
578,0	0,9995456315829068
579,0	0,9995387304519532
580,0	0,9995539930347036
581,0	0,9995172047933213
582,0	0,9995043741500319
583,0	0,9995203704093751
584,0	0,9995169941048636
585,0	0,9996076368069252
586,0	0,9995593765215567
587,0	0,9995851578689255
588,0	0,9995604869886043
589,0	0,9995764207441962
590,0	0,9995665809360579
591,0	0,9995674333041525
592,0	0,9995719784785748
593,0	0,9995745098162433
594,0	0,9996308720120999
595,0	0,9995670054945471
596,0	0,999567415510356
597,0	0,9995660823130864
598,0	0,9996020820115507
599,0	0,9995675077545756
600,0	0,999569163512276
601,0	0,9995103962169107
602,0	0,9994962321270043
603,0	0,9995041266481669
604,0	0,9994908138843575
605,0	0,9995623994754635
606,0	0,9995339147937408
607,0	0,9995405541749551
608,0	0,9995174182138669
609,0	0,9995779452843286
610,0	0,9995291179225543
611,0	0,9995211885231714
612,0	0,9995721216226191
613,0	0,9995364608620783
614,0	0,9995465438886177
615,0	0,9995501262521321
616,0	0,9995321304379242
617,0	0,9994688107228139
618,0	0,9994877202962933
619,0	0,9995254514085837
620,0	0,9995682966083244
621,0	0,9995761602043786
622,0	0,9995199627934388
623,0	0,999496117440588
624,0	0,9994800331555624
625,0	0,9995389853538938
626,0	0,9995784423467077
627,0	0,9995093730276181
628,0	0,9994930159198996
629,0	0,9995088710181335
630,0	0,9994754580277636
631,0	0,9995266075393291
632,0	0,9995677046830435
633,0	0,9995517767895804
634,0	0,999550406918539
635,0	0,9995761383618211
636,0	0,9995564507248084
637,0	0,9995318698698353
638,0	0,9995653657940411
639,0	0,9995542250485645
640,0	0,9995443889780824
641,0	0,999601997801926
642,0	0,9995691873707416
643,0	0,9995523895603685
644,0	0,9995652249795036
645,0	0,9995746179771247
646,0	0,9995741764620143
647,0	0,9995636841104971
648,0	0,9995268659625131
649,0	0,9995347900002057
650,0	0,9995216087734565
651,0	0,9995152589759232
652,0	0,9995689327832796
653,0	0,9995243095084643
654,0	0,9995693603845193
655,0	0,9995827606184846
656,0	0,9995020194388142
657,0	0,9994912750502861
658,0	0,9994721798490546
659,0	0,9995097031186331
660,0	0,9995532380238007
661,0	0,9995119291145314
662,0	0,9995110744235773
663,0	0,9995222603586872
664,0	0,9994880229617363
665,0	0,999559329945497
666,0	0,9995651921919367
667,0	0,9995837308264549
668,0	0,999550366719743
669,0	0,9995171537524523
670,0	0,9995604757007749
671,0	0,9995519894816347
672,0	0,9995341017858563
673,0	0,999573820950172
674,0	0,9995863299538784
675,0	0,9995888680390612
676,0	0,9995300943075227
677,0	0,9995362668804814
678,0	0,9994838436892329
679,0	0,9995218396181114
680,0	0,9994968445665123
681,0	0,9994859765205676
682,0	0,999504786109258
683,0	0,9995393680583372
684,0	0,9995531887926169
685,0	0,999575137904491
686,0	0,9995198306963952
687,0	0,9994587449374813
688,0	0,9994317660309364
689,0	0,9994640832534338
690,0	0,999491033332903
691,0	0,999524098276222
692,0	0,999577468914559
693,0	0,9995448675586271
694,0	0,9995690886032614
695,0	0,9994980346655543
696,0	0,9994438089928438
697,0	0,9994125534519976
698,0	0,999431738200409
699,0	0,9994804848491026
700,0	0,9995195617101525
701,0	0,9995218411649945
702,0	0,999489906488823
703,0	0,9994920465383504
704,0	0,9994727831942002
705,0	0,9995283285342506
706,0	0,9995543855089105
707,0	0,9995981818068576
708,0	0,9995668585317208
709,0	0,9995747701342962
710,0	0,9995572671725974
711,0	0,9995764402937086
712,0	0,9995771777749405
713,0	0,9996054195826923
714,0	0,9995898153903234
715,0	0,999558045063773
716,0	0,9995725543484313
717,0	0,9995781525950119
718,0	0,9995690154199203
719,0	0,9995801313520606
720,0	0,9995797744289151
721,0	0,9995640328973142
722,0	0,999558275540887
723,0	0,9995770386408139
724,0	0,9995468069196064
725,0	0,999539427064542
726,0	0,9995570059716382
727,0	0,9995578756195962
728,0	0,9995730592759835
729,0	0,9995455017497715
730,0	0,9994936214798145
731,0	0,9995374415097007
732,0	0,9995573956427564
733,0	0,9995491142839482
734,0	0,9995582998980825
735,0	0,9995609003102363
736,0	0,9995888123545171
737,0	0,999563846402873
738,0	0,9995498733049364
739,0	0,9995369491245947
740,0	0,9995578118384536
741,0	0,9995666055398668
742,0	0,9995362070431495
743,0	0,9995803618347953
744,0	0,9995471277016286
745,0	0,9995367096604428
746,0	0,9995742889723717
747,0	0,9995343350683176
748,0	0,9995297484524046
749,0	0,9995479723470333
750,0	0,999530346139139
751,0	0,9995628728073105
752,0	0,9995729716470472
753,0	0,999546208771986
754,0	0,999546638474943
755,0	0,9995736994538271
756,0	0,9995442918093783
757,0	0,9995643928607535
758,0	0,9995539322258034
759,0	0,9995823697662377
760,0	0,9995621133172108
761,0	0,9995641819211094
762,0	0,9995975328454072
763,0	0,9995645700158778
764,0	0,9995212746212424
765,0	0,9995426798817313
766,0	0,999544260175936
767,0	0,9995761344904258
768,0	0,9995423089661885
769,0	0,9995510893134391
770,0	0,9995936340263436
771,0	0,9995845278496336
772,0	0,9995585223038285
773,0	0,9994870712581475
774,0	0,9995658180691267
775,0	0,9995376582460074
776,0	0,9995899487131654
777,0	0,9995874027686661
778,0	0,9995626037169706
779,0	0,9995101384759755
780,0	0,9995039354026549
781,0	0,9995484793886751
782,0	0,9995379696334464
783,0	0,9995148578226529
784,0	0,9995561426739447
785,0	0,9995187860186131
786,0	0,9995152096442318
787,0	0,9994787347488837
788,0	0,9995494142007476
789,0	0,999572158159947
790,0	0,9995681354082061
791,0	0,9995469465852315
792,0	0,9995210777409275
793,0	0,9995432619777108
794,0	0,9995589301380778
795,0	0,9995615821075747
796,0	0,9995155983955079
797,0	0,9995287541639302
798,0	0,9995497080056552
799,0	0,9995310633962095
800,0	0,9995514464930627
801,0	0,9995404073702303
802,0	0,9995530723891093
803,0	0,9996008297171081
804,0	0,9995630600706243
805,0	0,9995942374275376
806,0	0,999591905967481
807,0	0,9995699992142963
808,0	0,9995060917845383
809,0	0,9995138839221147
810,0	0,9995298295654864
811,0	0,9994985699775378
812,0	0,9994846172836667
813,0	0,9995266957913297
814,0	0,9995053204933271
815,0	0,9994230040295332
816,0	0,9994205426840214
817,0	0,9993878864674629
818,0	0,999431588848232
819,0	0,9994431193536008
820,0	0,999450868163668
821,0	0,9994590514644771
822,0	0,9994493277266855
823,0	0,9994222178691198
824,0	0,9994015859796926
825,0	0,9993898808649158
826,0	0,9993634436532212
827,0	0,999247527823468
828,0	0,9993055948827263
829,0	0,9992798268097438
830,0	0,9991867536860832
831,0	0,9991419532820232
832,0	0,9991253111878325
833,0	0,9991302664844981
834,0	0,9991498181085053
835,0	0,999199571768764
836,0	0,9992380456590344
837,0	0,9992748606381925
838,0	0,999325331382262
839,0	0,9992623455274516
840,0	0,9992069434107784
841,0	0,9992123291839359
842,0	0,9992240881013392
843,0	0,9991268808826518
844,0	0,9989787389151451
845,0	0,9990716043573609
846,0	0,9992433631677784
847,0	0,9992602285843052
848,0	0,9992455356506397
849,0	0,9994080112274891
850,0	0,9994881391374875
851,0	0,9994788631519314
852,0	0,9994918295072283
853,0	0,9994695418746974
854,0	0,9995024825973727
855,0	0,9995012256030753
856,0	0,9994584591522399
857,0	0,999415399620542
858,0	0,9995127745959871
859,0	0,9995448296507179
860,0	0,9995401521264303
861,0	0,999550387169797
862,0	0,999551219403355
863,0	0,9995386787637146
864,0	0,9995522891116916
865,0	0,9995139079807609
866,0	0,99954981840614
867,0	0,9995454719938628
868,0	0,9995469440337718
869,0	0,9995734809298892
870,0	0,9995356927472081
871,0	0,9995560891956697
872,0	0,9995727465051538
873,0	0,9995455466844549
874,0	0,9995474146310522
875,0	0,9995657429989111
876,0	0,9995514130140418
877,0	0,9995076495991762
878,0	0,9995108155800663
879,0	0,9994735214151568
880,0	0,99952350907958
881,0	0,9995866640378919
882,0	0,9995547489674217
883,0	0,9995257911307374
884,0	0,999506170172063
885,0	0,9994756534166116
886,0	0,9995028000563818
887,0	0,9994898465860783
888,0	0,999524189569158
889,0	0,9995222213854205
890,0	0,9995056551238907
891,0	0,9995049430435411
892,0	0,9994968531030738
893,0	0,9994846627629579
894,0	0,9994688724063019
895,0	0,9995309956290811
896,0	0,9995416769884129
897,0	0,9995399131556659
898,0	0,9995975641189402
899,0	0,9995380382901861
900,0	0,9995081873250262
901,0	0,9995630462285321
902,0	0,9995569862433787
903,0	0,9995582306837388
904,0	0,9995370857876286
905,0	0,9995672665890506
906,0	0,9995543232131762
907,0	0,9995622252220617
908,0	0,999521362466503
909,0	0,9995630292195027
910,0	0,9995997570441887
911,0	0,9995701392848881
912,0	0,999535560729701
913,0	0,9995331378441091
914,0	0,9995276256737248
915,0	0,9995220197013933
916,0	0,9995508820781399
917,0	0,9995777099163422
918,0	0,9995596514614863
919,0	0,9995510689449966
920,0	0,999571399489563
921,0	0,9995661363932539
922,0	0,999578493511911
923,0	0,999575255611557
924,0	0,9996010543198056
925,0	0,999541908526708
926,0	0,999513923230351
927,0	0,9995331873164732
928,0	0,999547700248777
929,0	0,9995404150097198
930,0	0,9995493460464622
931,0	0,9995690886678814
932,0	0,9995305015324982
933,0	0,999502743490508
934,0	0,9995015260948664
935,0	0,9995318978559102
936,0	0,9995131267282221
937,0	0,9995526928789127
938,0	0,9995234238265818
939,0	0,9994888301037005
940,0	0,9995303086745569
941,0	0,9995288382696562
942,0	0,9994863460052034
943,0	0,9995522720198071
944,0	0,9995404455356967
945,0	0,9995517193400237
946,0	0,999540206759935
947,0	0,9995627320611885
948,0	0,9995864352539628
949,0	0,9995845689565018
950,0	0,9995553200314921
951,0	0,9995859480973176
952,0	0,9995625106022701
953,0	0,99960204646697
954,0	0,9995913094738301
955,0	0,9995251491259384
956,0	0,9995313621631903
957,0	0,9995469317194727
958,0	0,9995793416079845
959,0	0,9995810299733013
960,0	0,999565522155893
961,0	0,9995656100724077
962,0	0,9995866256404442
963,0	0,999580135750226
964,0	0,9995883359624302
965,0	0,9995892270113083
966,0	0,9995543505271018
967,0	0,9995212185795394
968,0	0,999391256967419
969,0	0,9994519828720769
970,0	0,9994233857120288
971,0	0,9994422004099172
972,0	0,9994097517924148
973,0	0,9994276093775871
974,0	0,9993668083538343
975,0	0,9993065335714423
976,0	0,9993459751953522
977,0	0,9993046764236184
978,0	0,9994480419650138
979,0	0,9994735577470208
980,0	0,9995129393384004
981,0	0,9995301442222558
982,0	0,999520313044884
983,0	0,9995057034379895
984,0	0,9995384792820591
985,0	0,9995889751801763
986,0	0,9995553548391249
987,0	0,999481765754978
988,0	0,9994791626928624
989,0	0,9994907156142091
990,0	0,9993887723402499
991,0	0,9994527109421424
992,0	0,99940982147299
993,0	0,9994644772711448
994,0	0,9994018307085862
995,0	0,9994921435159334
996,0	0,9994731709558158
997,0	0,9994965121614159
998,0	0,9995016202304818
999,0	0,9995341059515933
1000,0	0,9995374737385437
1001,0	0,999535697084101
1002,0	0,9995274871290007
1003,0	0,9995719367983342
1004,0	0,9995126781359485
1005,0	0,9995731523590147
1006,0	0,9995748912896955
1007,0	0,9995359947382464
1008,0	0,9995897444561992
1009,0	0,999566934281312
1010,0	0,9995832118487306
1011,0	0,9995310971825213
1012,0	0,9995280587628103
1013,0	0,9995251191985624
1014,0	0,999487260457502
1015,0	0,9995242645425484
1016,0	0,999509781663583
1017,0	0,9994866009191227
1018,0	0,9995252565283046
1019,0	0,9995307279578977
1020,0	0,9994785016102093
1021,0	0,9994812712427315
1022,0	0,9994894280931577
1023,0	0,999497879622665
1024,0	0,9994762816553687
1025,0	0,9995245449157086
1026,0	0,9994860022547025
1027,0	0,9994392371697978
1028,0	0,9995017486094764
1029,0	0,9994745222031095
1030,0	0,999502229343935
1031,0	0,9995220271307776
1032,0	0,9995342687893782
1033,0	0,9995020878910994
1034,0	0,9995078645333411
1035,0	0,9995237616968082
1036,0	0,9995293761194988
1037,0	0,9995139936730983
1038,0	0,9995087115658969
1039,0	0,9994683151100012
1040,0	0,9994977413295051
1041,0	0,9995155392785354
1042,0	0,9995067190068102
1043,0	0,9994975216539128
1044,0	0,9994132867534817
1045,0	0,9994575002069112
1046,0	0,9994676406332491
1047,0	0,9994510633937511
1048,0	0,9994147197752095
1049,0	0,9994098688135544
1050,0	0,9994613537356682
1051,0	0,9995513278084197
1052,0	0,9995731401627655
1053,0	0,9996008716914814
1054,0	0,9995950750276268
1055,0	0,9995791789537185
1056,0	0,9995794617893241
1057,0	0,9995473054434226
1058,0	0,9995169978481033
1059,0	0,9995380231674176
1060,0	0,9994906118222309
1061,0	0,9995186329184903
1062,0	0,9995370778591621
1063,0	0,9995695368426398
1064,0	0,9995756264224834
1065,0	0,9995153394222815
1066,0	0,9995622477797165
1067,0	0,9995750698810336
1068,0	0,9995161324354187
1069,0	0,9995201621099017
1070,0	0,9995412250149572
1071,0	0,9995163821195915
1072,0	0,9995742719382351
1073,0	0,9995683607893638
1074,0	0,9995530912364758
1075,0	0,9995922667002638
1076,0	0,9995977208180445
1077,0	0,9995642179189188
1078,0	0,9995754778029169
1079,0	0,9995635399469478
1080,0	0,9995450924236835
1081,0	0,999544624981435
1082,0	0,9995461331746496
1083,0	0,9995239875033339
1084,0	0,9995203476097732
1085,0	0,9995115317350362
1086,0	0,9994924999031116
1087,0	0,999472717627427
1088,0	0,99945482754924
1089,0	0,9994688822562127
1090,0	0,9995234185459124
1091,0	0,9994763939346242
1092,0	0,9995110239681585
1093,0	0,999554953102094
1094,0	0,9995451617188157
1095,0	0,9995693106340832
1096,0	0,9995577927037335
1097,0	0,9995706278604976
1098,0	0,9994941392331246
1099,0	0,9994307862927262
1100,0	0,9994553814169128
1101,0	0,9994728936901154
1102,0	0,9995262919208102
1103,0	0,9994549472818088
1104,0	0,9994691507858192
1105,0	0,9994981499432476
1106,0	0,999509656319193
1107,0	0,9995033153270647
1108,0	0,9995204620069199
1109,0	0,9994434083921991
1110,0	0,9994550381531275
1111,0	0,9994076076902879
1112,0	0,9993954469693896
1113,0	0,9994438631515137
1114,0	0,9995104251575232
1115,0	0,999509201340501
1116,0	0,9995498497743476
1117,0	0,9995660878274196
1118,0	0,9995525137015304
1119,0	0,9995711832778469
1120,0	0,999587707887559
1121,0	0,9995353774391776
1122,0	0,9994466652299416
1123,0	0,9995586667381502
1124,0	0,9995587767587919
1125,0	0,9995393219062697
1126,0	0,9995125307467869
1127,0	0,9995585692666256
1128,0	0,9995304204059537
1129,0	0,9995537638179883
1130,0	0,9995756050671476
1131,0	0,9995462561891658
1132,0	0,9995465256453029
1133,0	0,9995403332618694
1134,0	0,9995653871656983
1135,0	0,9995344288420656
1136,0	0,9995901237170877
1137,0	0,9996010478497588
1138,0	0,999555721870708
1139,0	0,9995034683024727
1140,0	0,9994962725950542
1141,0	0,9995286305844654
1142,0	0,9995465567726897
1143,0	0,9995322998378234
1144,0	0,9995208518570451
1145,0	0,9995199189916587
1146,0	0,9995289280747802
1147,0	0,9995207325883886
1148,0	0,9995405963610534
1149,0	0,9995475695177269
1150,0	0,9995726059612429
1151,0	0,9995703149369655
1152,0	0,9995484864229774
1153,0	0,9995810412568653
1154,0	0,9995621690225867
1155,0	0,9995543716255073
1156,0	0,9995930749161963
1157,0	0,9995534256601106
1158,0	0,9995710069992628
1159,0	0,9995500161975331
1160,0	0,9995602964527561
1161,0	0,999550243854062
1162,0	0,9995494897657653
1163,0	0,9995893510354724
1164,0	0,9996090848253779
1165,0	0,999600604554563
1166,0	0,9995717168186949
1167,0	0,9995536208223595
1168,0	0,9994936571109996
1169,0	0,9994739662997361
1170,0	0,9995184748244471
1171,0	0,9995284872085366
1172,0	0,9994817660757149
1173,0	0,9995284807073259
1174,0	0,9994919343050085
1175,0	0,9994638665774737
1176,0	0,9994224880517713
1177,0	0,9994854986468736
1178,0	0,9995144624299839
1179,0	0,9994982304170611
1180,0	0,9994986722827582
1181,0	0,9995259570615468
1182,0	0,9994811115874304
1183,0	0,9994918317433618
1184,0	0,9994062258007852
1185,0	0,9994855783354137
1186,0	0,9994743838206733
1187,0	0,9994157494456302
1188,0	0,9994258860502118
1189,0	0,9993702806005115
1190,0	0,999408648214661
1191,0	0,9994178586975166
1192,0	0,9994963245520209
1193,0	0,9995156852431484
1194,0	0,9995447855082292
1195,0	0,9995376274909572
1196,0	0,9995171020789003
1197,0	0,9995167324029953
1198,0	0,9995452192728292
1199,0	0,9995374144776555
1200,0	0,9995821390742541
1201,0	0,9995987996235124
1202,0	0,9995669929727659
1203,0	0,9995668261750922
1204,0	0,9995146572833098
1205,0	0,9995064796254688
1206,0	0,9995672154199193
1207,0	0,9995590140026432
1208,0	0,9995447603136007
1209,0	0,9994492018860774
1210,0	0,9994956523181725
1211,0	0,9994405227214054
1212,0	0,9993995653320201
1213,0	0,9994052007598566
1214,0	0,9993996234777281
1215,0	0,9994243018819876
1216,0	0,9993389075986592
1217,0	0,9993757128481984
1218,0	0,9993785852273915
1219,0	0,9993825128707656
1220,0	0,9993768154186404
1221,0	0,999385881530836
1222,0	0,9993827027625374
1223,0	0,9994344835870165
1224,0	0,999530895633146
1225,0	0,9995404952117872
1226,0	0,9995377232760698
1227,0	0,9995666437964658
1228,0	0,9995518564205705
1229,0	0,9995363364412553
1230,0	0,9995403038395523
1231,0	0,9995811162134788
1232,0	0,9995719324705735
1233,0	0,9995774285547119
1234,0	0,9995847162061883
1235,0	0,9995444433852818
1236,0	0,9995337909345433
1237,0	0,9995683927354307
1238,0	0,9995333791532223
1239,0	0,9995450106199887
1240,0	0,999489465444361
1241,0	0,9994487758194281
1242,0	0,9994714540831059
1243,0	0,9995125169129195
1244,0	0,9994610674241452
1245,0	0,9994505562878696
1246,0	0,9994988143375555
1247,0	0,9995083221002303
1248,0	0,9995294514247337
1249,0	0,9995324489905826
1250,0	0,9994901618174098
1251,0	0,9994981772584701
1252,0	0,9995164970046528
1253,0	0,9994712354565913
1254,0	0,999522089848247
1255,0	0,9995645913926908
1256,0	0,9995631208468442
1257,0	0,9995411452671038
1258,0	0,9995243743266671
1259,0	0,9995713481229308
1260,0	0,9995742997206268
1261,0	0,9995766602039542
1262,0	0,999566422429437
1263,0	0,9995749961075999
1264,0	0,9996052213734731
1265,0	0,9995639243322023
1266,0	0,9995481151357054
1267,0	0,9995421024741665
1268,0	0,99957244025118
1269,0	0,9995212754941112
1270,0	0,9995348845723298
1271,0	0,9995808990610432
1272,0	0,9995425000439295
1273,0	0,9995527426489502
1274,0	0,9995484033390767
1275,0	0,9995116002055527
1276,0	0,9995640857200281
1277,0	0,9995827065918322
1278,0	0,9996002660762973
1279,0	0,9995320499135529
1280,0	0,9995542893728221
1281,0	0,999556498820765
1282,0	0,9995702689037717
1283,0	0,9995369408817908
1284,0	0,9995488519958138
1285,0	0,9995888152252631
1286,0	0,9995431507709557
1287,0	0,999496447850397
1288,0	0,9995467247496197
1289,0	0,999575992214537
1290,0	0,9995358073780691
1291,0	0,9995836314979454
1292,0	0,9995093821086736
1293,0	0,999506322053677
1294,0	0,9995466539096568
1295,0	0,9995719677292796
1296,0	0,999590235578548
1297,0	0,9995134049505767
1298,0	0,9995534997116063
1299,0	0,9995512896133736
1300,0	0,9995690525505811
1301,0	0,9995337430506633
1302,0	0,999561154265621
1303,0	0,999576164932531
1304,0	0,9995417914389964
1305,0	0,9995866090147429
1306,0	0,9995499436261855
1307,0	0,999545380619772
1308,0	0,9995586638505768
1309,0	0,9995348452136505
1310,0	0,999511889594512
1311,0	0,9995294896224379
1312,0	0,9995147073556656
1313,0	0,999495039415639
1314,0	0,9994016735414752
1315,0	0,9994044066860761
1316,0	0,9993345481061503
1317,0	0,9993199857401007
1318,0	0,9994245087430289
1319,0	0,9994485411768375
1320,0	0,9994858962170877
1321,0	0,9995174093914193
1322,0	0,9995414264562186
1323,0	0,9995119370392096
1324,0	0,9994853798534171
1325,0	0,999497503386253
1326,0	0,9995075021704596
1327,0	0,9995427650722217
1328,0	0,9995854749341394
1329,0	0,9995337204442132
1330,0	0,9995244013758222
1331,0	0,9995210610871726
1332,0	0,9995443138999374
1333,0	0,9995468366709201
1334,0	0,9995093239804411
1335,0	0,9995736820511864
1336,0	0,9995752380171702
1337,0	0,9995863335326836
1338,0	0,9995392829803565
1339,0	0,9995391285103044
1340,0	0,9995710084675818
1341,0	0,9995483695435735
1342,0	0,9995158737383849
1343,0	0,9995673063830691
1344,0	0,9995203981771607
1345,0	0,9995122983084322
1346,0	0,9994926953747264
1347,0	0,9994831705533873
1348,0	0,999486849066695
1349,0	0,9994009610929016
1350,0	0,9993207948426269
1351,0	0,9994435324369554
1352,0	0,9993892952671681
1353,0	0,9993035967798289
1354,0	0,9993377481097678
1355,0	0,9994539794986366
1356,0	0,9993978582240828
1357,0	0,9993595125251638
1358,0	0,9992967480217633
1359,0	0,9993603369581643
1360,0	0,9993631454426939
1361,0	0,9994156856285434
1362,0	0,9993962421070008
1363,0	0,9994089119562901
1364,0	0,9994677424989252
1365,0	0,9994283851217849
1366,0	0,9995067804661153
1367,0	0,9994704386858384
1368,0	0,9995352044793591
1369,0	0,9995568042840769
1370,0	0,9994894250414738
1371,0	0,9995203541876917
1372,0	0,9995457681238471
1373,0	0,9995416314982665
1374,0	0,9995435984428138
1375,0	0,9995604203062068
1376,0	0,999548522912506
1377,0	0,999525189978613
1378,0	0,9995663969914239
1379,0	0,9995502205181592
1380,0	0,9995242060668437
1381,0	0,9995396454429331
1382,0	0,9994925683547635
1383,0	0,9995324627001084
1384,0	0,9995452103320186
1385,0	0,9995866476561488
1386,0	0,9995768065088558
1387,0	0,9995289289376662
1388,0	0,9995419560501131
1389,0	0,9995500149433082
1390,0	0,9995393213096033
1391,0	0,9995410740129534
1392,0	0,9995786261066587
1393,0	0,9995352506324238
1394,0	0,9995415093342007
1395,0	0,9995342825376884
1396,0	0,9995610541146146
1397,0	0,9995542916254351
1398,0	0,9994894043185281
1399,0	0,9994966479049953
1400,0	0,999489475012634
1401,0	0,9994515948262633
1402,0	0,9994431020425231
1403,0	0,9993984742087654
1404,0	0,9994207675749339
1405,0	0,9994860081891015
1406,0	0,9995042416253339
1407,0	0,9995609619339964
1408,0	0,9994976557550935
1409,0	0,9994658262562797
1410,0	0,9994847336943392
1411,0	0,9994649152789409
1412,0	0,9994766529507664
1413,0	0,999464620173021
1414,0	0,9994637426127884
1415,0	0,9994491707453017
1416,0	0,9994798877671426
1417,0	0,9994758922944544
1418,0	0,9995596068307234
1419,0	0,9995747316125712
1420,0	0,9994950415116203
1421,0	0,9995520678802131
1422,0	0,9995531312889756
1423,0	0,9995806673562705
1424,0	0,9995433923170549
1425,0	0,9995294828180997
1426,0	0,9995678115164848
1427,0	0,9995099833114857
1428,0	0,9994901684362838
1429,0	0,999487885182311
1430,0	0,9994896333982418
1431,0	0,9994561264786186
1432,0	0,9994597266628307
1433,0	0,9995015418675566
1434,0	0,9995226045059489
1435,0	0,9995098064306647
1436,0	0,999518540196917
1437,0	0,9995015763178516
1438,0	0,9995256003349173
1439,0	0,9995279774832615
1440,0	0,999543936590679
1441,0	0,9995373339751498
1442,0	0,9995637792080841
1443,0	0,9995747048954468
1444,0	0,9995697637302116
1445,0	0,9996097503432263
1446,0	0,9995461241950703
1447,0	0,9995503541004539
1448,0	0,999526977391449
1449,0	0,9995253694656561
1450,0	0,9995211957283852
1451,0	0,9994658761712947
1452,0	0,9994901207900485
1453,0	0,9994705001236116
1454,0	0,9994332244890693
1455,0	0,9993702600964919
1456,0	0,9993810041596728
1457,0	0,9993644804630183
1458,0	0,9992796781778581
1459,0	0,999295549103942
1460,0	0,9993720251361948
1461,0	0,9993762234156255
1462,0	0,9993832270684375
1463,0	0,9994080289999157
1464,0	0,999401832062184
1465,0	0,9993969183254268
1466,0	0,9993228716999896
1467,0	0,9994381725718408
1468,0	0,9993722682969262
1469,0	0,9993048586738672
1470,0	0,9992603089511909
1471,0	0,99926581980299
1472,0	0,9991641784094359
1473,0	0,9992300579742673
1474,0	0,9992734979497173
1475,0	0,9991763284505396
1476,0	0,9991185116327784
1477,0	0,9991811377534425
1478,0	0,9991615877212108
1479,0	0,9990904111035032
1480,0	0,999071367752105
1481,0	0,9991017753028218
1482,0	0,9992402144991026
1483,0	0,9992355006836056
1484,0	0,9992520377292802
1485,0	0,9992247079983095
1486,0	0,9992719913298203
1487,0	0,9992488104600428
1488,0	0,9992970197773174
1489,0	0,9993432429903036
1490,0	0,9993833222225446
1491,0	0,999437756729198
1492,0	0,9994087692253701
1493,0	0,9993935923290385
1494,0	0,9993932636106089
1495,0	0,9994324157249372
1496,0	0,999526707608015
1497,0	0,99953748912885
1498,0	0,9995431102689526
1499,0	0,999499655247725
1500,0	0,9994954051980286
1501,0	0,9995021767455348
1502,0	0,9995224419419412
1503,0	0,9995560393463099
1504,0	0,9995609110167815
1505,0	0,9995141375452622
1506,0	0,9995427121475764
1507,0	0,9995293120829134
1508,0	0,9994951890043334
1509,0	0,9994963581306143
1510,0	0,9994881278872244
1511,0	0,9994943333473835
1512,0	0,999533439342737
1513,0	0,9995659908347024
1514,0	0,999546459673315
1515,0	0,99955890466356
1516,0	0,9995666934920251
1517,0	0,9995695416124089
1518,0	0,9996272199698605
1519,0	0,9995868852351812
1520,0	0,9995551594485487
1521,0	0,9995332269082033
1522,0	0,9995186353633357
1523,0	0,9995330683818823
1524,0	0,9995799567253757
1525,0	0,9995838977941666
1526,0	0,9995840172099505
1527,0	0,9995361899163686
1528,0	0,9995858795292636
1529,0	0,9995457090700209
1530,0	0,9995509945698452
1531,0	0,9995854156747382
1532,0	0,9995625194781316
1533,0	0,9995895211517787
1534,0	0,999517115392566
1535,0	0,9995784873437801
1536,0	0,9995352783122733
1537,0	0,999498274948604
1538,0	0,9995504117768454
1539,0	0,9995392131303931
1540,0	0,9995246614742583
1541,0	0,9995285356288819
1542,0	0,9995342738492161
1543,0	0,9994529436890726
1544,0	0,9994901422841997
1545,0	0,9994374522300787
1546,0	0,999406847105555
1547,0	0,9994832127348247
1548,0	0,9995208373313572
1549,0	0,9995212118816823
1550,0	0,9994859409248972
1551,0	0,999475385115137
1552,0	0,9994898141358082
1553,0	0,9994806581139418
1554,0	0,9995327970739631
1555,0	0,999533143320617
1556,0	0,9995115746416204
1557,0	0,9994807322872191
1558,0	0,999379105714465
1559,0	0,9993993409213694
1560,0	0,9994067929641405
1561,0	0,9994070924704892
1562,0	0,999413384914943
1563,0	0,9994452968889127
1564,0	0,9994072865741742
1565,0	0,9993779523177792
1566,0	0,999357333874315
1567,0	0,9993594830518869
1568,0	0,9993334367857849
1569,0	0,9993359617501086
1570,0	0,9992780299387636
1571,0	0,9993018821929568
1572,0	0,9992771175384498
1573,0	0,9993363869350659
1574,0	0,9993988464938108
1575,0	0,9994114223785162
1576,0	0,9994130474643104
1577,0	0,9994640909184721
1578,0	0,9994022434670482
1579,0	0,999476851737881
1580,0	0,999456147623625
1581,0	0,9994367166132846
1582,0	0,9994507159089892
1583,0	0,9994819703757416
1584,0	0,9994912174924605
1585,0	0,9995040212480784
1586,0	0,99945400547076
1587,0	0,9994579932273431
1588,0	0,9994608133267188
1589,0	0,9995348567157756
1590,0	0,9995351839365567
1591,0	0,9994955586921628
1592,0	0,9994569084526339
1593,0	0,9994183783511272
1594,0	0,9994228580245799
1595,0	0,9993455256198627
1596,0	0,999316283694594
1597,0	0,9993769533341594
1598,0	0,9993615459452673
1599,0	0,999399104182412
1600,0	0,9993409347052288
1601,0	0,9994145867380877
1602,0	0,9994250939588647
1603,0	0,9993155967849604
1604,0	0,9992877041217594
1605,0	0,99933951731561
1606,0	0,9993851451916256
1607,0	0,9993855130042554
1608,0	0,999415333069037
1609,0	0,9994321384268846
1610,0	0,9994190170878993
1611,0	0,9994073929701868
1612,0	0,9993913599637217
1613,0	0,9994946297580266
1614,0	0,9994682667160686
1615,0	0,9994693432552274
1616,0	0,9994739258108416
1617,0	0,9994631933559809
1618,0	0,9994581439207179
1619,0	0,9995557015814899
1620,0	0,9995547036673376
1621,0	0,9995021780962514
1622,0	0,9995132952933012
1623,0	0,9995615847615951
1624,0	0,9995588900919804
1625,0	0,9995011814816779
1626,0	0,999531658844484
1627,0	0,9995301862960123
1628,0	0,9994934982267445
1629,0	0,9994902053156504
1630,0	0,9994928749548903
1631,0	0,9994811141177462
1632,0	0,9993867197803006
1633,0	0,9993807333920497
1634,0	0,9993859424154039
1635,0	0,999436532586161
1636,0	0,9993533834689678
1637,0	0,9993158814448012
1638,0	0,9993032988984838
1639,0	0,9993832704768821
1640,0	0,9993910800854047
1641,0	0,999382591927704
1642,0	0,9993934535335535
1643,0	0,9994678363069188
1644,0	0,9995549005162718
1645,0	0,9994807481846958
1646,0	0,9994738324798531
1647,0	0,999517694176318
1648,0	0,9995459521539594
1649,0	0,9995503988832549
1650,0	0,9995205125166254
1651,0	0,9995233977597451
1652,0	0,999548932076823
1653,0	0,9995629198197342
1654,0	0,9995593226292575
1655,0	0,9995811650251898
1656,0	0,999504497954407
1657,0	0,9995160303937429
1658,0	0,9994777272835791
1659,0	0,9995127201767917
1660,0	0,9995452805915492
1661,0	0,9995542375124984
1662,0	0,9995967742448135
1663,0	0,9995525895578601
1664,0	0,9995491367342307
1665,0	0,9995544548647676
1666,0	0,999497288004975
1667,0	0,9995441959436285
1668,0	0,9995576254349118
1669,0	0,9995685430645845
1670,0	0,9995934941280273
1671,0	0,9995659880685108
1672,0	0,9995945116207224
1673,0	0,9995517914140303
1674,0	0,9995538319250895
1675,0	0,9995618988432162
1676,0	0,9995567898775604
1677,0	0,99956616202564
1678,0	0,9995708034427033
1679,0	0,9995907542833513
1680,0	0,9995245242188042
1681,0	0,9995522068875238
1682,0	0,9995198537910924
1683,0	0,9995262401159875
1684,0	0,9995185943731141
1685,0	0,999561296429618
1686,0	0,9995844278628482
1687,0	0,9995430188361657
1688,0	0,9995688428274286
1689,0	0,9995533688503975
1690,0	0,9995667747558802
1691,0	0,9995272260342262
1692,0	0,999556194288063
1693,0	0,999567128157568
1694,0	0,9995602206424237
1695,0	0,9995518107211905
1696,0	0,9995712174216065
1697,0	0,9995650833405265
1698,0	0,9995451205007638
1699,0	0,9995321750163783
1700,0	0,999558994667366
1701,0	0,9995444102950518
1702,0	0,9995869986554002
1703,0	0,9995453527263771
1704,0	0,9995524100364105
1705,0	0,9995691334535343
1706,0	0,9995302393223988
1707,0	0,9994573213161176
1708,0	0,9995564010840087
1709,0	0,9995195694395308
1710,0	0,9995620053475018
1711,0	0,9995584136289115
1712,0	0,9995414636101871
1713,0	0,9995811444910346
1714,0	0,9995815841281019
1715,0	0,9995376422964426
1716,0	0,9995166904695507
1717,0	0,9995421901151256
1718,0	0,9994978771195723
1719,0	0,9995046202892803
1720,0	0,9995501910596247
1721,0	0,9995567982097767
1722,0	0,9995749708693346
1723,0	0,9995561634874484
1724,0	0,9995815848272025
1725,0	0,9995821793951656
1726,0	0,9995709813369882
1727,0	0,9995699126525742
1728,0	0,999565992558193
1729,0	0,9995602988301565
1730,0	0,9995524943752284
1731,0	0,9995237871404862
1732,0	0,9994974243304976
1733,0	0,9994565098859368
1734,0	0,9995414114012173
1735,0	0,999525147451165
1736,0	0,9994914528677452
1737,0	0,9995354782438448
1738,0	0,9995336955984567
1739,0	0,9995449104398436
1740,0	0,9995017333641553
1741,0	0,9994987135274311
1742,0	0,9994981683977094
1743,0	0,9995034280919786
1744,0	0,9994834663856428
1745,0	0,9994616345829805
1746,0	0,9994987224616866
1747,0	0,9994651377117524
1748,0	0,9994848380669905
1749,0	0,9994947997359246
1750,0	0,9994997770302164
1751,0	0,9995136218170718
1752,0	0,9994991567139698
1753,0	0,9994961455572737
1754,0	0,9995220930525134
1755,0	0,9995761728002155
1756,0	0,9995508166328306
1757,0	0,9995784891060701
1758,0	0,9995400762499638
1759,0	0,9995252015108756
1760,0	0,9995505127346922
1761,0	0,999508820147596
1762,0	0,999515555037917
1763,0	0,9995247866035484
1764,0	0,9995321642462636
1765,0	0,9995334734984762
1766,0	0,9995488030509188
1767,0	0,9995725584209705
1768,0	0,999591248144694
1769,0	0,999532127622403
1770,0	0,9995950856765222
1771,0	0,9995714036027281
1772,0	0,9995998319701251
1773,0	0,999595823944284
1774,0	0,9995553186115979
1775,0	0,9995338384538945
1776,0	0,9995471010745534
1777,0	0,9995551477964292
1778,0	0,9995710551659666
1779,0	0,9995802124689955
1780,0	0,9995666778225979
1781,0	0,9995979848732522
1782,0	0,999566042863791
1783,0	0,9995815959886204
1784,0	0,9995674168763615
1785,0	0,9995653731764014
1786,0	0,9995595526211872
1787,0	0,9996044839596264
1788,0	0,9995315961057274
1789,0	0,9995837913801807
1790,0	0,9995625209200887
1791,0	0,9995828659062168
1792,0	0,9995834192153051
1793,0	0,9995879550583872
1794,0	0,9995792113256863
1795,0	0,9995369763543658
1796,0	0,9995425099764327
1797,0	0,9995167441087807
1798,0	0,9994945700412105
1799,0	0,9995230917432013
1800,0	0,9995293986776391
1801,0	0,9995660139102205
1802,0	0,999538696402216
1803,0	0,9995175798611374
1804,0	0,9994781976463935
1805,0	0,9994527445130988
1806,0	0,9994360607451969
1807,0	0,9994596889902622
1808,0	0,9994787611540584
1809,0	0,9994867769755913
1810,0	0,9994525413071892
1811,0	0,9994399134035568
1812,0	0,9994618362365987
1813,0	0,9994419668815768
1814,0	0,9994253445163721
1815,0	0,9995380797625757
1816,0	0,9995636390439482
1817,0	0,9995454600936254
1818,0	0,9995140285511388
1819,0	0,9994979493949981
1820,0	0,9994500530270884
1821,0	0,9994683194403771
1822,0	0,9995081249383398
1823,0	0,9995216351848714
1824,0	0,9994817943326467
1825,0	0,9994756405106477
1826,0	0,9994992830420153
1827,0	0,9995275993329208
1828,0	0,9994996280930339
1829,0	0,9995483795971781
1830,0	0,9995746765268656
1831,0	0,9995235273131051
1832,0	0,9995485646411142
1833,0	0,9995631668247266
1834,0	0,9995307022669001
1835,0	0,9995648409229843
1836,0	0,9995655685375433
1837,0	0,9995444867512316
1838,0	0,9995836875179029
1839,0	0,9995281807763674
1840,0	0,9995457139920795
1841,0	0,9995595002249419
1842,0	0,9995471248009977
1843,0	0,9995724344407406
1844,0	0,999565044728731
1845,0	0,9995129327632325
1846,0	0,9995210248323129
1847,0	0,9995326105795509
1848,0	0,9995435795613675
1849,0	0,9994862260720625
1850,0	0,9995403157456595
1851,0	0,9995549409920924
1852,0	0,9995810886051811
1853,0	0,9995362247719195
1854,0	0,9995728403507109
1855,0	0,9995894950081212
1856,0	0,9995990166319625
1857,0	0,9995624198900697
1858,0	0,9995589021395413
1859,0	0,9995223534471567
1860,0	0,9995718887859837
1861,0	0,9995548642583295
1862,0	0,999576109317191
1863,0	0,9995828108999606
1864,0	0,9995631113004092
1865,0	0,9995194110294794
1866,0	0,9995552805065935
1867,0	0,9995686786342014
1868,0	0,9995567042935407
1869,0	0,9995604782496934
1870,0	0,9995555324938654
1871,0	0,9995584532595467
1872,0	0,9995824870941871
1873,0	0,999563039000386
1874,0	0,9995583261278757
1875,0	0,9995443399651482
1876,0	0,9995046650504472
1877,0	0,9995133383800546
1878,0	0,9995820283521532
1879,0	0,9995539885531279
1880,0	0,9995881963541894
1881,0	0,999588234710312
1882,0	0,9995784501566535
1883,0	0,9995862350582346
1884,0	0,9995510988311075
1885,0	0,9995959267437856
1886,0	0,9995840748916197
1887,0	0,999548003382511
1888,0	0,9994880451091013
1889,0	0,9995447795428919
1890,0	0,9995808343829494
1891,0	0,9995893534148093
1892,0	0,999591280973619
1893,0	0,9995656612350469
1894,0	0,9996017202106261
1895,0	0,999559605073633
1896,0	0,9995584299724817
1897,0	0,9995501839906155
1898,0	0,9995869059012735
1899,0	0,999572429669131
1900,0	0,9995487027180006
1901,0	0,9995588889680233
1902,0	0,9995408595808047
1903,0	0,9995322430590159
1904,0	0,9995279625347071
1905,0	0,9994709825187252
1906,0	0,9994522988759318
1907,0	0,9994928623372664
1908,0	0,9995097573595781
1909,0	0,9994426888588237
1910,0	0,9995140360221139
1911,0	0,9995207631021769
1912,0	0,9995014623476163
1913,0	0,9995707028249635
1914,0	0,999572745723677
1915,0	0,9995521880096688
1916,0	0,999495654585401
1917,0	0,9995320385021277
1918,0	0,9995350200164588
1919,0	0,9995444065532556
1920,0	0,9995711720193489
1921,0	0,9995828059398514
1922,0	0,9995796932541161
1923,0	0,9995796412057462
1924,0	0,9995405786038287
1925,0	0,9995468078225529
1926,0	0,9995250441698267
1927,0	0,999538718625881
1928,0	0,9995096446282383
1929,0	0,9995431623021667
1930,0	0,9995807783390709
1931,0	0,9995466810994291
1932,0	0,9995391719698893
1933,0	0,9995008687800241
1934,0	0,9995536368226321
1935,0	0,9995732691858219
1936,0	0,9995453222597039
1937,0	0,9995218899417013
1938,0	0,9995455687555208
1939,0	0,999573937157985
1940,0	0,999517908214207
1941,0	0,9995684138254154
1942,0	0,9995596753615195
1943,0	0,9995877079629946
1944,0	0,9995253160161288
1945,0	0,9995606269835177
1946,0	0,9995968397381398
1947,0	0,9995636848964771
1948,0	0,9996012255070934
1949,0	0,9995707246970937
1950,0	0,9995787099225487
1951,0	0,9995618235553362
1952,0	0,9995809567692908
1953,0	0,9995937224824483
1954,0	0,9995810907368118
1955,0	0,999546523428831
1956,0	0,9995674082233262
1957,0	0,9995734508836489
1958,0	0,9995479203554152
1959,0	0,9995357430341996
1960,0	0,9995374544954554
1961,0	0,9995457115078068
1962,0	0,9995361910876983
1963,0	0,9995470320849081
1964,0	0,9995329699626738
1965,0	0,9995164342252498
1966,0	0,999511407350009
1967,0	0,9995336015669132
1968,0	0,9995460811007159
1969,0	0,9995348591723302
1970,0	0,9995499140501384
1971,0	0,9995421959151842
1972,0	0,999567641911957
1973,0	0,999583277408542
1974,0	0,999562323884068
1975,0	0,9995553370578075
1976,0	0,9995711934815906
1977,0	0,9995485683508755
1978,0	0,999531608363618
1979,0	0,9995526911874105
1980,0	0,9995493607945031
1981,0	0,9995178192813226
1982,0	0,9995380464781982
1983,0	0,9994772564239107
1984,0	0,9994891256525175
1985,0	0,9995335605913848
1986,0	0,9995409851168037
1987,0	0,9995134324412137
1988,0	0,999530101023372
1989,0	0,9995538026110322
1990,0	0,9995264734059428
1991,0	0,9995530626802617
1992,0	0,9995374891348583
1993,0	0,9995626374601847
1994,0	0,9995457950211027
1995,0	0,9995457897053844
1996,0	0,9995496899361408
1997,0	0,9995563111511501
1998,0	0,9995483041300564
1999,0	0,9995831680429788
2000,0	0,9995189832998221
