N: L: 	Density:Noise: 0,6
Time	 Va	
0,06073857268235675
0,058775845382248
0,05782614319630175
0,04032570529259025
0,052259188612296746
0,07941807365578288
0,10525974603402656
0,14578643423238805
0,1613848638260753
0,19533047286862812
0,2186225044798527
0,22567811703879187
0,21864757448050937
0,2400029549940734
0,2484931344557717
0,2419702089821765
0,2579011864678625
0,2835298607087704
0,2906047061867221
0,30340388137879304
0,32064539775434614
0,31451766030553036
0,33736252185925314
0,34468121667461366
0,37200858090762073
0,39856774455490757
0,426663777669948
0,45113432417854854
0,4617071347211252
0,47051656885089754
0,47692945485046173
0,4820789521731465
0,4969447552879252
0,503610327521982
0,5023542868178806
0,5047061028525079
0,521849426908725
0,5566909616696715
0,538270821133361
0,5453338004515406
0,553394593111015
0,5646102858311798
0,5765031149250373
0,6000706851687865
0,6071440120775268
0,6230041157445584
0,6160001650117287
0,6105215925251216
0,6082464040011619
0,6088125525970239
0,6315648271694629
0,6270047765879
0,6277971996691204
0,6465105320542305
0,6475531767024314
0,648927786815661
0,6494225542453873
0,6537584910561045
0,6638299871314759
0,6656178846806948
0,6742361010117663
0,6783057890355217
0,6660377034241621
0,6556774263896279
0,6504194185079772
0,6341207752417806
0,6466391084410295
0,6767802130487577
0,7116903668698866
0,7362490326546048
0,750590288405921
0,7513558553678472
0,7522050053922351
0,7605843149400936
0,7576832840997026
0,7556845497192137
0,7595283859222081
0,7529983519163104
0,7511417872666234
0,7545767158349732
0,7569881551230508
0,7690200749901874
0,7803705218059028
0,7919670877010442
0,7850028928918652
0,7765004158705305
0,7800559681086693
0,7767564825374003
0,7869094693087436
0,8001987299387084
0,8020038117025347
0,7898889777361294
0,7978994753409426
0,8068615077174117
0,8047616088246518
0,8052074219491
0,8111179198174401
0,8049867817170826
0,8128294282054992
0,8171939272580859
0,8198604763157353
0,8262804397151134
0,8328735558914492
0,8439167254353237
0,831461048652475
0,837349619701127
0,8384924413251094
0,8335284944884046
0,8291996677840155
0,8100827373581654
0,8063333327380817
0,8022205091253041
0,8089887794589468
0,814229136703831
0,8083061411904529
0,8184987451732475
0,8236725077355118
0,8522107594184369
0,8619201452927859
0,8765381231982343
0,8938988223102498
0,9059453905204687
0,9118614548811174
0,9180995454673947
0,9165327828074561
0,9159602289629699
0,9174620920920727
0,9230136754594934
0,9226052649852922
0,9210810739305992
0,9255001808093656
0,919272622635686
0,9218202266839948
0,9187366178762443
0,9172836864911634
0,9131600403701752
0,9126208400890241
0,9135251919239393
0,9114657588865538
0,9097941006137501
0,9162185734645653
0,9158767545609928
0,9241639923229993
0,9288723276841612
0,9319494389261351
0,9338150133283144
0,9346899506500531
0,9482555000282751
0,9635968112532042
0,9712814725927914
0,9700252609535109
0,9732065184168823
0,9738839533799712
0,9749058286921938
0,9746375269165255
0,9774237156264578
0,9774030227225885
0,9753767249864941
0,9752797676780954
0,9766540401253235
0,9772797915743392
0,9763811717242756
0,9783006635995707
0,9755197625012878
0,9761272853621197
0,9741048935335354
0,9758044039025691
0,975748060675002
0,974017134203408
0,9745635615323421
0,974118804948499
0,972210282150624
0,9712441900308799
0,9722086766103659
0,970121768304572
0,9670357881622105
0,9661853329004667
0,9669644927733103
0,9645251741444143
0,9655452323482079
0,9612540713783148
0,9672773483534574
0,967994071171324
0,9692314774616089
0,966250195248057
0,969822706096592
0,972763915611185
0,9713457153603554
0,9676715213761415
0,967411682162262
0,9712628029271909
0,973756503166531
0,9743681241909505
0,9740636072847464
0,9736072035511302
0,9730877556939667
0,9699013622795019
0,9669581020531316
0,9685003268228219
0,9681208184475746
0,969633119619091
0,9682611210480145
0,9709987622940427
0,9692659792557435
0,9737153350235415
0,9757803913474853
0,9747799786330584
0,9737197111669009
0,9732440000796072
0,9721317863035214
0,9738189138209535
0,9710023092413291
0,9694759209372495
0,9720762462454231
0,9692929901947783
0,9701306043967446
0,9704297719540955
0,9719877328013422
0,9692032841582395
0,9661277889472141
0,9644415569679868
0,965555659200883
0,9652813690458347
0,9635969323731673
0,9615129914265933
0,9626275828853337
0,9619503411620514
0,9674785338488535
0,9671650017070285
0,9650239787149627
0,968751828121281
0,9685605973683374
0,967671732440504
0,9693931451839505
0,9727965695363517
0,9745905258587686
0,9779691686705422
0,9799798060993138
0,98010613805795
0,979686393675601
0,9790028066639868
0,978957040152046
0,9778809603145762
0,9788583494519915
0,9802031311682445
0,9811030487265414
0,9793035714096565
0,9782991351258211
0,9803258905355909
0,9781063633656487
0,9794131200410527
0,9790569761109151
0,9781175518521877
0,9787942228470977
0,9808870700636056
0,9816574991828172
0,9816298469193324
0,980372002652138
0,9806656414162692
0,9795967487050862
0,9794267020143052
0,9790579573196669
0,980851740745969
0,9803873196982557
0,9801062998538301
0,9812783101608291
0,9801295785753185
0,9796671520341975
0,9782474650424264
0,9773932390659006
0,9771906539787123
0,9727808864926802
0,9777005013093225
0,9729039753745558
0,974778446235863
0,9720568147105996
0,9699015372430152
0,9726222519821588
0,9741472753661417
0,9693047315392426
0,9724556222201557
0,9732186032621568
0,9751071138406157
0,9754726075039958
0,9741694505217244
0,9725555118647276
0,9714453520733307
0,9725893499531211
0,9750461113032783
0,975191852658707
0,9734074623108868
0,9739784783352939
0,96885861021699
0,9660177351768731
0,9640009853460964
0,9625967549938512
0,9628916374686998
0,9610911646394946
0,9621948619057747
0,9609456409905465
0,9624962213433217
0,9600668960796142
0,960973851245988
0,9642571874654879
0,9641080795702853
0,9657633862119779
0,966780882728444
0,9692150613263232
0,9632019915127639
0,9670767084859585
0,965213299249314
0,9620472941008724
0,9655919521003408
0,964488427758893
0,9692322967312833
0,9666150703560705
0,9645946524492276
0,9643577629753992
0,9649568437423441
0,965110771681517
0,9633739337291847
0,9634695143867248
0,9585004210652022
0,9607633051277423
0,9623177190144366
0,9688880924766256
0,9660628267914958
0,9665749892085542
0,962908185126761
0,9606453753207512
0,9638020156792648
0,9642446964594796
0,9657727575839633
0,9707436323557426
0,970959659247786
0,969704203120791
0,9668625719650957
0,9636808745695108
0,9657697808920592
0,9645600523947875
0,9636217837263579
0,9653130859162186
0,963597582944919
0,9611193878372414
0,9606901189259793
0,9611457613513323
0,9615785334964065
0,9556100291142839
0,9563441153705718
0,9541987576898612
0,9493926093920892
0,9510215092384627
0,9485884277304001
0,950226713816882
0,9491725736986003
0,9468740418006383
0,9407420701386933
0,9405264408224544
0,9407357806836408
0,9472470191515333
0,9465171143463289
0,9474032649220121
0,9421977375140089
0,942848627021662
0,9446579698211887
0,9444622540265034
0,9463154395002539
0,9453531746235876
0,9442465454242679
0,94268097167621
0,9394250863379646
0,9371229394490661
0,9369087062998714
0,9333858131077888
0,9291271399904167
0,9306939735490349
0,9327190099357654
0,9289660176782286
0,9283899720297332
0,9267029557139784
0,9289960668738698
0,9342622760838797
0,939269681300107
0,9449351563387977
0,9453155947722365
0,9398178535376613
0,9388557915288247
0,9339332648287558
0,9322854414915435
0,933756337245028
0,933304181676906
0,9345527587777686
0,9348387993862988
0,9395296604140488
0,9364253161129691
0,9345094504992092
0,9362781038894791
0,9372330119286513
0,9316617038119129
0,9318566203828565
0,9341824870207661
0,9318749625123204
0,9351944335781845
0,9428179703215458
0,9471274900092105
0,9472932573561516
0,9442069413212406
0,951064935567296
0,9514535034229005
0,950236999802882
0,9515510964025229
0,9550115763130492
0,955095378527894
0,9547728241355549
0,9520283355576405
0,9472894100586357
0,9467890658417133
0,9462955732795626
0,9441621752579448
0,9467475416662171
0,949566339103504
0,953065569278765
0,9544858687376232
0,9529777598018152
0,9531927999403035
0,9464784574224532
0,9544091250554472
0,9568735874684046
0,9562736186426698
0,9585529952728422
0,9600321677701095
0,9589672750860952
0,9593044297379034
0,9628472378249141
0,9608474107547839
0,9628468985585839
0,9662260521263027
0,9597083010776474
0,9627081110407314
0,9653950264944016
0,9627540617179824
0,9638036831733149
0,9586128077606655
0,9591362415265486
0,9636379700302685
0,9660622097617065
0,9656067917174085
0,9683593639704645
0,96514297254559
0,9670345182228446
0,968157495712162
0,9601291017459378
0,9604333812556459
0,9593945023862935
0,9580855312927916
0,9567128331772078
0,9605260178326156
0,9600581025223179
0,9568891700384891
0,9575223594792113
0,9564809017152607
0,9513728350905558
0,9460835466868824
0,9488259452847795
0,9555293977815249
0,9564747837382819
0,9554813805000856
0,9493634414736547
0,9505971992328629
0,9486699394521041
0,9470049091288943
0,9460400302123448
0,9453549224896267
0,9483469718581108
0,9446359089149773
0,9472130051291244
0,9443628745975875
0,9464673736191671
0,9455191862853523
0,939500309390982
0,943272832665553
0,9426242862081727
0,9422215880991035
0,9488520755449277
0,954992543275333
0,9564901531981886
0,9590085001378378
0,9635330798101281
0,962783463430317
0,9644310124748199
0,9678047272326518
0,9693802265773691
0,9684418484078715
0,9665835170257719
0,9692346113872268
0,9688795534108448
0,9678880776719461
0,9682145094842288
0,9691941184438839
0,969598848670841
0,9727799943388714
0,9742289112187815
0,9742909188698599
0,9724439342620027
0,9692282895395952
0,9693712404267234
0,9735929546880125
0,9735198091627366
0,9714638195118909
0,9703661783508027
0,9668032181002707
0,9670340234699931
0,9676210127821446
0,9631927192732707
0,9679737769156898
0,968566105820785
0,9697460312445837
0,9683734930569996
0,9666502404135372
0,9707252166095464
0,9676420879710979
0,969323027060769
0,9696536523969235
0,9721851231246343
0,9731207857791371
0,9738746260740563
0,9724479344537215
0,9741865917838782
0,9705951616927977
0,9736233997743926
0,9727308913009082
0,9714944645411111
0,970006143854322
0,9717006756357639
0,9725042454811343
0,9719745056471133
0,9700691949209241
0,9670948281882437
0,9651385433127481
0,9659162492606682
0,9622199219249276
0,9614704325625619
0,9588315435274035
0,9572487995005531
0,9576058685623501
0,9592618746919143
0,9576244505641845
0,9594112322656806
0,9548371543533684
0,9589664689258234
0,9610175135879832
0,9600819749321492
0,9604969078856566
0,9582527607116672
0,9590955503072901
0,9566050683629267
0,9514904640684294
0,9520099905409036
0,9510627365874523
0,9533748791632212
0,9532778179518538
0,9522114286283312
0,9509199521478814
0,9497578055920773
0,9490262021843086
0,9467427637367685
0,9498264800360793
0,9477635238817385
0,9466707872620916
0,9473825737664225
0,9437245357641773
0,9452873321029049
0,953652618635907
0,9556451553086747
0,9555087986663292
0,9567800955092237
0,9549455629498625
0,9605450421541438
0,9574944088585348
0,9540537927386231
0,9527333156349386
0,956606048557006
0,9608745900876564
0,9647248839681866
0,9655084248622562
0,9632535686758449
0,9631253116751995
0,9627988342771339
0,9642647098990419
0,9649661447504271
0,9637295212112067
0,9616908174638765
0,9599072793660001
0,9597168523096427
0,9595189522058348
0,9628577396730801
0,9607406787099728
0,9633968511885779
0,9643001131103504
0,9689890952604948
0,9670929327733898
0,9645040832989372
0,9631688917199498
0,9584863270869443
0,9573975596896813
0,9610483227755257
0,9575566244976481
0,9569922110853398
0,958095079754937
0,9571064637234113
0,9533820011823292
0,949310184913634
0,9553895086603033
0,9562675085147373
0,9531954313001414
0,9538842313484405
0,9521315373503361
0,9504032540457173
0,9521720030535795
0,9499791354340019
0,9475478227141096
0,9468817875941056
0,9523462804463081
0,9552467400143143
0,9549002623194015
0,9552886151296254
0,9556903372159049
0,9555661089554367
0,9553698822377279
0,95650237431938
0,9505518344117899
0,9488511167404721
0,9524698959817314
0,9509099015370767
0,9462696224540895
0,9460002170645538
0,9474625350214774
0,947297595291011
0,9470582296454565
0,9443972628268728
0,9429934964455564
0,9477190727033343
0,9491061706046782
0,9497598404378118
0,952460902066844
0,9553147525889712
0,9576073430078452
0,9576922688457836
0,9592179748892202
0,9554888827578994
0,9557090053751479
0,9552192056280256
0,9557964383830785
0,9541302733427873
0,9585065553513608
0,9595244859221087
0,9519024755463195
0,9513589191418942
0,9502846045242226
0,9520357084512314
0,9540723889433373
0,9531259885857795
0,9544255501822301
0,9530258698266607
0,9563270790637817
0,9552007776005282
0,9529197376761734
0,9491375610292171
0,944032778343604
0,9394968907421738
0,9399540086420759
0,9407207119317009
0,9399404840448267
0,9379133069969344
0,9396518320452801
0,9435769768209955
0,9402225799258804
0,938581561243645
0,9398620538185095
0,9497033692261222
0,9474402634507104
0,9472003017519095
0,9485651817411108
0,9486294700787575
0,9492717384272893
0,9515882439985175
0,9460074336114747
0,9488938146878151
0,9558487661311122
0,9578986108344251
0,9582042149657969
0,9528144541440224
0,9442022149427551
0,9432435443348127
0,9363821318628894
0,9309408122099283
0,9362709277861749
0,9362186862739736
0,934256124289538
0,9347836841536461
0,9352685657324755
0,9314235333309818
0,9236245204031959
0,9273543142084858
0,9275241061765889
0,9270052020435551
0,9234186656419636
0,9299244444797811
0,9283989345397116
0,9313121813709997
0,9312968512696348
0,9279458902597009
0,9328824960238868
0,9255233088398169
0,9236243479413632
0,9267151097260756
0,9275921648038673
0,9275024740783048
0,9275430277024991
0,9249945786965806
0,9267847904315687
0,9227428215318926
0,9254147163094427
0,9199182499214537
0,9139627778069862
0,9146318976023544
0,9135181540202156
0,9189611972452019
0,9140952679867538
0,9078380458256416
0,9036623556265074
0,9027009363756849
0,9029189027291572
0,8865526601898551
0,8925215793412336
0,8986696213724159
0,8933223766349956
0,895937248936069
0,8941906592134276
0,8975005563456163
0,9072655473454713
0,9157371438339074
0,9098133095130155
0,9089201647569164
0,9096656731836058
0,8995706206059727
0,8913150206855064
0,8885713915451301
0,8860037643435558
0,8853349579461433
0,8948965902977396
0,8926631150566386
0,8899977823941729
0,8945207768503873
0,8937527936005254
0,8771821186353168
0,8850149572884642
0,8890551314327936
0,8926569943110056
0,8756982587619886
0,87059422472446
0,8612264099999756
0,855866818758775
0,8593156348075321
0,8694529878798524
0,8581107812795022
0,8606417177972927
0,8626997853151059
0,8520303778293894
0,8589020108893718
0,8720223775678794
0,8765427005434135
0,8682665589084523
0,8693072369371059
0,8760653369778238
0,8825127575588015
0,8821218458027549
0,8793474562786078
0,8761339693405762
0,88444306299489
0,885008772437087
0,8870141432444352
0,8906138449631834
0,8821808607205335
0,8764813438998598
0,8783109929322035
0,8725909795702154
0,8601821505589635
0,8602542106172942
0,8582850469100624
0,8503235979238039
0,8479186835797002
0,8388801765782068
0,8310511572321366
0,8325602037920365
0,8483587451382777
0,8505369116088097
0,8553423509155957
0,8611291335630553
0,8607409666272016
0,8662421850436984
0,8704448232448789
0,8750527831810742
0,879476905131527
0,8761588836906004
0,8767835084974509
0,8916335063162958
0,8908940925675028
0,8873757869221756
0,8814263349809939
0,8793880618088226
0,8816566065187279
0,8860520580422334
0,8840912094471829
0,859989865203221
0,8570616887844709
0,8544285820646315
0,8470688318058173
0,8394384815556176
0,8355662143316834
0,8379775052208438
0,8468671076518293
0,8339291327474746
0,8176753913316647
0,8152681169556147
0,8058592107525374
0,7997473333004033
0,7950971843187824
0,7984196203311685
0,7912990537073635
0,7742420439887661
0,7723610405490681
0,7823842622675237
0,7904979060621019
0,7968387892780615
0,79909024461409
0,7928077782946642
0,7821109331655267
0,7922824667997826
0,8007254611766931
0,8038352545388174
0,8043617474264827
0,8142830323081718
0,826007938334968
0,8235218416104092
0,8241544492401524
0,8160114795835797
0,8156105074226199
0,8119436417748175
0,8221271102613428
0,8188847591725271
0,8223789080203219
0,8334670863350903
0,8339013219118505
0,8376810781025125
0,833231065237645
0,8206865390239498
0,8374185191204123
0,8403038320696752
0,8427782098488106
0,8433386199024873
0,8478816087640136
0,8458737499958153
0,8532802053703681
0,8554291190959297
0,8480366621594811
0,8552596098113092
0,859099818328595
0,8564775764104982
0,856872083732531
0,8584481126849753
0,8658058003867282
0,869610422013795
0,8660534235069925
0,8655504292737775
0,8647089890857084
0,8614027759460422
0,8652910748433442
0,8595482031409661
0,8675732042006782
0,8666013130550486
0,8656710160807747
0,8517511667270216
0,8495255708975872
0,8339068953501235
0,8251989931732832
0,8166486158686854
0,818477308728777
0,8212413152413276
0,8255888725010616
0,8269368979293609
0,8335120952979765
0,8416154976709611
0,84241156317488
0,842054253231038
0,8477648718090461
0,8421388883026091
0,8400257320597417
0,8418157801014691
0,8452008726293946
0,8290168478227593
0,8342945074613555
0,8349882534346289
0,8315836890258622
0,823276712792982
0,8186927551484315
0,8123232365891294
0,8119391771088448
0,8174752915923579
0,8197250935371644
0,8153808613813361
0,7981220687206584
0,8058133358947165
0,8132962323686687
0,8244420075225327
0,8261620115692367
0,8296436454262383
0,8330988445417861
0,8381930369771928
0,8381841383039902
0,8299765680413904
0,8306166997449516
0,8305576491822202
0,830293260094173
0,8260672370827881
0,8247714365762658
0,8282668453249861
0,8321005001462413
0,8470410715054418
0,8467255282074541
0,8427071058872878
0,8469912750291765
0,8485267283116559
0,839126226188443
0,8508078652825544
0,8433879149256409
0,8477212960517595
0,8445334984011982
0,8441601924851244
0,8482835501848707
0,8460489592985826
0,8323266227986337
0,8314260405096424
0,8384260516745393
0,8391850790888595
0,8480986155825788
0,8524662810914584
0,8504687155782011
0,8548719710617998
0,8489680847948597
0,8489416845163734
0,8437507398408982
0,847698186187245
0,8530562949170478
0,8536412284683284
0,8532571402991237
0,8455083635692258
0,8457475237204591
0,8469981945629822
0,8427778379847136
0,8450726708633193
0,8457360832265824
0,8397728913819787
0,8362933796480724
0,8390918125245609
0,8361832701861952
0,8416044803532933
0,8446809507582917
0,8422122634170914
0,8362864894526542
0,8423883093691799
0,8471579586194306
0,8539377730004006
0,8614042239714185
0,8588134524883481
0,8548023283163534
0,8534865273891201
0,8612498895564759
0,8657041831724841
0,8644869715739931
0,8635896640782021
0,8639635908287896
0,8790377538084331
0,8830866393154596
0,8878225986663536
0,885893030390471
0,8804644836520962
0,8826781517313642
0,8823116597254128
0,8872870065273802
0,8889591573287303
0,8779800129290082
0,8713714734067285
0,875492444559006
0,8645109660121663
0,8641469891755922
0,8643751451073644
0,8637500304405518
0,856893966611841
0,8583930244127985
0,8563200322806285
0,8591997148679505
0,8663249725677332
0,8789901724541809
0,8867449500102793
0,8845534247296329
0,8817350467479209
0,8746898690307097
0,8923701103823788
0,8921403210711494
0,8940616760401469
0,8942665775938345
0,8959453518196837
0,9092061152133118
0,9133803961722464
0,9123026274333735
0,9074085011980793
0,9088364557230423
0,9098264554672407
0,9081240848234531
0,9023853689579632
0,8974893986051463
0,8924846911213037
0,8962601681682999
0,894619931824529
0,8895198058597108
0,8935827038021759
0,896292349399337
0,8908692956706395
0,8788109093114165
0,8703116009488849
0,8741034431386963
0,8675538305864651
0,8665650081562516
0,867089713629899
0,8659719384677803
0,8553428778579534
0,8589000105261978
0,8617594198456121
0,8698382277689505
0,8750543533348425
0,8756167321935753
0,8806001011404546
0,8756624224321223
0,8808171868260828
0,8799506498299446
0,8861314786762295
0,8783264119493007
0,8836565901095064
0,8847262608052741
0,8834977116742444
0,8851463012805717
0,8848286834666601
0,8889336840355133
0,8975600858380731
0,8892878053944565
0,8984831933150939
0,9063420784915159
0,9013768575513956
0,9017087182586457
0,894425303357695
0,8847858859692809
0,8773972096388324
0,8814459893877309
0,873746235947323
0,8710971933000202
0,874054274201626
0,8893457665106077
0,889345839687677
0,8964588544560012
0,8809849983348026
0,8833969239340433
0,8847950623561832
0,885695772655166
0,8870566013305585
0,8852997063287392
0,8866523396476299
0,8780409547416934
0,8812483492722061
0,8909709938701494
0,8902333181152299
0,8963274962479473
0,895552639589572
0,8905056281906246
0,8814019728288165
0,8779618171109981
0,8806809619851846
0,8732347058834163
0,8732558639688155
0,8754948031110699
0,8699551299457374
0,8725890995008111
0,8686179608057859
0,8661310487072641
0,8572970870309484
0,8520570835853417
0,8493748278667346
0,8592789352632061
0,8448220280902319
0,8388423569514976
0,8431898917690659
0,8372854052218812
0,8307703136078722
0,8239690732757569
0,818401910889359
0,8209217324792549
0,8258474922081094
0,8116911380221578
0,8238470234644869
0,8190344871193406
0,823118695549888
0,8157661132410808
0,8109941180620133
0,8109894756276138
0,7816570109400367
0,769612488622696
0,7794162166383777
0,7758781052574248
0,7782505869043532
0,7952028012336021
0,8105790181702777
0,8207975630251434
0,8267180420677578
0,8351996940025863
0,8475346517048172
0,8440258362376938
0,8305069324642519
0,8242317655111076
0,8167842051592031
0,821615454079959
0,8283895345537298
0,8345091764282131
0,8383453490302073
0,850492947699589
0,8498207936820216
0,853929715926832
0,8517229470694051
0,8486220080863877
0,84571432656171
0,8502928776194629
0,8394527347207534
0,8349282599362745
0,8326728854121206
0,8157242335734458
0,7999841451431746
0,7969748064137239
0,7895611770131092
0,789519578329659
0,7856267367521543
0,7665597084169835
0,7612839391894316
0,7643813720667713
0,7633995010063752
0,7522519272744571
0,7550625137318933
0,7605309911669349
0,7334779688105477
0,7273228122302271
0,7489618774764043
0,7547337436189947
0,7552661266827009
0,7466392536170882
0,7374430575149379
0,7394228049977258
0,7417835062469439
0,7295715339306317
0,7487405986233141
0,7572334303114939
0,7696199441739734
0,7825584677475682
0,7908599756441994
0,8030705671128809
0,8226810920438564
0,8454303654822001
0,8589722623944167
0,8633505432445474
0,8737113285211177
0,8846700239445398
0,9024401639666815
0,9107751534110046
0,9172632302389279
0,925404003211015
0,931575360161117
0,9390262260403065
0,9417174510865859
0,9500671786279145
0,9532635623995676
0,9553479498428722
0,9499010502086493
0,9513244566680467
0,9524972919256561
0,9586951487953793
0,9607356455055203
0,9625756385552048
0,9645151640184203
0,963276971616182
0,9648870616964764
0,9649879669414516
0,9648099382312205
0,9674423751505932
0,972381974345624
0,9730713969883392
0,9701906735237353
0,9695054577984699
0,971673400059423
0,9682604879935762
0,9683016793577961
0,9694639596991474
0,9648080519589494
0,966209351179564
0,9657231175779636
0,9673724276308984
0,9659281399245078
0,9653502606376325
0,9691432618679734
0,9645213045377564
0,9656992525633937
0,9647902117521291
0,9622699993532128
0,9577291775171562
0,9584739819240876
0,958207800830981
0,9591252270445737
0,9615416251206138
0,9632734457022305
0,9629257609611458
0,9609400431954042
0,9602303381653
0,9625141968321318
0,9563055354519685
0,9541638495271729
0,957348903628323
0,9550687857184016
0,954813711668618
0,9539140539646347
0,9582693367853363
0,9539202937572194
0,9578017212339821
0,9569399377895382
0,9601164349080183
0,9600555206718118
0,9610442764602688
0,9606084446091374
0,9654118858452571
0,9664669512034401
0,971790169497523
0,9702464983372449
0,9676761169990434
0,9692732998153737
0,9702017265403733
0,9689707289186296
0,9647048314859613
0,9649854204652136
0,9658652041349003
0,9651706403570387
0,9659200553192678
0,9665977599245467
0,9681031929831776
0,9643120373812036
0,9654213712631378
0,9647521803042673
0,9607167086786038
0,9570354502743318
0,9555325303598219
0,954258939009259
0,9511015643862913
0,9490156351534288
0,948003566464682
0,9429248928103905
0,9412114813198483
0,9416571485093509
0,9412387404899899
0,9442292724014186
0,9473708122017107
0,9476222802906202
0,9512145827579963
0,9528898231927195
0,9528243522333255
0,9519272109140896
0,9472509044251641
0,948478039481484
0,9494748870087882
0,9474122189225106
0,9452458670753484
0,9451814160194486
0,9464395889192407
0,9449052626676362
0,9456432330373832
0,9452839282985033
0,9453443027157177
0,9462336829027232
0,9429877482389623
0,9449195006165919
0,9467021649557901
0,9432761342078458
0,9458235139404558
0,9434542281306539
0,9408778288282946
0,939250007252679
0,9386626771879681
0,9356756426835923
0,9378847537858839
0,9341897180116114
0,9354216695102244
0,9362034277643425
0,936352872673696
0,9381540869536792
0,9378931526116339
0,9364089745149672
0,9402428250183099
0,9388903070641789
0,9389039786944388
0,9401251947267356
0,9391984552572673
0,9349275485824201
0,9407731106863505
0,9434575384640327
0,9435383749110882
0,9414891534293262
0,9384315550148561
0,936765790822608
0,9382374528868693
0,9376752967066947
0,935154094528898
0,936733036018586
0,9373774738192779
0,9336259910981687
0,9308719454482629
0,932864682920047
0,9367366146416836
0,9397625888969178
0,936494409936508
0,9413407265782521
0,9387091319162655
0,9339722935963937
0,9292094687963792
0,9279508540847803
0,9333424974481466
0,9282312625165605
0,9281945396992999
0,9253369778920635
0,9234494842121198
0,9197905690467606
0,9230411953885164
0,9215836062115449
0,9240940368098282
0,9227858152778117
0,9197900682053669
0,923353456387159
0,9231908958157053
0,9241515844429534
0,9207086981611055
0,9206490664877409
0,9167613616013173
0,917317653252889
0,9155012783285463
0,9174322858883793
0,9116279280314247
0,9125906064658934
0,916159160368004
0,91593844598643
0,9178801207706575
0,9191541179953762
0,9209316645997543
0,9212291304630745
0,9199716777661862
0,9214303949812546
0,9258888556460154
0,9212060493519559
0,9240550964163968
0,9227848026113867
0,9238306078405196
0,9225590282456678
0,9295187004334257
0,9280610639911392
0,9277101542446428
0,9278461820588285
0,9281304134483845
0,9284255349490659
0,9263467545799635
0,9276730228540617
0,9284414480276714
0,9309537016860681
0,935264940672775
0,9323596051705255
0,9333824479138622
0,9304751384885723
0,9299901160276473
0,9256615609378288
0,9221419240972087
0,9204578594937454
0,9199322894622194
0,9242144328857966
0,9248739636282268
0,9245027733322263
0,9232788443713753
0,9330515772716405
0,9478350387791071
0,952473055943375
0,9568942868907074
0,9571723609333405
0,9587319311680385
0,9581896531206225
0,957710648225711
0,9552524935758777
0,9542724027023117
0,9525401377635946
0,9525754058161147
0,9550614202268097
0,9583446446570063
0,9631575152502957
0,967098061853
0,967154142816626
0,9668835195899478
0,9714766444471822
0,97097132135483
0,9749926065023008
0,9759622167984702
0,972732175692326
0,9737976689329648
0,9716062911825655
0,9685603265219853
0,968069795985316
0,9727243301429294
0,9722780075478696
0,9765063619889038
0,975258794949924
0,9743402003838886
0,9748585393718817
0,9774820704641748
0,9740107468658206
0,9750699062196819
0,9755121638190045
0,9717014349988907
0,9739305428707581
0,9727187554655353
0,9748787444191425
0,9753815135995977
0,9776220738636882
0,9787524079582962
0,9786944394418767
0,9809419930433197
0,9788487823960801
0,9774943646346839
0,9795423568041455
0,9769708322349527
0,9749827373243359
0,9725561098754959
0,973421228782439
0,9732539803744441
0,9719692138452327
0,9731058192557415
0,9699815926423452
0,9673680175203598
0,9672729613625569
0,9661030767723889
0,9661013511181026
0,964983713683588
0,9649524580946881
0,9625210629545606
0,9614882004692494
0,9608587797197848
0,9592078170690638
0,9607107903846607
0,9586130956657225
0,9570576514424199
0,9570846592235409
0,9611217880006594
0,9619027424249844
0,9630607145209777
0,9610742169409257
0,9563233230472798
0,9551305184247063
0,9579444447063555
0,9567089744373122
0,9567702986071366
0,9560717175897042
0,9545793169719966
0,9545193960319613
0,9508258632360225
0,9435058169699159
0,9398702390290704
0,944982002474984
0,9456486749376942
0,9446253922226272
0,9432585496850764
0,9433998859063287
0,9410107097593251
0,939106552774357
0,93490388577801
0,9328277837276221
0,9321898505654355
0,9289957763270154
0,9327802022074713
0,929762937643351
0,9332482478854932
0,9348510306164503
0,934465899045319
0,937096081987299
0,9281509725594249
0,9213424358586737
0,9167574793328082
0,91914807797586
0,9161536755534065
0,9136187744414752
0,9096122239335959
0,9111051640822516
0,9139243459881718
0,9144881159731085
0,9178324246989173
0,9194413959014242
0,9199514364949425
0,9168182702232645
0,9235593315457258
0,9213051363677874
0,914141818484314
0,9100223263000148
0,9126110745357117
0,9177079990051445
0,9226103847960887
0,925969750324891
0,9254950247294598
0,9259571145321973
0,925982880623733
0,9260254407095513
0,9289571446424797
0,9288000921714447
0,9283462551223723
0,9243742206806197
0,9231607756384546
0,9253266640655682
0,9204517942745349
0,920453331779905
0,9188272197160048
0,9188708723532737
0,9152226582773976
0,9151173989773027
0,9125652390610008
0,9146626741119618
0,9140796451354536
0,9127122369736077
0,9142000464623794
0,9141981919969372
0,9134192365733402
0,9105613433698365
0,9122890432929531
0,9123730229466717
0,9116051380989139
0,9092986480725233
0,9105696808022682
0,9068971649953479
0,9073661018413018
0,9098839457773265
0,9098962579403947
0,9098816246151629
0,9130094700325717
0,9113980201537689
0,9136166851963149
0,912852087575287
0,9136324983880286
0,9145052772491105
0,9125625041284701
0,9129061879447916
0,9141416188293247
0,9146680437613846
0,9160395528832082
0,9281366474434882
0,9314070310266197
0,9260811651897515
0,9307315535273469
0,9349516666753253
0,936649969818518
0,9372088523333658
0,9332775985598617
0,9303221366592564
0,9311004793152209
0,9312272925226626
0,9315174520308307
0,9294101960687619
0,931095598150961
0,9319564546223416
0,9333309127772954
0,9373690555367422
0,9506389780815476
0,9620897877208834
0,9647853394814082
0,9665353286843495
0,9644117450317315
0,9647565307636949
0,9645696051801038
0,9622920038008748
0,9621294342020803
0,9646822916751555
0,967673826936162
0,9688013734619754
0,9660420816425559
0,9659540772167988
0,9634690843468064
0,9685727165559325
0,9692870668952738
0,9700638046550404
0,968930551924075
0,9654764023744526
0,9654325369527098
0,9657102206035283
0,9665073759226529
0,9660212278225809
0,9658244471532886
0,9623193366251851
0,9606130027727143
0,9597669610732923
0,9599368436375945
0,958283557965854
0,9551451611652265
0,9527366605496393
0,9495137324053267
0,9560006263125831
0,9553033957718403
0,9565965192719575
0,9569190180299828
0,9568232728593344
0,9580114065166593
0,9625658388873607
0,9620585780614918
0,95707526879157
0,9653005281945656
0,963624103607282
0,9667222629877454
0,9672010943505875
0,9714567314467392
0,9681906387803296
0,9643997542575659
0,965985835490399
0,9652540656816939
0,9668909800656226
0,9666490263944373
0,9669692988925129
0,9694127944519738
0,9705426671228543
0,9680023654237168
0,9659733130320427
0,9694629281009456
0,9682179618644695
0,9710895977547007
0,971256576350083
0,9656973410251065
0,9684692124059363
0,9700814141807238
0,9711674596166676
0,9708042648021756
0,9722271598512403
0,9730453757654739
0,976836708218352
0,9734313883631376
0,9743489885013815
0,9776092157906737
0,9783477554863353
0,9782347177973172
0,9810054418680445
0,9774737597433778
0,9788069028335972
0,9818653594545881
0,979539261068819
0,9779232964045157
0,9771011027786373
0,9786846480265075
0,9786431638661558
0,9781926604658111
0,9776072140413248
0,9795875354261013
0,9785260042499686
0,9792707520181075
0,9816086284019364
0,9808389847951855
0,9789341687028228
0,9806617786878932
0,9802727808494067
0,981959506868379
0,9801338497606207
0,9829008547727646
0,9806518526219254
0,9818130082613336
0,9823893531924192
0,983750605552395
0,982004366896247
0,9813409635612049
0,9833269722299125
0,9817260834804048
0,9826353326587671
0,9844558620272007
0,984461206427897
0,9838622559866387
0,9835049155154343
0,982119119246929
0,9805878849994313
0,980806935546991
0,9790084403872977
0,9810470333374943
0,9817889384058461
0,980697982709037
0,9804358963600756
0,9779622221410219
0,9779623507956249
0,9790570169300865
0,9794293768759229
0,9794289058109888
0,9801500587628309
0,9795257106304268
0,9803051970083745
0,981749231330805
0,9810688705569444
0,9818658494363225
0,9824086216715228
0,9808908627361372
0,9809050645763233
0,9802387655802308
0,9811760009513002
0,9777141989138266
0,976099692298327
0,975038689296776
0,9774327113008687
0,9787304257055202
0,9764990728778048
0,9768227438542452
0,9787232559453406
0,9792518855418147
0,9807618712209841
0,9801418255660266
0,9803798348452094
0,97836567452049
0,977858146029727
0,9801408068587635
0,9790977591287833
0,9808809162640263
0,9785349430070113
0,980475337647509
0,9805681291843107
0,9806223455909854
0,9813230201217829
0,9790174351858063
0,9806530235729958
0,9783515372073138
0,979593682394498
0,980654507279084
0,9798499478613047
0,9816275958230026
0,9796762508418112
0,9823666806469487
0,980636023165233
0,9776774289332764
0,9754958600783116
0,9738509309171343
0,9742750708948041
0,9726338352929657
0,9745852983266898
0,9748010860790975
0,9736867615374625
0,9735527208251995
0,9748648053365533
0,9738834757691754
0,9708714122152228
0,9721969071253275
0,973162338067483
0,9715838988404336
0,9715799729903999
0,967477356715209
0,969371539788728
0,9703405818344709
0,9697626708279526
0,9718184866053056
0,9736623100603858
0,9695286844627344
0,9696892819206674
0,969179781527604
0,9673981019983565
0,9707923140067332
0,9711475695329777
0,9700895557054562
0,9701366727135284
0,9717728846832225
0,9711848245104897
0,9682296209924027
0,9718239594792321
0,9693491663551864
0,9690952819112933
0,9714685860350941
0,9730561728791881
0,9709017879909225
0,9685404004701269
0,9716405626646897
0,9727950499561486
0,9700054469314591
0,9704001680728358
0,9673931766094567
0,9682862928799021
0,9687098403566616
0,9749677970276722
0,9782461054953852
0,9790380366515343
0,9787756519524853
0,9797093989320254
0,9784860324599415
0,9777074715597471
0,9789250379302509
0,9807317992328245
0,9793595966131629
0,9779441935549203
0,9779857636643097
0,9754553811189886
0,977539576386522
0,9787189077905134
0,9775748001892437
0,9774687299325884
0,9752671371888141
0,9715473359094479
0,9727361415315825
0,9712739787640354
0,9719645984276948
0,9709106798070515
0,9719534575074075
0,9706203368121652
0,9681076703365629
0,9667537038878417
0,9689108305082748
0,9718218429026192
0,9728292249228128
0,9714318535460813
0,9765463552433519
0,974916913032759
0,9737352712313342
0,9710396423965815
0,9737284974834908
0,9686154044845201
0,9682208265433971
0,9690997674556854
0,9677480842799291
0,968725112557797
0,9694658890987915
0,9709867203129272
0,9669723561406413
0,9679535542342027
0,9673406390079077
0,9652140389032193
0,9661166454119355
0,9663130415205731
0,9649482761803696
0,9630257599531394
0,964367315028796
0,9640804051566754
0,9636938932820199
0,962302984142215
0,9629458491681885
0,9630581871788421
0,9643771390747516
0,9624769168492446
0,9610444153432638
0,9652686730620195
0,9600034040292045
0,962010371544075
0,962000174936674
0,9623824982301961
0,962147348733155
0,9610928821174258
0,9564042511445495
0,9566690751207108
0,9587891178045161
0,9589335614948333
0,9618178031661496
0,9633865486270814
0,9664607440765809
0,9686939919017864
0,9679639932256494
0,9674180459002111
0,9718834991858717
0,9693220000667708
0,9669606553042661
0,9689267831608623
0,9730263969339643
0,9737276021040229
0,9701969305835253
0,962284337809818
0,9572835906601938
0,955406272004561
0,9481665322515818
0,948210478114212
0,9517476754000698
0,9484133918016471
0,9538682384541344
0,9566854260848794
0,9610806030993599
0,9704535515489183
0,9702506214185996
0,9688899079936109
0,9720873202028194
0,9771482989885192
0,9757415837631382
0,9746860464675817
0,9739961936337214
0,9748555400698895
0,9751653171576684
0,9764681172017996
0,9773236312818907
0,977103290482317
0,9781205148860802
0,9771393750321755
0,9759431944247074
0,9778681914528378
0,9760811139732825
0,9760339207776192
0,977152679563882
0,981217829896076
0,9810358322547024
0,9795211391563864
0,9825452323228634
0,9812158945653479
0,9796637211825228
0,9780890604133325
0,9770834920579563
0,9771405290420976
0,9774951788573134
0,9781347763036585
0,9791471561136241
0,9792199962319341
0,9794922685772071
0,9779308510615397
0,978576305791506
0,9793731012655432
0,9814836883061956
0,9818017584021282
0,9802225400293249
0,9823417846050984
0,982909925661911
0,9836255899322763
0,9843570786902014
0,9824593449149899
0,9825154731257155
0,981891683619628
0,980827764800729
0,9811108663817871
0,9809581319306001
0,9814647793572694
0,9808182605895992
0,9787903099016618
0,9775365186461541
0,977730872947906
0,9777241077269578
0,9762410474803134
0,9756416462994012
0,9760743371528654
0,9743062725841567
0,9752060717928785
0,9767515858199872
0,9791845974154932
0,9779337075375275
0,9748468947667256
0,9749393375052421
0,975590920272365
0,975720070301648
0,9745475036424004
0,9779914226468759
0,9813862655780244
0,9806077254528742
0,9811169367803569
0,9831924325369886
0,9818639502374615
0,9828913468246393
0,9823238387860592
0,980697198749188
0,9818905997510984
0,981224756331175
0,9813829374843529
0,9816891806275337
0,9823624418041478
0,9794777131755367
0,9799365232409635
0,981894212897782
0,9807885628205529
0,9808674051856751
0,9801686952596492
0,9805307568005799
0,9817800037882627
0,9817817469894308
0,9813123260356811
0,9809739702890642
0,9790934432784565
0,9778229224255536
0,977980285514671
0,9772731828998144
0,9787744895393528
0,9767774245850038
0,976729138394243
0,975833966223715
0,9765435535838137
0,9739837276798403
0,9732181123228352
0,9706564228109519
0,9709268579569509
0,9713545968201546
0,9722115220127273
0,9708869270059703
0,970370923354876
