N: 500,0	L: 	Density:0,8	Noise: 4,6
Time	 Va	
0,0	0,06073857268235675
1,0	0,02499084888848597
2,0	0,018133838243259176
3,0	0,04900611482705548
4,0	0,03491837452349518
5,0	0,03166161180572871
6,0	0,042232770234796935
7,0	0,07109489793533544
8,0	0,033966780489501885
9,0	0,04766239301582806
10,0	0,04460251695631375
11,0	0,02791824784109903
12,0	0,08937915839027773
13,0	0,026395945670143587
14,0	0,06868359472944537
15,0	0,022351336852219784
16,0	0,03523686255108031
17,0	0,01887783841110842
18,0	0,03695108808141369
19,0	0,066617188720694
20,0	0,021464875788578718
21,0	0,04098867545244235
22,0	0,041683912704890545
23,0	0,08397903491375468
24,0	0,07667749151315775
25,0	0,07160616239858357
26,0	0,021946307114573467
27,0	0,09349789773027846
28,0	0,05699915830938795
29,0	0,019500135915353746
30,0	0,024634874316866517
31,0	0,013534883644019325
32,0	0,037887221972339805
33,0	0,0726881170872214
34,0	0,02069757050977824
35,0	0,08039676439977754
36,0	0,07325574072643945
37,0	0,056991408370519046
38,0	0,047619455130747675
39,0	0,03415099654101798
40,0	0,014764447745109398
41,0	0,021634427011682136
42,0	0,042406657761856724
43,0	0,04689452152192637
44,0	0,04295599143335825
45,0	0,007932844746463535
46,0	0,03529392144010484
47,0	0,03963462561794735
48,0	0,06105790599450452
49,0	0,0834240589555316
50,0	0,0845153837402007
51,0	0,048842307814579565
52,0	0,06460984038572276
53,0	0,10245188187130173
54,0	0,026942883095300848
55,0	0,05078643748346276
56,0	0,09161862749367698
57,0	0,061420513931907894
58,0	0,08755099858024754
59,0	0,08257762238584875
60,0	0,0671239697070995
61,0	0,08622973757919784
62,0	0,04481222637457483
63,0	0,09953801590336225
64,0	0,04637702874084814
65,0	0,042377585643534464
66,0	0,027587852652318095
67,0	0,034335568243046906
68,0	0,02957893565869181
69,0	0,057395047161087655
70,0	0,14195142193610855
71,0	0,12371216612467106
72,0	0,0536216791480716
73,0	0,03310500701641555
74,0	0,04895881269737976
75,0	0,05681140982285398
76,0	0,021157653344784415
77,0	0,046470223021422515
78,0	0,07621019771027959
79,0	0,049965138352304025
80,0	0,04107406586535875
81,0	0,04742605832493311
82,0	0,06305536425049667
83,0	0,03892027396097823
84,0	0,06847808879172106
85,0	0,025875797797742444
86,0	0,02494233099832596
87,0	0,044074700546264535
88,0	0,06889332776052577
89,0	0,08065644837498388
90,0	0,10871892480752253
91,0	0,04474198711476514
92,0	0,05370481342261345
93,0	0,0574253130680819
94,0	0,045573181232683765
95,0	0,10557228772980976
96,0	0,07453987721759074
97,0	0,04977987685774153
98,0	0,022724727506775837
99,0	0,075790799257718
100,0	0,02943218135173718
101,0	0,07269604306518129
102,0	0,025195793297653014
103,0	0,08505464481290059
104,0	0,03344560092813882
105,0	0,06719745720137611
106,0	0,09824449005078785
107,0	0,08414450800510193
108,0	0,0396625377240171
109,0	0,03788617830856926
110,0	0,010010542420176804
111,0	0,05031936292048977
112,0	0,04043731913223883
113,0	0,06100992502744315
114,0	0,08045233250782323
115,0	0,06918425422705923
116,0	0,0755789487115663
117,0	0,0386881225841394
118,0	0,04638173413715607
119,0	0,03273435924659484
120,0	0,026236816646765845
121,0	0,04589182260026087
122,0	0,06442258880544512
123,0	0,08874731543869864
124,0	0,08001469339226353
125,0	0,033991566706070245
126,0	0,05924451510039783
127,0	0,020254317266788422
128,0	0,04459637222998068
129,0	0,043707503953897574
130,0	0,12552082407657122
131,0	0,08343101230324729
132,0	0,03829712555516008
133,0	0,07171090723439925
134,0	0,018306677866951768
135,0	0,02723103712574251
136,0	0,0996979960575505
137,0	0,0367690151240286
138,0	0,0214938730246104
139,0	0,08738671878183389
140,0	0,0861267798345297
141,0	0,04013384336207547
142,0	0,06833626900492193
143,0	0,0761418740851422
144,0	0,1071893220969131
145,0	0,11604383633373722
146,0	0,057813097180447685
147,0	0,041284958379676266
148,0	0,05068201651246136
149,0	0,04498862810619491
150,0	0,03339578361184359
151,0	0,07466748082198817
152,0	0,05940816114535226
153,0	0,053346187355222306
154,0	0,04215520480292124
155,0	0,06082923801061967
156,0	0,04770675409952611
157,0	0,03618334154249813
158,0	0,030665646258097628
159,0	0,03760541019787588
160,0	0,008709622334382132
161,0	0,02127619209174168
162,0	0,02768553358621534
163,0	0,04301098849982496
164,0	0,05777616079373222
165,0	0,04530695456002861
166,0	0,0684318795054572
167,0	0,034918655124931156
168,0	0,08079700422374808
169,0	0,08151394060738261
170,0	0,0979166329872993
171,0	0,05979273396385113
172,0	0,024381309572179634
173,0	0,060490677741001225
174,0	0,1011360800564792
175,0	0,10640663940048188
176,0	0,0921844258132294
177,0	0,028786035244255805
178,0	0,03914448124452934
179,0	0,05552537010216537
180,0	0,024764518187345014
181,0	0,02703132177466935
182,0	0,0543285429098026
183,0	0,014448117622925123
184,0	0,07497618829326626
185,0	0,05167057456595794
186,0	0,05876702339176789
187,0	0,06725066238213884
188,0	0,05525963847033388
189,0	0,06149285022772324
190,0	0,005795786597330666
191,0	0,030285328993520377
192,0	0,03987638634351072
193,0	0,0703476074814778
194,0	0,05477105601188608
195,0	0,023099850053860806
196,0	0,023200793563145194
197,0	0,07038945366730585
198,0	0,038869392564010924
199,0	0,06978708582510997
200,0	0,09097460173009243
201,0	0,06279610397768115
202,0	0,012541277466938797
203,0	0,04978871197677106
204,0	0,08043013573013628
205,0	0,06415622400478524
206,0	0,018840981732331695
207,0	0,014918816739120983
208,0	0,057803257179879414
209,0	0,08705180851459213
210,0	0,10426468737676403
211,0	0,07003771235152137
212,0	0,07905695283871603
213,0	0,03856338699951305
214,0	0,039075308760692144
215,0	0,040760417006010845
216,0	0,1152198693702455
217,0	0,10139835841318064
218,0	0,13827839891468455
219,0	0,08257312390024228
220,0	0,047488880511612486
221,0	0,06087355827441459
222,0	0,05084624458096771
223,0	0,03773213052346529
224,0	0,09326311957614665
225,0	0,06591187695589272
226,0	0,04538798484315627
227,0	0,03674793142853743
228,0	0,03256385150545953
229,0	0,057394099175139615
230,0	0,0651901676438008
231,0	0,034150989952206834
232,0	0,02491817918122798
233,0	0,06497347440308254
234,0	0,0074274128446484185
235,0	0,0648315752156461
236,0	0,03972635830802296
237,0	0,06845402754104181
238,0	0,027794855509287727
239,0	0,027271579671378495
240,0	0,11315678864420745
241,0	0,10155133227677256
242,0	0,04670649368716652
243,0	0,07908044579150107
244,0	0,035226101754802966
245,0	0,09094607350444218
246,0	0,05636589568661483
247,0	0,052005334469628885
248,0	0,11328471673539513
249,0	0,0258753844085349
250,0	0,0644014212390188
251,0	0,05030933252671093
252,0	0,047071292830703625
253,0	0,03275288745472396
254,0	0,04783020945407564
255,0	0,023938333986237407
256,0	0,04677326832838765
257,0	0,059325832959759
258,0	0,06419452647895581
259,0	0,050571982737389755
260,0	0,07368970405144525
261,0	0,10204727283400722
262,0	0,0899409032706354
263,0	0,015989777585132172
264,0	0,013426947334813932
265,0	0,04388786691022511
266,0	0,027578589935446977
267,0	0,038866019073394056
268,0	0,09049843021113246
269,0	0,10231501629654867
270,0	0,028498953262849316
271,0	0,054496623386626884
272,0	0,10419184423048095
273,0	0,03504768761843214
274,0	0,07546138843321039
275,0	0,07090052802766732
276,0	0,05099778133744905
277,0	0,08675182347015883
278,0	0,04617795219762795
279,0	0,040419406228219615
280,0	0,025370608736057936
281,0	0,09724243063563962
282,0	0,06136977828001788
283,0	0,02914098670311547
284,0	0,03191807545226134
285,0	0,057644937745227776
286,0	0,055321379289793145
287,0	0,030934301817582267
288,0	0,02682592335833469
289,0	0,04234508516300061
290,0	0,048176025319010184
291,0	0,0399196174862518
292,0	0,06345035849250548
293,0	0,061521756101241214
294,0	0,019948241988351493
295,0	0,03840603725701814
296,0	0,09849532426450425
297,0	0,06845781676072957
298,0	0,015524186526398798
299,0	0,0064247391318598464
300,0	0,1042408001811428
301,0	0,10358272860151471
302,0	0,028421545210173687
303,0	0,022042676697300687
304,0	0,07899432273963576
305,0	0,08611101905785135
306,0	0,03651078311274762
307,0	0,045796709484108786
308,0	0,04945935170816573
309,0	0,05378142636206467
310,0	0,014114818126957376
311,0	0,014527204669512607
312,0	0,0480062789246593
313,0	0,08279011672811398
314,0	0,029984534450944473
315,0	0,05091233858186379
316,0	0,06820117944897061
317,0	0,07530939642628152
318,0	0,06319413340359689
319,0	0,10831766570100065
320,0	0,04947330431646227
321,0	0,09140921049916201
322,0	0,06260305402728317
323,0	0,055971532590895864
324,0	0,09320327559871314
325,0	0,04960724801907983
326,0	0,05981469487360928
327,0	0,09339305785713717
328,0	0,0017189757970265391
329,0	0,05685828422368942
330,0	0,004979337474961865
331,0	0,09140065343698991
332,0	0,05940339939583624
333,0	0,03529317960385015
334,0	0,06215710876337853
335,0	0,05484881378394662
336,0	0,08172722254025354
337,0	0,09662572835121098
338,0	0,0756965512182382
339,0	0,04191204744846573
340,0	0,015782911402071262
341,0	0,00965222233603816
342,0	0,07847520989159168
343,0	0,07685218299395655
344,0	0,12281634744362878
345,0	0,08277023162350755
346,0	0,026126560537079967
347,0	0,028526361960626474
348,0	0,10788222792633921
349,0	0,040098572624272105
350,0	0,015477805167004512
351,0	0,0357876767140775
352,0	0,059939315611766554
353,0	0,08074229689392705
354,0	0,08119708894379653
355,0	0,11669153191163706
356,0	0,030407361522851423
357,0	0,03892976587595574
358,0	0,05888371779171069
359,0	0,04795941358059284
360,0	0,035042835080007335
361,0	0,033433759290786395
362,0	0,021695874665087565
363,0	0,02093091868215161
364,0	0,05558502950844234
365,0	0,016543619411279537
366,0	0,006375914932988
367,0	0,04662266150866302
368,0	0,012011940134262229
369,0	0,06434268043355146
370,0	0,06815576097861871
371,0	0,010727981392361483
372,0	0,010476213646620079
373,0	0,07348928371208344
374,0	0,06424240868234947
375,0	0,06581078795311748
376,0	0,04512871281403606
377,0	0,03897080476400219
378,0	0,06420925886354038
379,0	0,047523939331785274
380,0	0,038094882241182314
381,0	0,06022400925338236
382,0	0,07753551779263732
383,0	0,09948295161177567
384,0	0,06500383875776274
385,0	0,08857391965121655
386,0	0,06752591907708341
387,0	0,07181319656380929
388,0	0,0651528849836441
389,0	0,03325460492035758
390,0	0,03387616325961036
391,0	0,0465287731043346
392,0	0,11365617341136795
393,0	0,07555031645084179
394,0	0,009231241055558415
395,0	0,05307706557798527
396,0	0,03347978919080619
397,0	0,03791711651443675
398,0	0,10320119106459655
399,0	0,04985495387205301
400,0	0,010368478952021932
401,0	0,04748464663851326
402,0	0,10376919943185105
403,0	0,13197281422329293
404,0	0,0711704909922947
405,0	0,10809059312113173
406,0	0,050793300153696194
407,0	0,09664346777242652
408,0	0,10284209463519135
409,0	0,06599198419025205
410,0	0,017712868158199797
411,0	0,025689282767024403
412,0	0,03599083073585122
413,0	0,10873929632275005
414,0	0,06545421460738388
415,0	0,05934249112102949
416,0	0,07934591131343001
417,0	0,02135652531958402
418,0	0,034287919015560636
419,0	0,03525350734354937
420,0	0,06514340808838022
421,0	0,0972688662551156
422,0	0,06474642815349234
423,0	0,06979661872157103
424,0	0,05388471607265659
425,0	0,04892917277928297
426,0	0,07430739559401224
427,0	0,0713404382716901
428,0	0,003167840295836687
429,0	0,05662717580856787
430,0	0,07687769047355672
431,0	0,008200614753770704
432,0	0,08722476519858387
433,0	0,047521804181463144
434,0	0,061668117860550285
435,0	0,0515178366944194
436,0	0,04977191549466019
437,0	0,02238956677027602
438,0	0,03851448343632964
439,0	0,025810808776398162
440,0	0,023632981980033736
441,0	0,03845974039690249
442,0	0,038195383776090275
443,0	0,014515599042092573
444,0	0,03283577131359027
445,0	0,0476138458757039
446,0	0,012252862558742538
447,0	0,07115203701249999
448,0	0,06305328807972789
449,0	0,052196043876032334
450,0	0,07627502928994476
451,0	0,10907130911781254
452,0	0,04991708377285123
453,0	0,014804311834872663
454,0	0,0036608944124931343
455,0	0,056036034459426516
456,0	0,02681719116583405
457,0	0,04068511535728265
458,0	0,08767423764190184
459,0	0,037032503424046605
460,0	0,05059517606032455
461,0	0,03693440905667394
462,0	0,0563831605225055
463,0	0,09448013009903851
464,0	0,02899322783935075
465,0	0,06182617812182856
466,0	0,09250599308733881
467,0	0,034214811914533044
468,0	0,07668872915958236
469,0	0,08147958732975057
470,0	0,03533607904485624
471,0	0,08193297021335094
472,0	0,042379166215737986
473,0	0,034641349579125014
474,0	0,03869389320708687
475,0	0,030726764645035237
476,0	0,0353515996276514
477,0	0,05027610676043301
478,0	0,03064373677228834
479,0	0,10197087978039847
480,0	0,10938541138040267
481,0	0,07975580467114259
482,0	0,0799471414433584
483,0	0,07268195368939652
484,0	0,03834332025113567
485,0	0,04679818431027589
486,0	0,037221926021101484
487,0	0,03320604261385907
488,0	0,023648922756116516
489,0	0,07025689086368474
490,0	0,0676163702981719
491,0	0,10892752715124208
492,0	0,06351635016360035
493,0	0,06955820131844921
494,0	0,012445379746675604
495,0	0,045176082066087545
496,0	0,03492486230951856
497,0	0,07751477828920667
498,0	0,09454740321085835
499,0	0,10950458233699398
500,0	0,055106491337148795
501,0	0,057437208924245135
502,0	0,11987682316114098
503,0	0,0618394097366062
504,0	0,044443876683236044
505,0	0,035263333467383466
506,0	0,04269641151047773
507,0	0,06773985575507696
508,0	0,08026516000538093
509,0	0,09128273542615056
510,0	0,03837030531922397
511,0	0,060474226818683224
512,0	0,08682400934968859
513,0	0,023732350301661917
514,0	0,02020615116139943
515,0	0,05674032312487416
516,0	0,06737188290993376
517,0	0,08940194573744009
518,0	0,12942675121131952
519,0	0,10219277056956672
520,0	0,07532973494571835
521,0	0,03479207177465269
522,0	0,11171308360270546
523,0	0,09500754361979377
524,0	0,12430716576169547
525,0	0,05033527284202169
526,0	0,08261715054152745
527,0	0,03391861913595128
528,0	0,014047872503638604
529,0	0,05721776854417841
530,0	0,07018816583797195
531,0	0,03273196083305341
532,0	0,03628112017983604
533,0	0,031894043167793
534,0	0,03483700251158265
535,0	0,013562411934476335
536,0	0,049277197243389415
537,0	0,06638376272588868
538,0	0,040089902012775326
539,0	0,06942392300632116
540,0	0,022482237013953476
541,0	0,06639486861275504
542,0	0,040601217187868716
543,0	0,023549577779672832
544,0	0,04093035442702973
545,0	0,05106516651525514
546,0	0,04540186620203076
547,0	0,007894241540236258
548,0	0,07812185335735422
549,0	0,049431543230694264
550,0	0,027860528131892385
551,0	0,026399166599429865
552,0	0,02908113469162221
553,0	0,03253622030158578
554,0	0,017403418344437163
555,0	0,0207578913058695
556,0	0,030975634421020602
557,0	0,04818176169786425
558,0	0,08312260567793774
559,0	0,1107097821597641
560,0	0,11921555239967091
561,0	0,07231853478941476
562,0	0,09237270667739271
563,0	0,08032201742571046
564,0	0,020913023373409098
565,0	0,03903157170497545
566,0	0,1182086457406339
567,0	0,07903369970178971
568,0	0,10138388706342015
569,0	0,03854467888468363
570,0	0,08607640836216243
571,0	0,0215877892099068
572,0	0,011041282287033553
573,0	0,0184958508646511
574,0	0,046001666556438066
575,0	0,011597464021554794
576,0	0,057483701672144734
577,0	0,03679450170722931
578,0	0,1313656427765445
579,0	0,041632678891150056
580,0	0,03282343695108077
581,0	0,08131277196047709
582,0	0,02474649670598244
583,0	0,014497716591454242
584,0	0,040023057925070916
585,0	0,01825476220363537
586,0	0,06331655655850488
587,0	0,09029985209672953
588,0	0,09447148409042842
589,0	0,12343628242524875
590,0	0,09343106831700894
591,0	0,03523993899682741
592,0	0,021637627655374903
593,0	0,012596054213756902
594,0	0,02877339656446891
595,0	0,07196134109046244
596,0	0,08636654035213276
597,0	0,017870776947088135
598,0	0,09732521782061779
599,0	0,04557079515313922
600,0	0,015050381749394113
601,0	0,05309413685423597
602,0	0,006333738517357959
603,0	0,034770956904383886
604,0	0,03973304316523253
605,0	0,04225800722852974
606,0	0,09217939566736923
607,0	0,08928166081416679
608,0	0,05727586344433841
609,0	0,010986279451701775
610,0	0,015473886034576771
611,0	0,0766104506460499
612,0	0,1282763879657434
613,0	0,07606538483438917
614,0	0,057588135881640475
615,0	0,04805743116255114
616,0	0,12046286192718872
617,0	0,12609181492691632
618,0	0,08439057760930059
619,0	0,03298766813698167
620,0	0,016354876377102402
621,0	0,052718714185378476
622,0	0,06600059171642958
623,0	0,06280572085413005
624,0	0,059522232107206134
625,0	0,020318680226719472
626,0	0,03456120855861671
627,0	0,021534564706086674
628,0	0,014632279964652656
629,0	0,03372243031148234
630,0	0,030198510237862315
631,0	0,061564052837306885
632,0	0,040830283643703426
633,0	0,09526903072012995
634,0	0,05530002999122638
635,0	0,0793652225316598
636,0	0,062259830885970736
637,0	0,08754684569654764
638,0	0,02595912278950401
639,0	0,011151671312705665
640,0	0,016927308166225424
641,0	0,10017808322207328
642,0	0,11399986701455087
643,0	0,10358840060140702
644,0	0,04952151875679242
645,0	0,07301688778838228
646,0	0,06741259636056908
647,0	0,08367436242478639
648,0	0,029170643968466338
649,0	0,028951851985981266
650,0	0,015007075821783535
651,0	0,05691770382233855
652,0	0,08413391038176903
653,0	0,028598331383691344
654,0	0,07726758794118956
655,0	0,042707601339774574
656,0	0,034794028073469596
657,0	0,04743532813375721
658,0	0,07549388541141942
659,0	0,0597490286687952
660,0	0,05321756124538868
661,0	0,042445568454030566
662,0	0,07744716881104723
663,0	0,06953313427313979
664,0	0,025403596179884618
665,0	0,09081867380573669
666,0	0,07422454612155913
667,0	0,08539148950956686
668,0	0,08566143781466376
669,0	0,10584034585054847
670,0	0,05004394644093639
671,0	0,041445879341251
672,0	0,07491008028464673
673,0	0,02038522072222727
674,0	0,039989810144973846
675,0	0,022650926749450018
676,0	0,04560085908769626
677,0	0,06739393655111318
678,0	0,0777700087924857
679,0	0,042084281679465964
680,0	0,05149332135726015
681,0	0,062370656884153476
682,0	0,11144132094094142
683,0	0,10173910218308577
684,0	0,05235615133641331
685,0	0,0346652763518613
686,0	0,054669634211584585
687,0	0,01141535795010824
688,0	0,030375169500041224
689,0	0,03820811987730929
690,0	0,03933280406882516
691,0	0,06857235029218668
692,0	0,04206955612199201
693,0	0,0296385491568076
694,0	0,06931577391104243
695,0	0,04145884979105233
696,0	0,13599904246150776
697,0	0,074775689504234
698,0	0,03886319440337999
699,0	0,012037625759969165
700,0	0,022586244208560133
701,0	0,06516255275835776
702,0	0,015893976078047753
703,0	0,029087939515573952
704,0	0,04833035484814888
705,0	0,06598598957986943
706,0	0,06292469300213782
707,0	0,02032181866675107
708,0	0,03764897178070875
709,0	0,06424669249909913
710,0	0,03479397908486087
711,0	0,10032791673471242
712,0	0,01637085719477392
713,0	0,06910065282841718
714,0	0,05507123345306887
715,0	0,09112238897390032
716,0	0,06434398537217492
717,0	0,04805985534698119
718,0	0,03582515088306489
719,0	0,02064479650551777
720,0	0,13224012358555007
721,0	0,13202338945455294
722,0	0,02914249391940243
723,0	0,01072807203429828
724,0	0,02412802719774148
725,0	0,01758816637462874
726,0	0,06586900743069789
727,0	0,05514420032701826
728,0	0,00355573750190872
729,0	0,09953425888833174
730,0	0,024621740223148333
731,0	0,011949050286530885
732,0	0,06351754495979667
733,0	0,08798023872733159
734,0	0,09016566255595825
735,0	0,03738723853839986
736,0	0,034892771182949915
737,0	0,05136145037566711
738,0	0,02877648994519846
739,0	0,09220757774488779
740,0	0,13861392279172788
741,0	0,06607704931407607
742,0	0,06155415664988734
743,0	0,051490158676901175
744,0	0,09376773488896717
745,0	0,060503821321658366
746,0	0,06097772070054429
747,0	0,05459666275641676
748,0	0,07806320494700993
749,0	0,11397862272081577
750,0	0,09262267711390577
751,0	0,07976189486070226
752,0	0,06718966603949544
753,0	0,10925557905756253
754,0	0,05288770772820553
755,0	0,03019826111904465
756,0	0,014156057214409993
757,0	0,05046037943515125
758,0	0,0612500453879073
759,0	0,029995711881365256
760,0	0,046147738581526265
761,0	0,012915894353653859
762,0	0,07483866162495899
763,0	0,04888458640832556
764,0	0,026350079857934857
765,0	0,03925666722258161
766,0	0,07335961890366337
767,0	0,06821071960992037
768,0	0,11392020825436648
769,0	0,06673042157413403
770,0	0,06035261605209465
771,0	0,061856599514354516
772,0	0,028442814898966138
773,0	0,08225667927982337
774,0	0,04600020040022183
775,0	0,0711353325991546
776,0	0,043232931847582146
777,0	0,07390827340258292
778,0	0,0634705900143775
779,0	0,04855993450841968
780,0	0,06764925660418794
781,0	0,07554489112381495
782,0	0,05724093569129703
783,0	0,052600670822049306
784,0	0,02943130897306092
785,0	0,0652439169366357
786,0	0,0786351244627816
787,0	0,08522037080257157
788,0	0,02424806030612672
789,0	0,04578805626212148
790,0	0,04448320103940003
791,0	0,05427553175983876
792,0	0,061599739283739685
793,0	0,09150614012166504
794,0	0,08811619115741827
795,0	0,06449258958427756
796,0	0,018843661328658345
797,0	0,016967644398873074
798,0	0,0966966067638881
799,0	0,1616286265129074
800,0	0,13567382736209524
801,0	0,08319703011375346
802,0	0,03553439764741076
803,0	0,1069267385585033
804,0	0,08687626617019333
805,0	0,0817545058850247
806,0	0,03689253704925033
807,0	0,0659087132673833
808,0	0,020165637717355165
809,0	0,0361766235338631
810,0	0,043538594538616866
811,0	0,07723924037670188
812,0	0,01515266390871542
813,0	0,04181993769432597
814,0	0,06088159153583631
815,0	0,046966169402050784
816,0	0,04575388216788439
817,0	0,01989870708631195
818,0	0,03057712298450167
819,0	0,017434344558164262
820,0	0,049570084055136764
821,0	0,0300842934135769
822,0	0,02607187890664642
823,0	0,08075736991688652
824,0	0,026673237721800417
825,0	0,06366789901267889
826,0	0,10290916690216359
827,0	0,05819228177714033
828,0	0,11484042721176396
829,0	0,09573201402832854
830,0	0,10743810916066342
831,0	0,13179405266335945
832,0	0,08174246527418437
833,0	0,057747352928044116
834,0	0,07051828578752348
835,0	0,08454908784638933
836,0	0,08735021563105658
837,0	0,13685677327004478
838,0	0,03489007942110554
839,0	0,06865138878082452
840,0	0,04584022115493731
841,0	0,025450276007019792
842,0	0,062244398230522587
843,0	0,034637429862328394
844,0	0,057210366780774145
845,0	0,07987507256024208
846,0	0,07834933346131695
847,0	0,06495940634223568
848,0	0,02062794547205389
849,0	0,021792111216905767
850,0	0,04134697328822761
851,0	0,05763712238948394
852,0	0,0407145817092948
853,0	0,09880125255048025
854,0	0,01635348316674746
855,0	0,010185988758771802
856,0	0,01930117302833976
857,0	0,10525799582457865
858,0	0,03957100082774353
859,0	0,046652230269218685
860,0	0,08742694888723798
861,0	0,06896682196763437
862,0	0,013817199189165491
863,0	0,059808373901375056
864,0	0,094567808158979
865,0	0,04892334995401446
866,0	0,032879297363346716
867,0	0,10073330247200854
868,0	0,04984410920541205
869,0	0,09895268100974132
870,0	0,09408935676136237
871,0	0,060427320951282296
872,0	0,02326627696316861
873,0	0,06951223157709076
874,0	0,043995768502118636
875,0	0,030185252099857677
876,0	0,0920123377206847
877,0	0,06201908451004151
878,0	0,03750599845632957
879,0	0,06759374240186475
880,0	0,05982944472287398
881,0	0,046803905442902076
882,0	0,06499772636911517
883,0	0,020542363129617762
884,0	0,04492542705912424
885,0	0,010717848011318814
886,0	0,04937962615234743
887,0	0,022260544844992722
888,0	0,03433277932923675
889,0	0,06715198983467041
890,0	0,10549196033649541
891,0	0,09216730491741175
892,0	0,06788032794414131
893,0	0,11303690055955158
894,0	0,048557775370368116
895,0	0,07213919069143415
896,0	0,07653750697848412
897,0	0,07539816934596907
898,0	0,03847185903637974
899,0	0,03949924019035965
900,0	0,05126795719109128
901,0	0,07245335091745558
902,0	0,0631821309201292
903,0	0,1139256052497044
904,0	0,11130196268256895
905,0	0,10393338063048799
906,0	0,06582478243334038
907,0	0,014231219346311906
908,0	0,08215138455900838
909,0	0,1313527874274819
910,0	0,10360018980194047
911,0	0,07862990502334709
912,0	0,0777756382938067
913,0	0,07041806108713307
914,0	0,08146943313196346
915,0	0,0895835276733872
916,0	0,029806385971708628
917,0	0,10875924253542714
918,0	0,05488242922890322
919,0	0,07887453322852088
920,0	0,016933468001248012
921,0	0,06109572009054247
922,0	0,0429248559065592
923,0	0,07308327946824418
924,0	0,031793803208400126
925,0	0,0582773350713275
926,0	0,058429107103702256
927,0	0,0566554702672103
928,0	0,04904541957446795
929,0	0,07363199072254771
930,0	0,037796435983144604
931,0	0,034975607688740196
932,0	0,03046756972287333
933,0	0,03527057029795682
934,0	0,09484597859825128
935,0	0,034483970125597514
936,0	0,024103728795822708
937,0	0,018973152863355595
938,0	0,024524020426366325
939,0	0,031261611241851395
940,0	0,023012908866199725
941,0	0,05797421561799479
942,0	0,03346904838145945
943,0	0,07708093165834531
944,0	0,08750447028555246
945,0	0,06497459144410377
946,0	0,06925269842898528
947,0	0,04667192841779372
948,0	0,06641791361991543
949,0	0,10135041478935453
950,0	0,0553926401408017
951,0	0,09179139709571023
952,0	0,0564194283133436
953,0	0,03872886879342125
954,0	0,08985020817051732
955,0	0,06398477277973869
956,0	0,030137545699780208
957,0	0,029781917945680487
958,0	0,045599903335692166
959,0	0,04787102490887317
960,0	0,04146626807135214
961,0	0,021171273796630558
962,0	0,07638161978056744
963,0	0,026227755357232516
964,0	0,025279512452761263
965,0	0,06513499082285627
966,0	0,09410012567704198
967,0	0,07269102196095623
968,0	0,0653273729340538
969,0	0,032372613705647514
970,0	0,07451553934950758
971,0	0,1063669340210321
972,0	0,054154805475361945
973,0	0,03904359125478099
974,0	0,034026009482244046
975,0	0,019129993669442003
976,0	0,06275178117882274
977,0	0,022043161788882288
978,0	0,008865580579198293
979,0	0,07007796406523445
980,0	0,037792368801713515
981,0	0,043060201126882906
982,0	0,023698794144828624
983,0	0,04211387446258193
984,0	0,043654555755778014
985,0	0,06429040807544582
986,0	0,020176654030326223
987,0	0,0010642638378525464
988,0	0,08020788769780393
989,0	0,07519797142007768
990,0	0,09702675938029022
991,0	0,07554450116922783
992,0	0,024643300267253625
993,0	0,02590408617277687
994,0	0,04439764936044179
995,0	0,039996666747062544
996,0	0,013453739769482737
997,0	0,02981237528855848
998,0	0,07835640247909065
999,0	0,08179133381027169
1000,0	0,07568985903206105
1001,0	0,06887906895319985
1002,0	0,07283979331753655
1003,0	0,01587102783917168
1004,0	0,06699549504183187
1005,0	0,026103528402087454
1006,0	0,04675774065453979
1007,0	0,08093065163049971
1008,0	0,09883959704811156
1009,0	0,0915276850235779
1010,0	0,0727313544071185
1011,0	0,0390555017215415
1012,0	0,0547603117067253
1013,0	0,02550322406720287
1014,0	0,06407470049742368
1015,0	0,031954244840263914
1016,0	0,006180732002744063
1017,0	0,04486283538587646
1018,0	0,11209555651906518
1019,0	0,07684954914954191
1020,0	0,055805835668141617
1021,0	0,04865393934439732
1022,0	0,08566201780989827
1023,0	0,05533847751309535
1024,0	0,08950935535296514
1025,0	0,03477357631205482
1026,0	0,0162133445532309
1027,0	0,11432595354426582
1028,0	0,01907804482893184
1029,0	0,020833683841187934
1030,0	0,06951762211015146
1031,0	0,027747921738481177
1032,0	0,06887040203416675
1033,0	0,04915739176991447
1034,0	0,10202819067708821
1035,0	0,03668485816165638
1036,0	0,03195665568418602
1037,0	0,008914240190941941
1038,0	0,022066567882383478
1039,0	0,0620652575587712
1040,0	0,07946462083034951
1041,0	0,017010662549997523
1042,0	0,034039756307988646
1043,0	0,04025544141588572
1044,0	0,06831596479679507
1045,0	0,05822086356383094
1046,0	0,0711098652690383
1047,0	0,02469956139402506
1048,0	0,010851900142938459
1049,0	0,05220818021554099
1050,0	0,07551545835572576
1051,0	0,037024765132242475
1052,0	0,027741334748773803
1053,0	0,025651548148166586
1054,0	0,030827115980232182
1055,0	0,030372072202658976
1056,0	0,026349525414069448
1057,0	0,021379266224108608
1058,0	0,06203177588951261
1059,0	0,044422174496511674
1060,0	0,10622185065973097
1061,0	0,08672837652486297
1062,0	0,01125706791296187
1063,0	0,013301787386842205
1064,0	0,01130739195547104
1065,0	0,032401372172539654
1066,0	0,029750154897468992
1067,0	0,035192479035064436
1068,0	0,053826720847559066
1069,0	0,04909963760936887
1070,0	0,0463589083321613
1071,0	0,022465516708243292
1072,0	0,010518607195247174
1073,0	0,05061939802022998
1074,0	0,016725092360958965
1075,0	0,05686202625457996
1076,0	0,043199949973352816
1077,0	0,032656578368252545
1078,0	0,03911057931797408
1079,0	0,07128348529684853
1080,0	0,05659743461051974
1081,0	0,04119439177876966
1082,0	0,0689224111184042
1083,0	0,028066749562085345
1084,0	0,09444746496422103
1085,0	0,0362076599177006
1086,0	0,0182532973497056
1087,0	0,03580122141341101
1088,0	0,017065502241940405
1089,0	0,042639692554208755
1090,0	0,034055632335748015
1091,0	0,02556046234978067
1092,0	0,049542301860999616
1093,0	0,041469401292580345
1094,0	0,007978327137224355
1095,0	0,0459424162176216
1096,0	0,06594642029756169
1097,0	0,07212216111447786
1098,0	0,04948210337696047
1099,0	0,040844670833771704
1100,0	0,07652113742255548
1101,0	0,06362192443411609
1102,0	0,050464525711755075
1103,0	0,13954442135818412
1104,0	0,0862414750053001
1105,0	0,04797401694608819
1106,0	0,018787081440473176
1107,0	0,04437324174560094
1108,0	0,022805845796690438
1109,0	0,03618367695591598
1110,0	0,06351640169165139
1111,0	0,03897077824935673
1112,0	0,04640541588742752
1113,0	0,01416309574004158
1114,0	0,04219712469983734
1115,0	0,07125292466820177
1116,0	0,021119835363415666
1117,0	0,06709326343709267
1118,0	0,034300683901828034
1119,0	0,052205830623457246
1120,0	0,046340115103923316
1121,0	0,07228340264766335
1122,0	0,08669735897383828
1123,0	0,06748846510988962
1124,0	0,03341948461847029
1125,0	0,04669239468252924
1126,0	0,083028215940681
1127,0	0,049288176370690655
1128,0	0,06602773964044913
1129,0	0,0494197796905039
1130,0	0,08662138720244072
1131,0	0,05141018564572526
1132,0	0,08807882713619519
1133,0	0,015643890581480607
1134,0	0,01636257622947811
1135,0	0,07688541309664551
1136,0	0,06177905685166783
1137,0	0,04438071325994181
1138,0	0,0577726062175493
1139,0	0,10235893166825007
1140,0	0,07789936662135356
1141,0	0,06987965022322364
1142,0	0,07117336973155484
1143,0	0,07123028824473265
1144,0	0,08446944799321116
1145,0	0,01716600568204815
1146,0	0,03607355671229917
1147,0	0,09034768790870722
1148,0	0,08226214463629027
1149,0	0,05711288936459913
1150,0	0,07201094393182746
1151,0	0,026216926715642172
1152,0	0,03933531571610808
1153,0	0,05605662611651342
1154,0	0,07168805993472582
1155,0	0,05304846826265645
1156,0	0,02023425563967227
1157,0	0,047515145673452955
1158,0	0,05670215512354856
1159,0	0,0582246207075877
1160,0	0,04125020864536917
1161,0	0,02852744490587073
1162,0	0,03223579885416275
1163,0	0,03983923125870661
1164,0	0,08573572350236165
1165,0	0,059316513646090196
1166,0	0,0490980162046445
1167,0	0,07752744976420715
1168,0	0,03712239288457198
1169,0	0,07720145466884953
1170,0	0,07545599227133254
1171,0	0,07074592552286205
1172,0	0,07046041576654406
1173,0	0,05575423277512723
1174,0	0,040609353267903756
1175,0	0,05581465558859467
1176,0	0,023666430589503684
1177,0	0,021205036646429188
1178,0	0,04864298071446424
1179,0	0,026863004535288577
1180,0	0,06539992221236296
1181,0	0,047613409664715306
1182,0	0,051811115361423604
1183,0	0,05075123858273701
1184,0	0,030276025857117878
1185,0	0,042908818115206075
1186,0	0,02932081975152105
1187,0	0,05261484361853961
1188,0	0,15991886198784522
1189,0	0,05064464640752139
1190,0	0,03742809869077919
1191,0	0,04138749896774209
1192,0	0,05717424953219404
1193,0	0,08779600124667675
1194,0	0,01027377200283965
1195,0	0,03262306413110461
1196,0	0,050190808447233747
1197,0	0,11630462816545957
1198,0	0,0740339278610619
1199,0	0,07202876533357633
1200,0	0,0664607816890763
1201,0	0,05194693203887439
1202,0	0,050047642868162975
1203,0	0,04993610900257449
1204,0	0,03841585837073477
1205,0	0,043094005098449246
1206,0	0,038988970022728296
1207,0	0,01968171471507065
1208,0	0,044564729891324664
1209,0	0,056792979654250654
1210,0	0,04594659821562551
1211,0	0,06016194778995372
1212,0	0,052099587841838636
1213,0	0,018486296254880717
1214,0	0,008305778116467296
1215,0	0,020217595022905665
1216,0	0,08311034983202062
1217,0	0,07894339257537097
1218,0	0,040785963357616126
1219,0	0,058670591561228065
1220,0	0,018262119882496045
1221,0	0,0686483905019859
1222,0	0,032350870117978735
1223,0	0,03516676912193448
1224,0	0,06056289251609499
1225,0	0,012157985104483729
1226,0	0,040517340598514404
1227,0	0,02623731101632366
1228,0	0,056280407694220214
1229,0	0,04557618849879678
1230,0	0,026256421526630293
1231,0	0,01720522433947018
1232,0	0,11145127243133442
1233,0	0,04505452186565607
1234,0	0,04619162727173369
1235,0	0,06213749690345449
1236,0	0,034955288882374876
1237,0	0,03475238644442605
1238,0	0,0252145451132654
1239,0	0,09367713643668552
1240,0	0,030567815610076588
1241,0	0,07735887191221959
1242,0	0,0833891990863473
1243,0	0,07195137089308899
1244,0	0,05040115218790086
1245,0	0,0691649935269038
1246,0	0,1079560567951313
1247,0	0,06915036746230455
1248,0	0,023921587607836824
1249,0	0,03497658290360083
1250,0	0,017535622448742443
1251,0	0,051724007096990904
1252,0	0,023083932823341327
1253,0	0,008801766455730076
1254,0	0,023401683851573978
1255,0	0,01881466565089319
1256,0	0,04501406122903392
1257,0	0,008147080917599327
1258,0	0,0870751805442361
1259,0	0,055169513159785154
1260,0	0,024548028224494887
1261,0	0,10353026901439266
1262,0	0,060106380469269756
1263,0	0,09140590988452406
1264,0	0,07416067847270699
1265,0	0,06147040006006815
1266,0	0,0719228101219386
1267,0	0,06197105968127668
1268,0	0,00640508450824359
1269,0	0,03519733528932685
1270,0	0,014167787012347785
1271,0	0,05391205884094341
1272,0	0,04915696743028588
1273,0	0,03228490462205073
1274,0	0,03137150441581767
1275,0	0,13053999430142144
1276,0	0,02776146718844938
1277,0	0,03159075586981827
1278,0	0,0659877399486589
1279,0	0,014211579249349612
1280,0	0,09616200625157444
1281,0	0,016697240238683554
1282,0	0,04705511882301659
1283,0	0,0761488744980929
1284,0	0,06792811328396514
1285,0	0,038122245042283745
1286,0	0,09035328153770807
1287,0	0,0647305900742898
1288,0	0,021801701764300446
1289,0	0,06486512273870812
1290,0	0,05317893098155379
1291,0	0,05702468794853665
1292,0	0,1403099125250431
1293,0	0,022508697356367072
1294,0	0,054385131219796275
1295,0	0,12896268402750766
1296,0	0,09192915031334634
1297,0	0,05205595537471565
1298,0	0,05044435645844058
1299,0	0,08110197765547736
1300,0	0,05101489483244163
1301,0	0,0417728447687418
1302,0	0,04412268942540675
1303,0	0,10598129801773538
1304,0	0,049340032739803356
1305,0	0,012120973658163697
1306,0	0,023719555050158485
1307,0	0,033872948858473674
1308,0	0,1362681324083905
1309,0	0,08834207724857598
1310,0	0,11008352046434867
1311,0	0,036498564601764226
1312,0	0,08696809490772547
1313,0	0,050021129395022686
1314,0	0,059369881790773744
1315,0	0,0738134189113517
1316,0	0,06099844960036349
1317,0	0,05140403719129328
1318,0	0,036111863027252486
1319,0	0,0800377043156735
1320,0	0,0476599538008182
1321,0	0,11938068570351285
1322,0	0,05265141484220148
1323,0	0,03356143224688881
1324,0	0,03379049772110297
1325,0	0,031582189258346646
1326,0	0,08781848770002115
1327,0	0,10670794859098466
1328,0	0,09718107504619676
1329,0	0,05822753204896645
1330,0	0,07934396910586446
1331,0	0,14984675259283195
1332,0	0,0592290632218642
1333,0	0,0462752990589966
1334,0	0,04469884634811774
1335,0	0,11138058879835853
1336,0	0,13907702186983045
1337,0	0,05387528381263877
1338,0	0,04250230792326119
1339,0	0,03117858527975987
1340,0	0,014986526173703909
1341,0	0,07076917897523322
1342,0	0,11051476606667068
1343,0	0,08544497826072821
1344,0	0,032432280234308164
1345,0	0,041372608951720014
1346,0	0,04216547624186388
1347,0	0,07073669035587507
1348,0	0,060397525467355564
1349,0	0,04156059015800502
1350,0	0,024254436358926525
1351,0	0,046339331527871085
1352,0	0,048916754472657885
1353,0	0,09098286776389919
1354,0	0,05148548374592332
1355,0	0,04459122338875832
1356,0	0,029896194341256496
1357,0	0,034828200714956896
1358,0	0,052840147415619924
1359,0	0,05423333372952758
1360,0	0,03336225526212468
1361,0	0,031845265296329237
1362,0	0,07903421149511901
1363,0	0,0875381205518368
1364,0	0,09594101817067542
1365,0	0,07755033461969107
1366,0	0,031961714424362145
1367,0	0,017126777370042583
1368,0	0,03396010397437276
1369,0	0,0316440414841682
1370,0	0,044294782605460895
1371,0	0,0471169673596007
1372,0	0,024945037634460626
1373,0	0,04695074526175015
1374,0	9,956210796595241E-4
1375,0	0,05385671382973159
1376,0	0,06021101000352413
1377,0	0,06835266603555593
1378,0	0,09235400422053087
1379,0	0,027420091072091656
1380,0	0,048167544909059015
1381,0	0,02697293562635319
1382,0	0,0471731917198335
1383,0	0,04984189382481192
1384,0	0,04810282421153027
1385,0	0,10991507137404703
1386,0	0,06777512115023362
1387,0	0,06913784262675861
1388,0	0,07301161450013499
1389,0	0,04713748165943251
1390,0	0,07155499225446635
1391,0	0,06124049387474146
1392,0	0,07722479713651373
1393,0	0,12311724454106496
1394,0	0,04893543557519924
1395,0	0,0207421101495494
1396,0	0,06295861347782779
1397,0	0,08121059979669118
1398,0	0,046576304181836455
1399,0	0,07686500947163839
1400,0	0,09084981237074206
1401,0	0,003465026876644446
1402,0	0,04931827025121021
1403,0	0,06366801833564989
1404,0	0,050169207842786674
1405,0	0,027701213483980417
1406,0	0,03836827113602239
1407,0	0,031021256304342812
1408,0	0,061749521790970076
1409,0	0,030518468462209968
1410,0	0,04394736438275912
1411,0	0,045187610238608705
1412,0	0,1230629080944392
1413,0	0,047651939117780324
1414,0	0,021076638816580555
1415,0	0,06764232185870914
1416,0	0,05651304452502382
1417,0	0,025275654005373533
1418,0	0,04135894798413744
1419,0	0,04621069919444257
1420,0	0,13486194800674825
1421,0	0,05141795776147541
1422,0	0,025571247901972568
1423,0	0,020024117180284316
1424,0	0,0712602177406552
1425,0	0,10373501710622335
1426,0	0,03577850584229751
1427,0	0,056956590347469645
1428,0	0,06723773522186406
1429,0	0,028505535382939803
1430,0	0,044315887271705164
1431,0	0,014743191280645135
1432,0	0,05557855360290956
1433,0	0,08024953391406392
1434,0	0,07890621311413717
1435,0	0,060299086358079075
1436,0	0,028972851558832186
1437,0	0,02480384777774324
1438,0	0,03829275569132329
1439,0	0,06055565593209625
1440,0	0,09154078582089192
1441,0	0,06522373150209637
1442,0	0,045964194408986137
1443,0	0,05943432239094186
1444,0	0,06849012218042368
1445,0	0,01721007856797454
1446,0	0,012410741063259956
1447,0	0,04215094517840126
1448,0	0,054240485230258456
1449,0	0,029244583592524485
1450,0	0,054190449740421205
1451,0	0,02527818866933608
1452,0	0,08249822551708813
1453,0	0,09433606701970866
1454,0	0,039990947602760535
1455,0	0,08792398045814667
1456,0	0,08277899357078403
1457,0	0,011199451075243902
1458,0	0,037549235806417315
1459,0	0,055590181708786574
1460,0	0,014323603009181266
1461,0	0,047070824806323845
1462,0	0,06023620411432454
1463,0	0,0989479144937659
1464,0	0,07874148717396282
1465,0	0,04217350252390947
1466,0	0,02427736754983217
1467,0	0,12364534005635243
1468,0	0,04919533501799413
1469,0	0,05953996930985762
1470,0	0,03134475356344688
1471,0	0,08166072711285301
1472,0	0,08867320888713695
1473,0	0,0768523163946915
1474,0	0,04249481150279251
1475,0	0,07356668354513252
1476,0	0,044333770835101455
1477,0	0,07170435970768023
1478,0	0,08641815071709455
1479,0	0,08325180356507865
1480,0	0,03186791517721501
1481,0	0,059412939408996585
1482,0	0,12646159154254918
1483,0	0,139320072670945
1484,0	0,08567004186976244
1485,0	0,16374172630184802
1486,0	0,08282896206948243
1487,0	0,09141723526278656
1488,0	0,059023768732586884
1489,0	0,09032566686650258
1490,0	0,052790509141134825
1491,0	0,028745796570593053
1492,0	0,08250965473272946
1493,0	0,09449777541549198
1494,0	0,10985424685418496
1495,0	0,0961200960045843
1496,0	0,13277302398209342
1497,0	0,021574156465521663
1498,0	0,029122129364385033
1499,0	0,05498657733327942
1500,0	0,04731223026752713
1501,0	0,057733208947333796
1502,0	0,05564846008935528
1503,0	0,06425892222869527
1504,0	0,07525668353715287
1505,0	0,08133217257256854
1506,0	0,04962914945322868
1507,0	0,08306813861708778
1508,0	0,0685648968220158
1509,0	0,03806162792181287
1510,0	0,01372305451134453
1511,0	0,04066291599082767
1512,0	0,03641132262852314
1513,0	0,0684358848217843
1514,0	0,023509137295803097
1515,0	0,07946996378426474
1516,0	0,013431121216289898
1517,0	0,06136159202740109
1518,0	0,019483794271256245
1519,0	0,028651797679044754
1520,0	0,05024558132021041
1521,0	0,05255860375517227
1522,0	0,0778879245151196
1523,0	0,022725370617419617
1524,0	0,08954429249127804
1525,0	0,10366131433224991
1526,0	0,050830135315377944
1527,0	0,01924455939419862
1528,0	0,012045827774913682
1529,0	0,051504452570156595
1530,0	0,02439247335076529
1531,0	0,035810961870884984
1532,0	0,03699164019419666
1533,0	0,02565065999508837
1534,0	0,11524753160502454
1535,0	0,07481548351259872
1536,0	0,13745264000691015
1537,0	0,08292027647306903
1538,0	0,07833179320413927
1539,0	0,1214529073465492
1540,0	0,050354933395707874
1541,0	0,04656531277533465
1542,0	0,03579239033675254
1543,0	0,004773898287076618
1544,0	0,04315946636219293
1545,0	0,08215665520882282
1546,0	0,009195843524719223
1547,0	0,04692237104763772
1548,0	0,04979261725430098
1549,0	0,1182123090303024
1550,0	0,1069112713447629
1551,0	0,1053553040229684
1552,0	0,10170502252807126
1553,0	0,027377137175341033
1554,0	0,08377233438362015
1555,0	0,07658324049153328
1556,0	0,07056616999578322
1557,0	0,06109745294043428
1558,0	0,04090879830994187
1559,0	0,06347655309564514
1560,0	0,05974267347567981
1561,0	0,09190745745893013
1562,0	0,13349596141287792
1563,0	0,05176281730517415
1564,0	0,05242137812420604
1565,0	0,036379495555296786
1566,0	0,06666404574545269
1567,0	0,09847684072910419
1568,0	0,04255667568975644
1569,0	0,0658927596319134
1570,0	0,1007110533527572
1571,0	0,07435266866015776
1572,0	0,036657717191177275
1573,0	0,05759741843140621
1574,0	0,07952682718572548
1575,0	0,06315562002516631
1576,0	0,02586919082960469
1577,0	0,04742367576084734
1578,0	0,04838632994173359
1579,0	0,07277090701605421
1580,0	0,126490815305627
1581,0	0,10251549047881928
1582,0	0,08642623298398766
1583,0	0,062343948126092515
1584,0	0,045470692574064296
1585,0	0,08056847294807387
1586,0	0,08122710810537286
1587,0	0,0774745689470202
1588,0	0,08236458563531764
1589,0	0,05315876658679044
1590,0	0,03610368731409011
1591,0	0,04514757026563383
1592,0	0,04767370696692532
1593,0	0,06349578850349435
1594,0	0,03874793811859348
1595,0	0,02345009125372268
1596,0	0,10087742078054478
1597,0	0,03291292508588983
1598,0	0,0514692759624705
1599,0	0,10644033362217474
1600,0	0,028624788531018918
1601,0	0,06152001589042007
1602,0	0,04655635046829172
1603,0	0,03441660073258408
1604,0	0,033545144381952864
1605,0	0,01765182727183533
1606,0	0,06755905250721778
1607,0	0,04254021550665399
1608,0	0,1174828769388058
1609,0	0,04530374171088611
1610,0	0,08059612216707489
1611,0	0,08056069752065657
1612,0	0,1161316710375604
1613,0	0,13226776179441646
1614,0	0,04161108886770793
1615,0	0,053750278811205386
1616,0	0,07184818189608722
1617,0	0,054289804245623415
1618,0	0,04318441787577864
1619,0	0,04126785969708895
1620,0	0,07380395803445737
1621,0	0,08488695412054617
1622,0	0,05464689270234833
1623,0	0,03706351669412646
1624,0	0,015424121507700521
1625,0	0,08384916450375807
1626,0	0,01288668854218252
1627,0	0,032494488242717945
1628,0	0,10159897510324734
1629,0	0,01829328909957834
1630,0	0,08142811544112004
1631,0	0,020948713759015882
1632,0	0,07701411174184254
1633,0	0,09109771885096159
1634,0	0,047503965292783376
1635,0	0,023794092697255815
1636,0	0,06829440175359207
1637,0	0,049315387663821306
1638,0	0,08524490407212112
1639,0	0,04642312037867808
1640,0	0,03594581489717934
1641,0	0,09264795747117008
1642,0	0,042661769646645996
1643,0	0,027916352916835568
1644,0	0,11720466645266046
1645,0	0,14454848033317164
1646,0	0,0714169156926201
1647,0	0,019280773163645102
1648,0	0,0661075714323076
1649,0	0,030053196555963436
1650,0	0,06416957112620575
1651,0	0,06579829533054345
1652,0	0,04323170917625082
1653,0	0,05937351198299518
1654,0	0,062016702858939704
1655,0	0,02133022383629862
1656,0	0,06270745480882077
1657,0	0,05521222230631101
1658,0	0,06484487982435407
1659,0	0,017458478200606694
1660,0	0,03941232780693474
1661,0	0,04642025715877636
1662,0	0,11296001626406998
1663,0	0,06891786840475214
1664,0	0,07523450715724098
1665,0	0,08225692980522856
1666,0	0,03968371700892162
1667,0	0,058717130622177365
1668,0	0,1004318853357131
1669,0	0,1002392144244147
1670,0	0,13575333326923297
1671,0	0,08259706577725393
1672,0	0,0613071762747768
1673,0	0,06090267073633196
1674,0	0,014178686737455063
1675,0	0,03462970553951197
1676,0	0,03760353360541547
1677,0	0,0634059620147505
1678,0	0,05956305143981053
1679,0	0,05519076792707487
1680,0	0,15441416261473787
1681,0	0,03667879749815937
1682,0	0,018674001917763815
1683,0	0,04783930337416955
1684,0	0,05485141157166796
1685,0	0,014702101103840086
1686,0	0,03509883274005892
1687,0	0,03615181326782308
1688,0	0,09030688824167954
1689,0	0,046587300203856416
1690,0	0,05784129171010472
1691,0	0,028753281885390496
1692,0	0,0199746042763667
1693,0	0,04508155195736773
1694,0	0,040263039349004055
1695,0	0,06901912818267743
1696,0	0,0701657434512663
1697,0	0,05511584600701376
1698,0	0,08202099150592619
1699,0	0,13028507833190897
1700,0	0,08436459867538922
1701,0	0,05203766174873391
1702,0	0,06420860047980374
1703,0	0,039062629394523304
1704,0	0,011825351600420983
1705,0	0,06947759471387253
1706,0	0,056263204713305204
1707,0	0,055049271606531947
1708,0	0,08511024206084788
1709,0	0,05558959574693194
1710,0	0,021956021807780068
1711,0	0,09035474551929051
1712,0	0,021764949045872662
1713,0	0,026652696007658083
1714,0	0,08835301169728825
1715,0	0,037950188493205556
1716,0	0,023781804649912076
1717,0	0,05886156781964032
1718,0	0,059168562833999884
1719,0	0,0922886154252044
1720,0	0,04678745825767761
1721,0	0,029711434784652404
1722,0	0,04099478276244248
1723,0	0,047727459849820894
1724,0	0,08368868974738895
1725,0	0,03838059557111055
1726,0	0,056664042082333076
1727,0	0,10312413967452551
1728,0	0,02148397984115176
1729,0	0,017498225371142862
1730,0	0,04417631561711482
1731,0	0,0964615853222776
1732,0	0,13277838387375815
1733,0	0,08186671517221336
1734,0	0,015275476943138886
1735,0	0,0776028415063561
1736,0	0,05071761915750939
1737,0	0,038437933883661346
1738,0	0,015722612605303114
1739,0	0,07698625941755093
1740,0	0,028889107322432703
1741,0	0,06606321634229745
1742,0	0,08066581135159384
1743,0	0,1002063027224258
1744,0	0,05591438716359634
1745,0	0,10242449354823828
1746,0	0,06473070912458008
1747,0	0,021430225544715357
1748,0	0,02977491427360819
1749,0	0,0863765141324636
1750,0	0,005916219548750119
1751,0	0,026448016087348987
1752,0	0,03649082218679657
1753,0	0,021962133878209392
1754,0	0,03833912038245202
1755,0	0,018070886499093834
1756,0	0,08230349607064029
1757,0	0,09891944409977343
1758,0	0,05473533270248357
1759,0	0,05029259644658768
1760,0	0,0717263500100833
1761,0	0,061761256146806574
1762,0	0,0874735965464326
1763,0	0,06375973236103485
1764,0	0,05444330575791099
1765,0	0,01961571955438088
1766,0	0,06645181301067363
1767,0	0,06629694172401418
1768,0	0,08217087307173249
1769,0	0,05557664294969083
1770,0	0,06090795816026854
1771,0	0,03715078327908622
1772,0	0,08686205435810411
1773,0	0,09415137544460687
1774,0	0,05178570431527863
1775,0	0,018009339356752117
1776,0	0,030415496053298786
1777,0	0,06507140820598342
1778,0	0,05182258296585639
1779,0	0,04352298077828229
1780,0	0,06298557679771934
1781,0	0,035373298003406065
1782,0	0,0483385362993548
1783,0	0,04419434685440997
1784,0	0,0861528999798023
1785,0	0,08425292902091845
1786,0	0,09191052642445723
1787,0	0,04394882936065277
1788,0	0,09409174313892926
1789,0	0,04120008278276842
1790,0	0,0749659336193501
1791,0	0,11395777550167918
1792,0	0,11327810483196461
1793,0	0,10803373453943058
1794,0	0,09957743240512915
1795,0	0,0805548954641018
1796,0	0,025218068030640892
1797,0	0,04949844335965404
1798,0	0,034799792581240115
1799,0	0,05828040432308432
1800,0	0,04776276455166708
1801,0	0,04174707131264352
1802,0	0,047791699612956186
1803,0	0,12304205313530568
1804,0	0,06970954769796342
1805,0	0,014333419385981244
1806,0	0,024650408290522854
1807,0	0,030621691881578
1808,0	0,0758898955530701
1809,0	0,05570241415687591
1810,0	0,06443075214033353
1811,0	0,10617922856508845
1812,0	0,0049427072632868465
1813,0	0,07562207589580114
1814,0	0,0705030374985661
1815,0	0,05577141078976031
1816,0	0,060283024307528535
1817,0	0,03557016884469147
1818,0	0,0488534548837707
1819,0	0,04052607111740483
1820,0	0,10049299326157328
1821,0	0,08538290725657319
1822,0	0,04731205634352227
1823,0	0,08851418722977285
1824,0	0,029089120129298363
1825,0	0,006651133752346045
1826,0	0,030090047830659744
1827,0	0,10432582852104899
1828,0	0,12036087738051056
1829,0	0,0593743151239739
1830,0	0,04571093839157695
1831,0	0,019615042767911206
1832,0	0,07342375595976024
1833,0	0,08419271727351718
1834,0	0,1419824453550078
1835,0	0,09890927475444146
1836,0	0,08166290439325996
1837,0	0,06339231570671855
1838,0	0,05811613367568132
1839,0	0,05155180213586222
1840,0	0,0029583900330356276
1841,0	0,04454101992177343
1842,0	0,024017541970038928
1843,0	0,033762128748327264
1844,0	0,027946907037705374
1845,0	0,019939770263979202
1846,0	0,04131521137711836
1847,0	0,05157253825800882
1848,0	0,023343101223789776
1849,0	0,07558221878772857
1850,0	0,03774358212518582
1851,0	0,030906716209146867
1852,0	0,013174539103845615
1853,0	0,03345388915803881
1854,0	0,03230327758260472
1855,0	0,05431264418923438
1856,0	0,12673831066919075
1857,0	0,10587125039477269
1858,0	0,10970216039756302
1859,0	0,05427173055518755
1860,0	0,08000693746088525
1861,0	0,06888934978047398
1862,0	0,05629728991083803
1863,0	0,03973134430539699
1864,0	0,008462877365367369
1865,0	0,05677970293079626
1866,0	0,0157689840291769
1867,0	0,12094836800401884
1868,0	0,13776849262951976
1869,0	0,10316237222286852
1870,0	0,08535812233429733
1871,0	0,022398987829586155
1872,0	0,026147829226251026
1873,0	0,07902066128201773
1874,0	0,039484464595441644
1875,0	0,0611042626584234
1876,0	0,01862200764305849
1877,0	0,029896141313894037
1878,0	0,04977190749925409
1879,0	0,01234105865476051
1880,0	0,045710931378669585
1881,0	0,13272195105972406
1882,0	0,05746751493397633
1883,0	0,02928860298413445
1884,0	0,047765685654307395
1885,0	0,06197670861052122
1886,0	0,08018315512409013
1887,0	0,14905382841110576
1888,0	0,04363592351387017
1889,0	0,037584636019881046
1890,0	0,04885881253030132
1891,0	0,034937197139120274
1892,0	0,017521278921699104
1893,0	0,027079467405871867
1894,0	0,08648847801686421
1895,0	0,06052950594731911
1896,0	0,10768042296690673
1897,0	0,09621427052582684
1898,0	0,12989977928406488
1899,0	0,08479821554548914
1900,0	0,100226403969526
1901,0	0,07383338673408044
1902,0	0,06796244293717515
1903,0	0,06188124440525402
1904,0	0,06034658251422684
1905,0	0,033260969392402216
1906,0	0,02348895896448697
1907,0	0,07150227233880939
1908,0	0,02599229349614887
1909,0	0,06981814120754823
1910,0	0,065579530791892
1911,0	0,007017518357384979
1912,0	0,0378875678901432
1913,0	0,0738488509447579
1914,0	0,012542535885056164
1915,0	0,0667420096394547
1916,0	0,06517476772311376
1917,0	0,05012807576718994
1918,0	0,058804847284771485
1919,0	0,060103626489544766
1920,0	0,05608607077099361
1921,0	0,05400193918809807
1922,0	0,029402394979358048
1923,0	0,03497609251392956
1924,0	0,04644309727416939
1925,0	0,07126364797351556
1926,0	0,020839798809291186
1927,0	0,04487315950511538
1928,0	0,03633376030150033
1929,0	0,0057170091548979845
1930,0	0,01710942895063572
1931,0	0,06006446803840859
1932,0	0,08711166753071153
1933,0	0,10165529895285481
1934,0	0,04436772762407368
1935,0	0,06998159045068851
1936,0	0,043776272991878445
1937,0	0,03281901541201775
1938,0	0,04901508710005282
1939,0	0,03429209690297015
1940,0	0,0643787661039064
1941,0	0,05387174942811849
1942,0	0,004961460767461171
1943,0	0,08788385582355841
1944,0	0,039239205418530196
1945,0	0,01280814627602101
1946,0	0,016397481369032883
1947,0	0,015838888521617342
1948,0	0,07620910967000537
1949,0	0,011394365780996207
1950,0	0,07857785859931887
1951,0	0,03788454942087904
1952,0	0,07835639510847445
1953,0	0,062112152397126676
1954,0	0,08701919982798248
1955,0	0,03943194233495096
1956,0	0,06804204303410771
1957,0	0,038384978038168406
1958,0	0,047333096088014295
1959,0	0,038462403405352764
1960,0	0,032614609021352985
1961,0	0,043061395883232205
1962,0	0,06729415035286176
1963,0	0,019351368774833594
1964,0	0,04639342897944081
1965,0	0,07999627279867683
1966,0	0,03445659873897713
1967,0	0,05018067913981095
1968,0	0,026295095235904627
1969,0	0,040178666498694886
1970,0	0,054893462635888665
1971,0	0,08949726325848359
1972,0	0,06444245209399169
1973,0	0,06417434423069658
1974,0	0,06313471428178626
1975,0	0,03743854000433487
1976,0	0,034832587897988994
1977,0	0,030597208593729365
1978,0	0,030419390543148548
1979,0	0,02728066472568449
1980,0	0,02828281659011733
1981,0	0,021141424864730113
1982,0	0,02850148588434319
1983,0	0,01020110092283314
1984,0	0,023530430270280105
1985,0	0,02991155582764583
1986,0	0,08311276843940897
1987,0	0,10195171159111552
1988,0	0,05772690465475504
1989,0	0,019297621264128668
1990,0	0,03711941079638692
1991,0	0,04497343616220357
1992,0	0,04780434660042196
1993,0	0,0514301357962343
1994,0	0,04537135120674449
1995,0	0,038689625576397324
1996,0	0,053725600783361596
1997,0	0,01212691857750421
1998,0	0,05429255385836807
1999,0	0,044570721930026355
2000,0	0,07529520341861747
